'*',    13,     3,     4,     0,     5,     5,    46,     2
'OMNIDIRECTIONAL FLUENCE ANALYSIS'
'MULASSIS ml-v01-19'
'geant4-09-02-ref-00 (19-December-2008)'
'FLU_BDY', 1, 2, ' '
'FLU_PAR, -1, proton  '
'FLU_AMN', 1, 0., 'deg'
'FLU_AMX', 1, 90., 'deg'
'Elo','keV', 1, ' Lower edge of energy    bin '
'Eup','keV', 1, ' Upper edge of energy    bin '
'Emean','keV', 1, ' Mean energy of bin '
'Value','particles/cm2/bin',1,             'Fluence/flux'
'Error','particles/cm2/bin',1,'Error in   fluence/flux'
  0.000000E+00,   4.000000E+01,   2.000000E+01,   3.207508E+05,   0.000000E+00
  4.000000E+01,   1.000000E+02,   7.000000E+01,   4.811263E+05,   0.000000E+00
  1.000000E+02,   2.000000E+02,   1.500000E+02,   8.018771E+05,   0.000000E+00
  2.000000E+02,   3.000000E+02,   2.500000E+02,   8.018771E+05,   0.000000E+00
  3.000000E+02,   4.000000E+02,   3.500000E+02,   8.018771E+05,   0.000000E+00
  4.000000E+02,   5.000000E+02,   4.500000E+02,   8.018771E+05,   0.000000E+00
  5.000000E+02,   6.000000E+02,   5.500000E+02,   8.261164E+05,   0.000000E+00
  6.000000E+02,   7.000000E+02,   6.500000E+02,   9.657623E+05,   0.000000E+00
  7.000000E+02,   8.000000E+02,   7.500000E+02,   9.657623E+05,   0.000000E+00
  8.000000E+02,   1.000000E+03,   9.000000E+02,   2.196754E+06,   0.000000E+00
  1.000000E+03,   1.250000E+03,   1.125000E+03,   3.195494E+06,   0.000000E+00
  1.250000E+03,   1.500000E+03,   1.375000E+03,   3.811938E+06,   0.000000E+00
  1.500000E+03,   1.750000E+03,   1.625000E+03,   4.189178E+06,   0.000000E+00
  1.750000E+03,   2.000000E+03,   1.875000E+03,   4.914725E+06,   0.000000E+00
  2.000000E+03,   2.250000E+03,   2.125000E+03,   5.192923E+06,   0.000000E+00
  2.250000E+03,   2.500000E+03,   2.375000E+03,   5.699974E+06,   0.000000E+00
  2.500000E+03,   2.750000E+03,   2.625000E+03,   6.426069E+06,   0.000000E+00
  2.750000E+03,   3.000000E+03,   2.875000E+03,   6.690575E+06,   0.000000E+00
  3.000000E+03,   3.250000E+03,   3.125000E+03,   7.288093E+06,   0.000000E+00
  3.250000E+03,   3.500000E+03,   3.375000E+03,   7.876557E+06,   0.000000E+00
  3.500000E+03,   3.750000E+03,   3.625000E+03,   8.578591E+06,   0.000000E+00
  3.750000E+03,   4.000000E+03,   3.875000E+03,   8.808441E+06,   0.000000E+00
  4.000000E+03,   4.250000E+03,   4.125000E+03,   9.600927E+06,   0.000000E+00
  4.250000E+03,   4.500000E+03,   4.375000E+03,   1.047118E+07,   0.000000E+00
  4.500000E+03,   4.750000E+03,   4.625000E+03,   1.082969E+07,   0.000000E+00
  4.750000E+03,   5.000000E+03,   4.875000E+03,   1.158950E+07,   0.000000E+00
  5.000000E+03,   5.500000E+03,   5.250000E+03,   2.581307E+07,   0.000000E+00
  5.500000E+03,   6.000000E+03,   5.750000E+03,   2.893956E+07,   0.000000E+00
  6.000000E+03,   6.500000E+03,   6.250000E+03,   3.260823E+07,   0.000000E+00
  6.500000E+03,   7.000000E+03,   6.750000E+03,   3.799076E+07,   0.000000E+00
  7.000000E+03,   1.000000E+04,   8.500000E+03,   3.135154E+08,   0.000000E+00
  1.000000E+04,   2.000000E+04,   1.500000E+04,   1.054012E+09,   0.000000E+00
  2.000000E+04,   3.000000E+04,   2.500000E+04,   7.256722E+08,   0.000000E+00
  3.000000E+04,   4.000000E+04,   3.500000E+04,   5.624090E+08,   0.000000E+00
  4.000000E+04,   5.000000E+04,   4.500000E+04,   4.004708E+08,   0.000000E+00
  5.000000E+04,   6.000000E+04,   5.500000E+04,   3.003773E+08,   0.000000E+00
  6.000000E+04,   7.000000E+04,   6.500000E+04,   1.912248E+08,   0.000000E+00
  7.000000E+04,   8.000000E+04,   7.500000E+04,   1.684950E+08,   0.000000E+00
  8.000000E+04,   1.000000E+05,   9.000000E+04,   2.254995E+08,   0.000000E+00
  1.000000E+05,   1.500000E+05,   1.250000E+05,   2.154667E+08,   0.000000E+00
  1.500000E+05,   2.000000E+05,   1.750000E+05,   8.648502E+07,   0.000000E+00
  2.000000E+05,   3.000000E+05,   2.500000E+05,   5.996006E+07,   0.000000E+00
  3.000000E+05,   4.000000E+05,   3.500000E+05,   1.378048E+04,   0.000000E+00
  4.000000E+05,   5.000000E+05,   4.500000E+05,   2.320878E+06,   0.000000E+00
  5.000000E+05,   8.000000E+05,   6.500000E+05,   8.985277E+05,   0.000000E+00
  8.000000E+05,   1.000000E+06,   0.000000E+00,   0.000000E+00,   0.000000E+00
'End of Block'
'*',    13,     3,     4,     0,     5,     5,    46,     1
'OMNIDIRECTIONAL FLUENCE ANALYSIS'
'MULASSIS ml-v01-19'
'geant4-09-02-ref-00 (19-December-2008)'
'FLU_BDY', 1, 2, ' '
'FLU_PAR, -1, e-      '
'FLU_AMN', 1, 0., 'deg'
'FLU_AMX', 1, 90., 'deg'
'Elo','keV', 1, ' Lower edge of energy    bin '
'Eup','keV', 1, ' Upper edge of energy    bin '
'Emean','keV', 1, ' Mean energy of bin '
'Value','particles/cm2/bin',1,             'Fluence/flux'
'Error','particles/cm2/bin',1,'Error in   fluence/flux'
  0.000000E+00,   4.000000E+01,   2.000000E+01,   1.941324E+10,   0.000000E+00
  4.000000E+01,   1.000000E+02,   7.000000E+01,   2.199493E+10,   0.000000E+00
  1.000000E+02,   2.000000E+02,   1.500000E+02,   2.925183E+10,   0.000000E+00
  2.000000E+02,   3.000000E+02,   2.500000E+02,   3.258792E+10,   0.000000E+00
  3.000000E+02,   4.000000E+02,   3.500000E+02,   3.834155E+10,   0.000000E+00
  4.000000E+02,   5.000000E+02,   4.500000E+02,   4.333561E+10,   0.000000E+00
  5.000000E+02,   6.000000E+02,   5.500000E+02,   4.633995E+10,   0.000000E+00
  6.000000E+02,   7.000000E+02,   6.500000E+02,   4.696702E+10,   0.000000E+00
  7.000000E+02,   8.000000E+02,   7.500000E+02,   4.636863E+10,   0.000000E+00
  8.000000E+02,   1.000000E+03,   9.000000E+02,   8.555567E+10,   0.000000E+00
  1.000000E+03,   1.250000E+03,   1.125000E+03,   9.000978E+10,   0.000000E+00
  1.250000E+03,   1.500000E+03,   1.375000E+03,   6.842304E+10,   0.000000E+00
  1.500000E+03,   1.750000E+03,   1.625000E+03,   4.956858E+10,   0.000000E+00
  1.750000E+03,   2.000000E+03,   1.875000E+03,   3.361454E+10,   0.000000E+00
  2.000000E+03,   2.250000E+03,   2.125000E+03,   2.074758E+10,   0.000000E+00
  2.250000E+03,   2.500000E+03,   2.375000E+03,   1.195134E+10,   0.000000E+00
  2.500000E+03,   2.750000E+03,   2.625000E+03,   6.748421E+09,   0.000000E+00
  2.750000E+03,   3.000000E+03,   2.875000E+03,   3.896649E+09,   0.000000E+00
  3.000000E+03,   3.250000E+03,   3.125000E+03,   2.185947E+09,   0.000000E+00
  3.250000E+03,   3.500000E+03,   3.375000E+03,   1.201279E+09,   0.000000E+00
  3.500000E+03,   3.750000E+03,   3.625000E+03,   6.350700E+08,   0.000000E+00
  3.750000E+03,   4.000000E+03,   3.875000E+03,   3.292522E+08,   0.000000E+00
  4.000000E+03,   4.250000E+03,   4.125000E+03,   1.625182E+08,   0.000000E+00
  4.250000E+03,   4.500000E+03,   4.375000E+03,   7.846736E+07,   0.000000E+00
  4.500000E+03,   4.750000E+03,   4.625000E+03,   3.632412E+07,   0.000000E+00
  4.750000E+03,   5.000000E+03,   4.875000E+03,   1.589538E+07,   0.000000E+00
  5.000000E+03,   5.500000E+03,   5.250000E+03,   9.161048E+06,   0.000000E+00
  5.500000E+03,   6.000000E+03,   5.750000E+03,   1.224194E+06,   0.000000E+00
  6.000000E+03,   6.500000E+03,   6.250000E+03,   6.352451E+04,   0.000000E+00
  6.500000E+03,   7.000000E+03,   6.750000E+03,   1.705255E+04,   0.000000E+00
  7.000000E+03,   1.000000E+04,   8.500000E+03,   1.554844E+05,   0.000000E+00
  1.000000E+04,   2.000000E+04,   1.500000E+04,   5.182815E+05,   0.000000E+00
  2.000000E+04,   3.000000E+04,   2.500000E+04,   2.895590E+05,   0.000000E+00
  3.000000E+04,   4.000000E+04,   3.500000E+04,   8.714730E+04,   0.000000E+00
  4.000000E+04,   5.000000E+04,   4.500000E+04,   3.700871E+04,   0.000000E+00
  5.000000E+04,   6.000000E+04,   5.500000E+04,   1.960300E+04,   0.000000E+00
  6.000000E+04,   7.000000E+04,   6.500000E+04,   1.170174E+04,   0.000000E+00
  7.000000E+04,   8.000000E+04,   7.500000E+04,   7.011370E+03,   0.000000E+00
  8.000000E+04,   1.000000E+05,   9.000000E+04,   7.821291E+03,   0.000000E+00
  1.000000E+05,   1.500000E+05,   1.250000E+05,   7.456109E+03,   0.000000E+00
  1.500000E+05,   2.000000E+05,   1.750000E+05,   1.980589E+03,   0.000000E+00
  2.000000E+05,   3.000000E+05,   2.500000E+05,   6.396846E+02,   0.000000E+00
  3.000000E+05,   4.000000E+05,   0.000000E+00,  -7.466044E+01,   0.000000E+00
  4.000000E+05,   5.000000E+05,   4.500000E+05,   5.146079E+01,   0.000000E+00
  5.000000E+05,   8.000000E+05,   6.500000E+05,   6.728082E+00,   0.000000E+00
  8.000000E+05,   1.000000E+06,   0.000000E+00,   0.000000E+00,   0.000000E+00
'End of Block'
'*',    13,     3,     4,     0,     5,     5,    46,    -1
'OMNIDIRECTIONAL FLUENCE ANALYSIS'
'MULASSIS ml-v01-19'
'geant4-09-02-ref-00 (19-December-2008)'
'FLU_BDY', 1, 2, ' '
'FLU_PAR, -1, neutron '
'FLU_AMN', 1, 0., 'deg'
'FLU_AMX', 1, 90., 'deg'
'Elo','keV', 1, ' Lower edge of energy    bin '
'Eup','keV', 1, ' Upper edge of energy    bin '
'Emean','keV', 1, ' Mean energy of bin '
'Value','particles/cm2/bin',1,             'Fluence/flux'
'Error','particles/cm2/bin',1,'Error in   fluence/flux'
  0.000000E+00,   4.000000E+01,   2.000000E+01,   3.199829E+05,   0.000000E+00
  4.000000E+01,   1.000000E+02,   7.000000E+01,   4.799744E+05,   0.000000E+00
  1.000000E+02,   2.000000E+02,   1.500000E+02,   7.999573E+05,   0.000000E+00
  2.000000E+02,   3.000000E+02,   2.500000E+02,   7.999573E+05,   0.000000E+00
  3.000000E+02,   4.000000E+02,   3.500000E+02,   7.999573E+05,   0.000000E+00
  4.000000E+02,   5.000000E+02,   4.500000E+02,   7.999573E+05,   0.000000E+00
  5.000000E+02,   6.000000E+02,   5.500000E+02,   7.957593E+05,   0.000000E+00
  6.000000E+02,   7.000000E+02,   6.500000E+02,   7.715742E+05,   0.000000E+00
  7.000000E+02,   8.000000E+02,   7.500000E+02,   7.715742E+05,   0.000000E+00
  8.000000E+02,   1.000000E+03,   9.000000E+02,   1.497234E+06,   0.000000E+00
  1.000000E+03,   1.250000E+03,   1.125000E+03,   1.795046E+06,   0.000000E+00
  1.250000E+03,   1.500000E+03,   1.375000E+03,   1.691036E+06,   0.000000E+00
  1.500000E+03,   1.750000E+03,   1.625000E+03,   1.616915E+06,   0.000000E+00
  1.750000E+03,   2.000000E+03,   1.875000E+03,   1.493146E+06,   0.000000E+00
  2.000000E+03,   2.250000E+03,   2.125000E+03,   1.417476E+06,   0.000000E+00
  2.250000E+03,   2.500000E+03,   2.375000E+03,   1.332914E+06,   0.000000E+00
  2.500000E+03,   2.750000E+03,   2.625000E+03,   1.218947E+06,   0.000000E+00
  2.750000E+03,   3.000000E+03,   2.875000E+03,   1.167202E+06,   0.000000E+00
  3.000000E+03,   3.250000E+03,   3.125000E+03,   1.077672E+06,   0.000000E+00
  3.250000E+03,   3.500000E+03,   3.375000E+03,   1.009150E+06,   0.000000E+00
  3.500000E+03,   3.750000E+03,   3.625000E+03,   9.515316E+05,   0.000000E+00
  3.750000E+03,   4.000000E+03,   3.875000E+03,   8.989068E+05,   0.000000E+00
  4.000000E+03,   4.250000E+03,   4.125000E+03,   8.459687E+05,   0.000000E+00
  4.250000E+03,   4.500000E+03,   4.375000E+03,   7.819080E+05,   0.000000E+00
  4.500000E+03,   4.750000E+03,   4.625000E+03,   7.537092E+05,   0.000000E+00
  4.750000E+03,   5.000000E+03,   4.875000E+03,   7.019198E+05,   0.000000E+00
  5.000000E+03,   5.500000E+03,   5.250000E+03,   1.293273E+06,   0.000000E+00
  5.500000E+03,   6.000000E+03,   5.750000E+03,   1.166868E+06,   0.000000E+00
  6.000000E+03,   6.500000E+03,   6.250000E+03,   1.038716E+06,   0.000000E+00
  6.500000E+03,   7.000000E+03,   6.750000E+03,   9.379174E+05,   0.000000E+00
  7.000000E+03,   1.000000E+04,   8.500000E+03,   4.158019E+06,   0.000000E+00
  1.000000E+04,   2.000000E+04,   1.500000E+04,   6.383586E+06,   0.000000E+00
  2.000000E+04,   3.000000E+04,   2.500000E+04,   2.863691E+06,   0.000000E+00
  3.000000E+04,   4.000000E+04,   3.500000E+04,   1.605398E+06,   0.000000E+00
  4.000000E+04,   5.000000E+04,   4.500000E+04,   9.816673E+05,   0.000000E+00
  5.000000E+04,   6.000000E+04,   5.500000E+04,   6.380874E+05,   0.000000E+00
  6.000000E+04,   7.000000E+04,   6.500000E+04,   4.211414E+05,   0.000000E+00
  7.000000E+04,   8.000000E+04,   7.500000E+04,   2.902766E+05,   0.000000E+00
  8.000000E+04,   1.000000E+05,   9.000000E+04,   3.644529E+05,   0.000000E+00
  1.000000E+05,   1.500000E+05,   1.250000E+05,   4.153174E+05,   0.000000E+00
  1.500000E+05,   2.000000E+05,   1.750000E+05,   1.507670E+05,   0.000000E+00
  2.000000E+05,   3.000000E+05,   2.500000E+05,   6.809434E+04,   0.000000E+00
  3.000000E+05,   4.000000E+05,   0.000000E+00,  -6.439581E+03,   0.000000E+00
  4.000000E+05,   5.000000E+05,   4.500000E+05,   2.459450E+03,   0.000000E+00
  5.000000E+05,   8.000000E+05,   6.500000E+05,   2.030721E+02,   0.000000E+00
  8.000000E+05,   1.000000E+06,   0.000000E+00,   0.000000E+00,   0.000000E+00
'End of File'
