'*',    13,     3,     4,     0,     5,     5,    46,     2
'OMNIDIRECTIONAL FLUENCE ANALYSIS'
'MULASSIS ml-v01-19'
'geant4-09-02-ref-00 (19-December-2008)'
'FLU_BDY', 1, 2, ' '
'FLU_PAR, -1, proton  '
'FLU_AMN', 1, 0., 'deg'
'FLU_AMX', 1, 90., 'deg'
'Elo','keV', 1, ' Lower edge of energy    bin '
'Eup','keV', 1, ' Upper edge of energy    bin '
'Emean','keV', 1, ' Mean energy of bin '
'Value','particles/cm2/bin',1,             'Fluence/flux'
'Error','particles/cm2/bin',1,'Error in   fluence/flux'
  0.000000E+00,   4.000000E+01,   2.000000E+01,   3.314280E+05,   0.000000E+00
  4.000000E+01,   1.000000E+02,   7.000000E+01,   4.971420E+05,   0.000000E+00
  1.000000E+02,   2.000000E+02,   1.500000E+02,   8.285701E+05,   0.000000E+00
  2.000000E+02,   3.000000E+02,   2.500000E+02,   8.285701E+05,   0.000000E+00
  3.000000E+02,   4.000000E+02,   3.500000E+02,   8.285701E+05,   0.000000E+00
  4.000000E+02,   5.000000E+02,   4.500000E+02,   8.285701E+05,   0.000000E+00
  5.000000E+02,   6.000000E+02,   5.500000E+02,   8.464410E+05,   0.000000E+00
  6.000000E+02,   7.000000E+02,   6.500000E+02,   9.493981E+05,   0.000000E+00
  7.000000E+02,   8.000000E+02,   7.500000E+02,   9.493981E+05,   0.000000E+00
  8.000000E+02,   1.000000E+03,   9.000000E+02,   2.104814E+06,   0.000000E+00
  1.000000E+03,   1.250000E+03,   1.125000E+03,   2.989133E+06,   0.000000E+00
  1.250000E+03,   1.500000E+03,   1.375000E+03,   3.490249E+06,   0.000000E+00
  1.500000E+03,   1.750000E+03,   1.625000E+03,   3.859114E+06,   0.000000E+00
  1.750000E+03,   2.000000E+03,   1.875000E+03,   4.469595E+06,   0.000000E+00
  2.000000E+03,   2.250000E+03,   2.125000E+03,   4.739592E+06,   0.000000E+00
  2.250000E+03,   2.500000E+03,   2.375000E+03,   5.169868E+06,   0.000000E+00
  2.500000E+03,   2.750000E+03,   2.625000E+03,   5.780160E+06,   0.000000E+00
  2.750000E+03,   3.000000E+03,   2.875000E+03,   6.015572E+06,   0.000000E+00
  3.000000E+03,   3.250000E+03,   3.125000E+03,   6.568074E+06,   0.000000E+00
  3.250000E+03,   3.500000E+03,   3.375000E+03,   7.072737E+06,   0.000000E+00
  3.500000E+03,   3.750000E+03,   3.625000E+03,   7.653815E+06,   0.000000E+00
  3.750000E+03,   4.000000E+03,   3.875000E+03,   7.891723E+06,   0.000000E+00
  4.000000E+03,   4.250000E+03,   4.125000E+03,   8.541276E+06,   0.000000E+00
  4.250000E+03,   4.500000E+03,   4.375000E+03,   9.269726E+06,   0.000000E+00
  4.500000E+03,   4.750000E+03,   4.625000E+03,   9.603176E+06,   0.000000E+00
  4.750000E+03,   5.000000E+03,   4.875000E+03,   1.025240E+07,   0.000000E+00
  5.000000E+03,   5.500000E+03,   5.250000E+03,   2.266189E+07,   0.000000E+00
  5.500000E+03,   6.000000E+03,   5.750000E+03,   2.522147E+07,   0.000000E+00
  6.000000E+03,   6.500000E+03,   6.250000E+03,   2.829158E+07,   0.000000E+00
  6.500000E+03,   7.000000E+03,   6.750000E+03,   3.258605E+07,   0.000000E+00
  7.000000E+03,   1.000000E+04,   8.500000E+03,   2.661474E+08,   0.000000E+00
  1.000000E+04,   2.000000E+04,   1.500000E+04,   1.019421E+09,   0.000000E+00
  2.000000E+04,   3.000000E+04,   2.500000E+04,   9.325793E+08,   0.000000E+00
  3.000000E+04,   4.000000E+04,   3.500000E+04,   8.793838E+08,   0.000000E+00
  4.000000E+04,   5.000000E+04,   4.500000E+04,   8.238310E+08,   0.000000E+00
  5.000000E+04,   6.000000E+04,   5.500000E+04,   8.164821E+08,   0.000000E+00
  6.000000E+04,   7.000000E+04,   6.500000E+04,   6.725533E+08,   0.000000E+00
  7.000000E+04,   8.000000E+04,   7.500000E+04,   6.888990E+08,   0.000000E+00
  8.000000E+04,   1.000000E+05,   9.000000E+04,   1.164804E+09,   0.000000E+00
  1.000000E+05,   1.500000E+05,   1.250000E+05,   1.701739E+09,   0.000000E+00
  1.500000E+05,   2.000000E+05,   1.750000E+05,   9.355006E+08,   0.000000E+00
  2.000000E+05,   3.000000E+05,   2.500000E+05,   8.545743E+08,   0.000000E+00
  3.000000E+05,   4.000000E+05,   3.500000E+05,   2.015565E+08,   0.000000E+00
  4.000000E+05,   5.000000E+05,   4.500000E+05,   2.320878E+06,   0.000000E+00
  5.000000E+05,   8.000000E+05,   6.500000E+05,   8.985277E+05,   0.000000E+00
  8.000000E+05,   1.000000E+06,   0.000000E+00,   0.000000E+00,   0.000000E+00
'End of Block'
'*',    13,     3,     4,     0,     5,     5,    46,     1
'OMNIDIRECTIONAL FLUENCE ANALYSIS'
'MULASSIS ml-v01-19'
'geant4-09-02-ref-00 (19-December-2008)'
'FLU_BDY', 1, 2, ' '
'FLU_PAR, -1, e-      '
'FLU_AMN', 1, 0., 'deg'
'FLU_AMX', 1, 90., 'deg'
'Elo','keV', 1, ' Lower edge of energy    bin '
'Eup','keV', 1, ' Upper edge of energy    bin '
'Emean','keV', 1, ' Mean energy of bin '
'Value','particles/cm2/bin',1,             'Fluence/flux'
'Error','particles/cm2/bin',1,'Error in   fluence/flux'
  0.000000E+00,   4.000000E+01,   2.000000E+01,   2.242460E+09,   0.000000E+00
  4.000000E+01,   1.000000E+02,   7.000000E+01,   2.020502E+09,   0.000000E+00
  1.000000E+02,   2.000000E+02,   1.500000E+02,   2.478815E+09,   0.000000E+00
  2.000000E+02,   3.000000E+02,   2.500000E+02,   2.625864E+09,   0.000000E+00
  3.000000E+02,   4.000000E+02,   3.500000E+02,   3.043338E+09,   0.000000E+00
  4.000000E+02,   5.000000E+02,   4.500000E+02,   3.440133E+09,   0.000000E+00
  5.000000E+02,   6.000000E+02,   5.500000E+02,   3.708325E+09,   0.000000E+00
  6.000000E+02,   7.000000E+02,   6.500000E+02,   3.806528E+09,   0.000000E+00
  7.000000E+02,   8.000000E+02,   7.500000E+02,   3.812692E+09,   0.000000E+00
  8.000000E+02,   1.000000E+03,   9.000000E+02,   7.157248E+09,   0.000000E+00
  1.000000E+03,   1.250000E+03,   1.125000E+03,   7.684345E+09,   0.000000E+00
  1.250000E+03,   1.500000E+03,   1.375000E+03,   6.007369E+09,   0.000000E+00
  1.500000E+03,   1.750000E+03,   1.625000E+03,   4.524296E+09,   0.000000E+00
  1.750000E+03,   2.000000E+03,   1.875000E+03,   3.156866E+09,   0.000000E+00
  2.000000E+03,   2.250000E+03,   2.125000E+03,   1.939718E+09,   0.000000E+00
  2.250000E+03,   2.500000E+03,   2.375000E+03,   1.111989E+09,   0.000000E+00
  2.500000E+03,   2.750000E+03,   2.625000E+03,   6.264484E+08,   0.000000E+00
  2.750000E+03,   3.000000E+03,   2.875000E+03,   3.629371E+08,   0.000000E+00
  3.000000E+03,   3.250000E+03,   3.125000E+03,   2.052770E+08,   0.000000E+00
  3.250000E+03,   3.500000E+03,   3.375000E+03,   1.138313E+08,   0.000000E+00
  3.500000E+03,   3.750000E+03,   3.625000E+03,   6.052874E+07,   0.000000E+00
  3.750000E+03,   4.000000E+03,   3.875000E+03,   3.183690E+07,   0.000000E+00
  4.000000E+03,   4.250000E+03,   4.125000E+03,   1.634868E+07,   0.000000E+00
  4.250000E+03,   4.500000E+03,   4.375000E+03,   8.082148E+06,   0.000000E+00
  4.500000E+03,   4.750000E+03,   4.625000E+03,   3.717350E+06,   0.000000E+00
  4.750000E+03,   5.000000E+03,   4.875000E+03,   1.567397E+06,   0.000000E+00
  5.000000E+03,   5.500000E+03,   5.250000E+03,   7.376949E+05,   0.000000E+00
  5.500000E+03,   6.000000E+03,   5.750000E+03,   3.383871E+04,   0.000000E+00
  6.000000E+03,   6.500000E+03,   6.250000E+03,   2.629738E+04,   0.000000E+00
  6.500000E+03,   7.000000E+03,   6.750000E+03,   2.629738E+04,   0.000000E+00
  7.000000E+03,   1.000000E+04,   8.500000E+03,   1.577843E+05,   0.000000E+00
  1.000000E+04,   2.000000E+04,   1.500000E+04,   5.259475E+05,   0.000000E+00
  2.000000E+04,   3.000000E+04,   2.500000E+04,   3.504752E+05,   0.000000E+00
  3.000000E+04,   4.000000E+04,   3.500000E+04,   1.670767E+05,   0.000000E+00
  4.000000E+04,   5.000000E+04,   4.500000E+04,   1.034399E+05,   0.000000E+00
  5.000000E+04,   6.000000E+04,   5.500000E+04,   7.425534E+04,   0.000000E+00
  6.000000E+04,   7.000000E+04,   6.500000E+04,   5.594363E+04,   0.000000E+00
  7.000000E+04,   8.000000E+04,   7.500000E+04,   4.115349E+04,   0.000000E+00
  8.000000E+04,   1.000000E+05,   9.000000E+04,   5.773443E+04,   0.000000E+00
  1.000000E+05,   1.500000E+05,   1.250000E+05,   7.311464E+04,   0.000000E+00
  1.500000E+05,   2.000000E+05,   1.750000E+05,   2.648243E+04,   0.000000E+00
  2.000000E+05,   3.000000E+05,   2.500000E+05,   1.286278E+04,   0.000000E+00
  3.000000E+05,   4.000000E+05,   3.500000E+05,   2.111202E+03,   0.000000E+00
  4.000000E+05,   5.000000E+05,   4.500000E+05,   5.146079E+01,   0.000000E+00
  5.000000E+05,   8.000000E+05,   6.500000E+05,   6.728082E+00,   0.000000E+00
  8.000000E+05,   1.000000E+06,   0.000000E+00,   0.000000E+00,   0.000000E+00
'End of Block'
'*',    13,     3,     4,     0,     5,     5,    46,    -1
'OMNIDIRECTIONAL FLUENCE ANALYSIS'
'MULASSIS ml-v01-19'
'geant4-09-02-ref-00 (19-December-2008)'
'FLU_BDY', 1, 2, ' '
'FLU_PAR, -1, neutron '
'FLU_AMN', 1, 0., 'deg'
'FLU_AMX', 1, 90., 'deg'
'Elo','keV', 1, ' Lower edge of energy    bin '
'Eup','keV', 1, ' Upper edge of energy    bin '
'Emean','keV', 1, ' Mean energy of bin '
'Value','particles/cm2/bin',1,             'Fluence/flux'
'Error','particles/cm2/bin',1,'Error in   fluence/flux'
  0.000000E+00,   4.000000E+01,   2.000000E+01,   5.407123E+05,   0.000000E+00
  4.000000E+01,   1.000000E+02,   7.000000E+01,   8.110685E+05,   0.000000E+00
  1.000000E+02,   2.000000E+02,   1.500000E+02,   1.351781E+06,   0.000000E+00
  2.000000E+02,   3.000000E+02,   2.500000E+02,   1.351781E+06,   0.000000E+00
  3.000000E+02,   4.000000E+02,   3.500000E+02,   1.351781E+06,   0.000000E+00
  4.000000E+02,   5.000000E+02,   4.500000E+02,   1.351781E+06,   0.000000E+00
  5.000000E+02,   6.000000E+02,   5.500000E+02,   1.348686E+06,   0.000000E+00
  6.000000E+02,   7.000000E+02,   6.500000E+02,   1.330855E+06,   0.000000E+00
  7.000000E+02,   8.000000E+02,   7.500000E+02,   1.330855E+06,   0.000000E+00
  8.000000E+02,   1.000000E+03,   9.000000E+02,   2.626045E+06,   0.000000E+00
  1.000000E+03,   1.250000E+03,   1.125000E+03,   3.221541E+06,   0.000000E+00
  1.250000E+03,   1.500000E+03,   1.375000E+03,   3.136768E+06,   0.000000E+00
  1.500000E+03,   1.750000E+03,   1.625000E+03,   3.062327E+06,   0.000000E+00
  1.750000E+03,   2.000000E+03,   1.875000E+03,   2.947358E+06,   0.000000E+00
  2.000000E+03,   2.250000E+03,   2.125000E+03,   2.865038E+06,   0.000000E+00
  2.250000E+03,   2.500000E+03,   2.375000E+03,   2.773123E+06,   0.000000E+00
  2.500000E+03,   2.750000E+03,   2.625000E+03,   2.656049E+06,   0.000000E+00
  2.750000E+03,   3.000000E+03,   2.875000E+03,   2.591064E+06,   0.000000E+00
  3.000000E+03,   3.250000E+03,   3.125000E+03,   2.463389E+06,   0.000000E+00
  3.250000E+03,   3.500000E+03,   3.375000E+03,   2.379652E+06,   0.000000E+00
  3.500000E+03,   3.750000E+03,   3.625000E+03,   2.303115E+06,   0.000000E+00
  3.750000E+03,   4.000000E+03,   3.875000E+03,   2.205785E+06,   0.000000E+00
  4.000000E+03,   4.250000E+03,   4.125000E+03,   2.140721E+06,   0.000000E+00
  4.250000E+03,   4.500000E+03,   4.375000E+03,   2.031175E+06,   0.000000E+00
  4.500000E+03,   4.750000E+03,   4.625000E+03,   1.984960E+06,   0.000000E+00
  4.750000E+03,   5.000000E+03,   4.875000E+03,   1.875220E+06,   0.000000E+00
  5.000000E+03,   5.500000E+03,   5.250000E+03,   3.575323E+06,   0.000000E+00
  5.500000E+03,   6.000000E+03,   5.750000E+03,   3.340489E+06,   0.000000E+00
  6.000000E+03,   6.500000E+03,   6.250000E+03,   3.089936E+06,   0.000000E+00
  6.500000E+03,   7.000000E+03,   6.750000E+03,   2.847772E+06,   0.000000E+00
  7.000000E+03,   1.000000E+04,   8.500000E+03,   1.367965E+07,   0.000000E+00
  1.000000E+04,   2.000000E+04,   1.500000E+04,   2.397260E+07,   0.000000E+00
  2.000000E+04,   3.000000E+04,   2.500000E+04,   1.219557E+07,   0.000000E+00
  3.000000E+04,   4.000000E+04,   3.500000E+04,   7.941796E+06,   0.000000E+00
  4.000000E+04,   5.000000E+04,   4.500000E+04,   5.636691E+06,   0.000000E+00
  5.000000E+04,   6.000000E+04,   5.500000E+04,   4.207837E+06,   0.000000E+00
  6.000000E+04,   7.000000E+04,   6.500000E+04,   3.186491E+06,   0.000000E+00
  7.000000E+04,   8.000000E+04,   7.500000E+04,   2.470714E+06,   0.000000E+00
  8.000000E+04,   1.000000E+05,   9.000000E+04,   3.571982E+06,   0.000000E+00
  1.000000E+05,   1.500000E+05,   1.250000E+05,   4.863998E+06,   0.000000E+00
  1.500000E+05,   2.000000E+05,   1.750000E+05,   2.213292E+06,   0.000000E+00
  2.000000E+05,   3.000000E+05,   2.500000E+05,   1.259666E+06,   0.000000E+00
  3.000000E+05,   4.000000E+05,   3.500000E+05,   1.346061E+05,   0.000000E+00
  4.000000E+05,   5.000000E+05,   4.500000E+05,   2.459450E+03,   0.000000E+00
  5.000000E+05,   8.000000E+05,   6.500000E+05,   2.030721E+02,   0.000000E+00
  8.000000E+05,   1.000000E+06,   0.000000E+00,   0.000000E+00,   0.000000E+00
'End of File'
