'*',    13,     3,     4,     0,     5,     5,    46,     2
'OMNIDIRECTIONAL FLUENCE ANALYSIS'
'MULASSIS ml-v01-19'
'geant4-09-02-ref-00 (19-December-2008)'
'FLU_BDY', 1, 2, ' '
'FLU_PAR, -1, proton  '
'FLU_AMN', 1, 0., 'deg'
'FLU_AMX', 1, 90., 'deg'
'Elo','keV', 1, ' Lower edge of energy    bin '
'Eup','keV', 1, ' Upper edge of energy    bin '
'Emean','keV', 1, ' Mean energy of bin '
'Value','particles/cm2/bin',1,             'Fluence/flux'
'Error','particles/cm2/bin',1,'Error in   fluence/flux'
  0.000000E+00,   4.000000E+01,   2.000000E+01,   5.272289E+05,   0.000000E+00
  4.000000E+01,   1.000000E+02,   7.000000E+01,   7.908433E+05,   0.000000E+00
  1.000000E+02,   2.000000E+02,   1.500000E+02,   1.318072E+06,   0.000000E+00
  2.000000E+02,   3.000000E+02,   2.500000E+02,   1.318072E+06,   0.000000E+00
  3.000000E+02,   4.000000E+02,   3.500000E+02,   1.318072E+06,   0.000000E+00
  4.000000E+02,   5.000000E+02,   4.500000E+02,   1.318072E+06,   0.000000E+00
  5.000000E+02,   6.000000E+02,   5.500000E+02,   1.341228E+06,   0.000000E+00
  6.000000E+02,   7.000000E+02,   6.500000E+02,   1.474634E+06,   0.000000E+00
  7.000000E+02,   8.000000E+02,   7.500000E+02,   1.474634E+06,   0.000000E+00
  8.000000E+02,   1.000000E+03,   9.000000E+02,   3.224776E+06,   0.000000E+00
  1.000000E+03,   1.250000E+03,   1.125000E+03,   4.514387E+06,   0.000000E+00
  1.250000E+03,   1.500000E+03,   1.375000E+03,   5.199462E+06,   0.000000E+00
  1.500000E+03,   1.750000E+03,   1.625000E+03,   5.736586E+06,   0.000000E+00
  1.750000E+03,   2.000000E+03,   1.875000E+03,   6.581985E+06,   0.000000E+00
  2.000000E+03,   2.250000E+03,   2.125000E+03,   6.983465E+06,   0.000000E+00
  2.250000E+03,   2.500000E+03,   2.375000E+03,   7.592752E+06,   0.000000E+00
  2.500000E+03,   2.750000E+03,   2.625000E+03,   8.451832E+06,   0.000000E+00
  2.750000E+03,   3.000000E+03,   2.875000E+03,   8.796550E+06,   0.000000E+00
  3.000000E+03,   3.250000E+03,   3.125000E+03,   9.603153E+06,   0.000000E+00
  3.250000E+03,   3.500000E+03,   3.375000E+03,   1.031524E+07,   0.000000E+00
  3.500000E+03,   3.750000E+03,   3.625000E+03,   1.112107E+07,   0.000000E+00
  3.750000E+03,   4.000000E+03,   3.875000E+03,   1.149575E+07,   0.000000E+00
  4.000000E+03,   4.250000E+03,   4.125000E+03,   1.239366E+07,   0.000000E+00
  4.250000E+03,   4.500000E+03,   4.375000E+03,   1.341860E+07,   0.000000E+00
  4.500000E+03,   4.750000E+03,   4.625000E+03,   1.390322E+07,   0.000000E+00
  4.750000E+03,   5.000000E+03,   4.875000E+03,   1.483047E+07,   0.000000E+00
  5.000000E+03,   5.500000E+03,   5.250000E+03,   3.264310E+07,   0.000000E+00
  5.500000E+03,   6.000000E+03,   5.750000E+03,   3.618452E+07,   0.000000E+00
  6.000000E+03,   6.500000E+03,   6.250000E+03,   4.046621E+07,   0.000000E+00
  6.500000E+03,   7.000000E+03,   6.750000E+03,   4.630574E+07,   0.000000E+00
  7.000000E+03,   1.000000E+04,   8.500000E+03,   3.756733E+08,   0.000000E+00
  1.000000E+04,   2.000000E+04,   1.500000E+04,   1.524693E+09,   0.000000E+00
  2.000000E+04,   3.000000E+04,   2.500000E+04,   1.556570E+09,   0.000000E+00
  3.000000E+04,   4.000000E+04,   3.500000E+04,   1.636696E+09,   0.000000E+00
  4.000000E+04,   5.000000E+04,   4.500000E+04,   1.669929E+09,   0.000000E+00
  5.000000E+04,   6.000000E+04,   5.500000E+04,   1.789424E+09,   0.000000E+00
  6.000000E+04,   7.000000E+04,   6.500000E+04,   1.568930E+09,   0.000000E+00
  7.000000E+04,   8.000000E+04,   7.500000E+04,   1.657111E+09,   0.000000E+00
  8.000000E+04,   1.000000E+05,   9.000000E+04,   2.919451E+09,   0.000000E+00
  1.000000E+05,   1.500000E+05,   1.250000E+05,   4.538951E+09,   0.000000E+00
  1.500000E+05,   2.000000E+05,   1.750000E+05,   2.642966E+09,   0.000000E+00
  2.000000E+05,   3.000000E+05,   2.500000E+05,   2.529648E+09,   0.000000E+00
  3.000000E+05,   4.000000E+05,   3.500000E+05,   6.946548E+08,   0.000000E+00
  4.000000E+05,   5.000000E+05,   4.500000E+05,   2.320878E+06,   0.000000E+00
  5.000000E+05,   8.000000E+05,   6.500000E+05,   8.985277E+05,   0.000000E+00
  8.000000E+05,   1.000000E+06,   0.000000E+00,   0.000000E+00,   0.000000E+00
'End of Block'
'*',    13,     3,     4,     0,     5,     5,    46,     1
'OMNIDIRECTIONAL FLUENCE ANALYSIS'
'MULASSIS ml-v01-19'
'geant4-09-02-ref-00 (19-December-2008)'
'FLU_BDY', 1, 2, ' '
'FLU_PAR, -1, e-      '
'FLU_AMN', 1, 0., 'deg'
'FLU_AMX', 1, 90., 'deg'
'Elo','keV', 1, ' Lower edge of energy    bin '
'Eup','keV', 1, ' Upper edge of energy    bin '
'Emean','keV', 1, ' Mean energy of bin '
'Value','particles/cm2/bin',1,             'Fluence/flux'
'Error','particles/cm2/bin',1,'Error in   fluence/flux'
  0.000000E+00,   4.000000E+01,   2.000000E+01,   3.853533E+09,   0.000000E+00
  4.000000E+01,   1.000000E+02,   7.000000E+01,   3.491624E+09,   0.000000E+00
  1.000000E+02,   2.000000E+02,   1.500000E+02,   4.179548E+09,   0.000000E+00
  2.000000E+02,   3.000000E+02,   2.500000E+02,   4.361689E+09,   0.000000E+00
  3.000000E+02,   4.000000E+02,   3.500000E+02,   5.030115E+09,   0.000000E+00
  4.000000E+02,   5.000000E+02,   4.500000E+02,   5.672457E+09,   0.000000E+00
  5.000000E+02,   6.000000E+02,   5.500000E+02,   6.102502E+09,   0.000000E+00
  6.000000E+02,   7.000000E+02,   6.500000E+02,   6.248580E+09,   0.000000E+00
  7.000000E+02,   8.000000E+02,   7.500000E+02,   6.243361E+09,   0.000000E+00
  8.000000E+02,   1.000000E+03,   9.000000E+02,   1.170440E+10,   0.000000E+00
  1.000000E+03,   1.250000E+03,   1.125000E+03,   1.256370E+10,   0.000000E+00
  1.250000E+03,   1.500000E+03,   1.375000E+03,   9.829901E+09,   0.000000E+00
  1.500000E+03,   1.750000E+03,   1.625000E+03,   7.420805E+09,   0.000000E+00
  1.750000E+03,   2.000000E+03,   1.875000E+03,   5.165954E+09,   0.000000E+00
  2.000000E+03,   2.250000E+03,   2.125000E+03,   3.122787E+09,   0.000000E+00
  2.250000E+03,   2.500000E+03,   2.375000E+03,   1.762178E+09,   0.000000E+00
  2.500000E+03,   2.750000E+03,   2.625000E+03,   9.787751E+08,   0.000000E+00
  2.750000E+03,   3.000000E+03,   2.875000E+03,   5.623027E+08,   0.000000E+00
  3.000000E+03,   3.250000E+03,   3.125000E+03,   3.157115E+08,   0.000000E+00
  3.250000E+03,   3.500000E+03,   3.375000E+03,   1.738515E+08,   0.000000E+00
  3.500000E+03,   3.750000E+03,   3.625000E+03,   9.194978E+07,   0.000000E+00
  3.750000E+03,   4.000000E+03,   3.875000E+03,   4.798680E+07,   0.000000E+00
  4.000000E+03,   4.250000E+03,   4.125000E+03,   2.416637E+07,   0.000000E+00
  4.250000E+03,   4.500000E+03,   4.375000E+03,   1.174645E+07,   0.000000E+00
  4.500000E+03,   4.750000E+03,   4.625000E+03,   5.444917E+06,   0.000000E+00
  4.750000E+03,   5.000000E+03,   4.875000E+03,   2.343225E+06,   0.000000E+00
  5.000000E+03,   5.500000E+03,   5.250000E+03,   1.117692E+06,   0.000000E+00
  5.500000E+03,   6.000000E+03,   5.750000E+03,   5.310907E+04,   0.000000E+00
  6.000000E+03,   6.500000E+03,   6.250000E+03,   4.168159E+04,   0.000000E+00
  6.500000E+03,   7.000000E+03,   6.750000E+03,   4.168159E+04,   0.000000E+00
  7.000000E+03,   1.000000E+04,   8.500000E+03,   2.500895E+05,   0.000000E+00
  1.000000E+04,   2.000000E+04,   1.500000E+04,   8.336317E+05,   0.000000E+00
  2.000000E+04,   3.000000E+04,   2.500000E+04,   6.010105E+05,   0.000000E+00
  3.000000E+04,   4.000000E+04,   3.500000E+04,   3.392579E+05,   0.000000E+00
  4.000000E+04,   5.000000E+04,   4.500000E+04,   2.338322E+05,   0.000000E+00
  5.000000E+04,   6.000000E+04,   5.500000E+04,   1.783819E+05,   0.000000E+00
  6.000000E+04,   7.000000E+04,   6.500000E+04,   1.401922E+05,   0.000000E+00
  7.000000E+04,   8.000000E+04,   7.500000E+04,   1.065613E+05,   0.000000E+00
  8.000000E+04,   1.000000E+05,   9.000000E+04,   1.544021E+05,   0.000000E+00
  1.000000E+05,   1.500000E+05,   1.250000E+05,   2.039867E+05,   0.000000E+00
  1.500000E+05,   2.000000E+05,   1.750000E+05,   7.767090E+04,   0.000000E+00
  2.000000E+05,   3.000000E+05,   2.500000E+05,   4.036318E+04,   0.000000E+00
  3.000000E+05,   4.000000E+05,   3.500000E+05,   7.757288E+03,   0.000000E+00
  4.000000E+05,   5.000000E+05,   4.500000E+05,   5.146079E+01,   0.000000E+00
  5.000000E+05,   8.000000E+05,   6.500000E+05,   6.728082E+00,   0.000000E+00
  8.000000E+05,   1.000000E+06,   0.000000E+00,   0.000000E+00,   0.000000E+00
'End of Block'
'*',    13,     3,     4,     0,     5,     5,    46,    -1
'OMNIDIRECTIONAL FLUENCE ANALYSIS'
'MULASSIS ml-v01-19'
'geant4-09-02-ref-00 (19-December-2008)'
'FLU_BDY', 1, 2, ' '
'FLU_PAR, -1, neutron '
'FLU_AMN', 1, 0., 'deg'
'FLU_AMX', 1, 90., 'deg'
'Elo','keV', 1, ' Lower edge of energy    bin '
'Eup','keV', 1, ' Upper edge of energy    bin '
'Emean','keV', 1, ' Mean energy of bin '
'Value','particles/cm2/bin',1,             'Fluence/flux'
'Error','particles/cm2/bin',1,'Error in   fluence/flux'
  0.000000E+00,   4.000000E+01,   2.000000E+01,   1.093557E+06,   0.000000E+00
  4.000000E+01,   1.000000E+02,   7.000000E+01,   1.640335E+06,   0.000000E+00
  1.000000E+02,   2.000000E+02,   1.500000E+02,   2.733892E+06,   0.000000E+00
  2.000000E+02,   3.000000E+02,   2.500000E+02,   2.733892E+06,   0.000000E+00
  3.000000E+02,   4.000000E+02,   3.500000E+02,   2.733892E+06,   0.000000E+00
  4.000000E+02,   5.000000E+02,   4.500000E+02,   2.733892E+06,   0.000000E+00
  5.000000E+02,   6.000000E+02,   5.500000E+02,   2.729882E+06,   0.000000E+00
  6.000000E+02,   7.000000E+02,   6.500000E+02,   2.706777E+06,   0.000000E+00
  7.000000E+02,   8.000000E+02,   7.500000E+02,   2.706777E+06,   0.000000E+00
  8.000000E+02,   1.000000E+03,   9.000000E+02,   5.365861E+06,   0.000000E+00
  1.000000E+03,   1.250000E+03,   1.125000E+03,   6.624909E+06,   0.000000E+00
  1.250000E+03,   1.500000E+03,   1.375000E+03,   6.508861E+06,   0.000000E+00
  1.500000E+03,   1.750000E+03,   1.625000E+03,   6.399602E+06,   0.000000E+00
  1.750000E+03,   2.000000E+03,   1.875000E+03,   6.233595E+06,   0.000000E+00
  2.000000E+03,   2.250000E+03,   2.125000E+03,   6.105318E+06,   0.000000E+00
  2.250000E+03,   2.500000E+03,   2.375000E+03,   5.957483E+06,   0.000000E+00
  2.500000E+03,   2.750000E+03,   2.625000E+03,   5.772370E+06,   0.000000E+00
  2.750000E+03,   3.000000E+03,   2.875000E+03,   5.659716E+06,   0.000000E+00
  3.000000E+03,   3.250000E+03,   3.125000E+03,   5.433259E+06,   0.000000E+00
  3.250000E+03,   3.500000E+03,   3.375000E+03,   5.290274E+06,   0.000000E+00
  3.500000E+03,   3.750000E+03,   3.625000E+03,   5.157255E+06,   0.000000E+00
  3.750000E+03,   4.000000E+03,   3.875000E+03,   4.962379E+06,   0.000000E+00
  4.000000E+03,   4.250000E+03,   4.125000E+03,   4.850389E+06,   0.000000E+00
  4.250000E+03,   4.500000E+03,   4.375000E+03,   4.632431E+06,   0.000000E+00
  4.500000E+03,   4.750000E+03,   4.625000E+03,   4.544554E+06,   0.000000E+00
  4.750000E+03,   5.000000E+03,   4.875000E+03,   4.314163E+06,   0.000000E+00
  5.000000E+03,   5.500000E+03,   5.250000E+03,   8.285019E+06,   0.000000E+00
  5.500000E+03,   6.000000E+03,   5.750000E+03,   7.804257E+06,   0.000000E+00
  6.000000E+03,   6.500000E+03,   6.250000E+03,   7.292172E+06,   0.000000E+00
  6.500000E+03,   7.000000E+03,   6.750000E+03,   6.752007E+06,   0.000000E+00
  7.000000E+03,   1.000000E+04,   8.500000E+03,   3.303460E+07,   0.000000E+00
  1.000000E+04,   2.000000E+04,   1.500000E+04,   5.935770E+07,   0.000000E+00
  2.000000E+04,   3.000000E+04,   2.500000E+04,   3.059007E+07,   0.000000E+00
  3.000000E+04,   4.000000E+04,   3.500000E+04,   2.031503E+07,   0.000000E+00
  4.000000E+04,   5.000000E+04,   4.500000E+04,   1.472159E+07,   0.000000E+00
  5.000000E+04,   6.000000E+04,   5.500000E+04,   1.119631E+07,   0.000000E+00
  6.000000E+04,   7.000000E+04,   6.500000E+04,   8.637511E+06,   0.000000E+00
  7.000000E+04,   8.000000E+04,   7.500000E+04,   6.799316E+06,   0.000000E+00
  8.000000E+04,   1.000000E+05,   9.000000E+04,   1.001382E+07,   0.000000E+00
  1.000000E+05,   1.500000E+05,   1.250000E+05,   1.403415E+07,   0.000000E+00
  1.500000E+05,   2.000000E+05,   1.750000E+05,   6.602862E+06,   0.000000E+00
  2.000000E+05,   3.000000E+05,   2.500000E+05,   3.955235E+06,   0.000000E+00
  3.000000E+05,   4.000000E+05,   3.500000E+05,   5.015950E+05,   0.000000E+00
  4.000000E+05,   5.000000E+05,   4.500000E+05,   2.459450E+03,   0.000000E+00
  5.000000E+05,   8.000000E+05,   6.500000E+05,   2.030721E+02,   0.000000E+00
  8.000000E+05,   1.000000E+06,   0.000000E+00,   0.000000E+00,   0.000000E+00
'End of File'
