Energy
(MeV)	Elec. Stopping Power
(MeV cm2 g-1)	Ionizing Dose*
(MeV g-1)	Ionizing Dose*
(Gy)
1.0000e-05	3.4060e+00	3.4060e+00	5.4583e-10
1.5000e-05	4.1720e+00	4.1720e+00	6.6859e-10
2.0000e-05	4.8170e+00	4.8170e+00	7.7196e-10
2.5000e-05	5.3860e+00	5.3860e+00	8.6314e-10
3.0000e-05	5.9000e+00	5.9000e+00	9.4551e-10
3.5000e-05	6.3730e+00	6.3730e+00	1.0213e-09
4.0000e-05	6.8130e+00	6.8130e+00	1.0918e-09
4.5000e-05	7.2260e+00	7.2260e+00	1.1580e-09
5.0000e-05	7.6170e+00	7.6170e+00	1.2207e-09
5.5000e-05	7.9890e+00	7.9890e+00	1.2803e-09
6.0000e-05	8.3440e+00	8.3440e+00	1.3372e-09
6.5000e-05	8.6850e+00	8.6850e+00	1.3918e-09
7.0000e-05	9.0130e+00	9.0130e+00	1.4444e-09
7.5000e-05	9.3290e+00	9.3290e+00	1.4950e-09
8.0000e-05	9.6350e+00	9.6350e+00	1.5441e-09
8.5000e-05	9.9310e+00	9.9310e+00	1.5915e-09
9.0000e-05	1.0220e+01	1.0220e+01	1.6378e-09
9.5000e-05	1.0500e+01	1.0500e+01	1.6827e-09
1.0000e-04	1.0770e+01	1.0770e+01	1.7260e-09
1.5000e-04	1.3190e+01	1.3190e+01	2.1138e-09
2.0000e-04	1.5230e+01	1.5230e+01	2.4407e-09
2.5000e-04	1.7030e+01	1.7030e+01	2.7292e-09
3.0000e-04	1.8660e+01	1.8660e+01	2.9904e-09
3.5000e-04	2.0150e+01	2.0150e+01	3.2292e-09
4.0000e-04	2.1540e+01	2.1540e+01	3.4519e-09
4.5000e-04	2.2850e+01	2.2850e+01	3.6619e-09
5.0000e-04	2.4090e+01	2.4090e+01	3.8606e-09
5.5000e-04	2.5260e+01	2.5260e+01	4.0481e-09
6.0000e-04	2.6390e+01	2.6390e+01	4.2292e-09
6.5000e-04	2.7460e+01	2.7460e+01	4.4006e-09
7.0000e-04	2.8500e+01	2.8500e+01	4.5673e-09
7.5000e-04	2.9500e+01	2.9500e+01	4.7276e-09
8.0000e-04	3.0470e+01	3.0470e+01	4.8830e-09
8.5000e-04	3.1410e+01	3.1410e+01	5.0337e-09
9.0000e-04	3.2320e+01	3.2320e+01	5.1795e-09
9.5000e-04	3.3200e+01	3.3200e+01	5.3205e-09
1.0000e-03	3.4060e+01	3.4060e+01	5.4583e-09
1.5000e-03	4.1720e+01	4.1720e+01	6.6859e-09
2.0000e-03	4.8170e+01	4.8170e+01	7.7196e-09
2.5000e-03	5.3860e+01	5.3860e+01	8.6314e-09
3.0000e-03	5.9000e+01	5.9000e+01	9.4551e-09
3.5000e-03	6.3730e+01	6.3730e+01	1.0213e-08
4.0000e-03	6.8130e+01	6.8130e+01	1.0918e-08
4.5000e-03	7.2260e+01	7.2260e+01	1.1580e-08
5.0000e-03	7.6170e+01	7.6170e+01	1.2207e-08
5.5000e-03	7.9890e+01	7.9890e+01	1.2803e-08
6.0000e-03	8.3440e+01	8.3440e+01	1.3372e-08
6.5000e-03	8.6850e+01	8.6850e+01	1.3918e-08
7.0000e-03	9.0130e+01	9.0130e+01	1.4444e-08
7.5000e-03	9.3290e+01	9.3290e+01	1.4950e-08
8.0000e-03	9.6350e+01	9.6350e+01	1.5441e-08
8.5000e-03	9.9310e+01	9.9310e+01	1.5915e-08
9.0000e-03	1.0220e+02	1.0220e+02	1.6378e-08
9.5000e-03	1.0500e+02	1.0500e+02	1.6827e-08
1.0000e-02	1.0770e+02	1.0770e+02	1.7260e-08
1.5000e-02	1.3190e+02	1.3190e+02	2.1138e-08
2.0000e-02	1.5230e+02	1.5230e+02	2.4407e-08
2.5000e-02	1.7030e+02	1.7030e+02	2.7292e-08
3.0000e-02	1.8660e+02	1.8660e+02	2.9904e-08
3.5000e-02	2.0150e+02	2.0150e+02	3.2292e-08
4.0000e-02	2.1540e+02	2.1540e+02	3.4519e-08
4.5000e-02	2.2850e+02	2.2850e+02	3.6619e-08
5.0000e-02	2.4950e+02	2.4950e+02	3.9984e-08
5.5000e-02	2.7720e+02	2.7720e+02	4.4423e-08
6.0000e-02	2.9870e+02	2.9870e+02	4.7869e-08
6.5000e-02	3.1570e+02	3.1570e+02	5.0593e-08
7.0000e-02	3.2960e+02	3.2960e+02	5.2821e-08
7.5000e-02	3.4130e+02	3.4130e+02	5.4696e-08
8.0000e-02	3.5150e+02	3.5150e+02	5.6330e-08
8.5000e-02	3.6060e+02	3.6060e+02	5.7788e-08
9.0000e-02	3.6900e+02	3.6900e+02	5.9135e-08
9.5000e-02	3.7690e+02	3.7690e+02	6.0401e-08
1.0000e-01	3.8450e+02	3.8450e+02	6.1619e-08
1.5000e-01	4.6190e+02	4.6190e+02	7.4022e-08
2.0000e-01	5.5330e+02	5.5330e+02	8.8670e-08
2.5000e-01	6.5580e+02	6.5580e+02	1.0510e-07
3.0000e-01	7.6440e+02	7.6440e+02	1.2250e-07
3.5000e-01	8.7580e+02	8.7580e+02	1.4035e-07
4.0000e-01	9.8800e+02	9.8800e+02	1.5833e-07
4.5000e-01	1.1000e+03	1.1000e+03	1.7628e-07
5.0000e-01	1.2100e+03	1.2100e+03	1.9391e-07
5.5000e-01	1.3190e+03	1.3190e+03	2.1138e-07
6.0000e-01	1.4260e+03	1.4260e+03	2.2853e-07
6.5000e-01	1.5310e+03	1.5310e+03	2.4535e-07
7.0000e-01	1.6330e+03	1.6330e+03	2.6170e-07
7.5000e-01	1.7340e+03	1.7340e+03	2.7788e-07
8.0000e-01	1.8320e+03	1.8320e+03	2.9359e-07
8.5000e-01	1.9280e+03	1.9280e+03	3.0897e-07
9.0000e-01	2.0220e+03	2.0220e+03	3.2404e-07
9.5000e-01	2.1150e+03	2.1150e+03	3.3894e-07
1.0000e+00	2.2050e+03	2.2050e+03	3.5337e-07
1.5000e+00	3.0140e+03	3.0140e+03	4.8301e-07
2.0000e+00	3.6960e+03	3.6960e+03	5.9231e-07
2.5000e+00	4.2910e+03	4.2910e+03	6.8766e-07
3.0000e+00	4.8220e+03	4.8220e+03	7.7276e-07
3.5000e+00	5.3000e+03	5.3000e+03	8.4936e-07
4.0000e+00	5.7300e+03	5.7300e+03	9.1827e-07
4.5000e+00	6.1160e+03	6.1160e+03	9.8013e-07
5.0000e+00	6.4620e+03	6.4620e+03	1.0356e-06
5.5000e+00	6.7720e+03	6.7720e+03	1.0853e-06
6.0000e+00	7.0490e+03	7.0490e+03	1.1296e-06
6.5000e+00	7.2970e+03	7.2970e+03	1.1694e-06
7.0000e+00	7.5180e+03	7.5180e+03	1.2048e-06
7.5000e+00	7.7170e+03	7.7170e+03	1.2367e-06
8.0000e+00	7.8950e+03	7.8950e+03	1.2652e-06
8.5000e+00	8.0540e+03	8.0540e+03	1.2907e-06
9.0000e+00	8.1970e+03	8.1970e+03	1.3136e-06
9.5000e+00	8.3250e+03	8.3250e+03	1.3341e-06
1.0000e+01	8.4390e+03	8.4390e+03	1.3524e-06
1.5000e+01	9.0780e+03	9.0780e+03	1.4548e-06
2.0000e+01	9.2040e+03	9.2040e+03	1.4750e-06
2.5000e+01	9.1080e+03	9.1080e+03	1.4596e-06
3.0000e+01	8.9130e+03	8.9130e+03	1.4284e-06
3.5000e+01	8.6730e+03	8.6730e+03	1.3899e-06
4.0000e+01	8.4150e+03	8.4150e+03	1.3486e-06
4.5000e+01	8.1550e+03	8.1550e+03	1.3069e-06
5.0000e+01	7.9440e+03	7.9440e+03	1.2731e-06
5.5000e+01	7.7570e+03	7.7570e+03	1.2431e-06
6.0000e+01	7.5410e+03	7.5410e+03	1.2085e-06
6.5000e+01	7.3470e+03	7.3470e+03	1.1774e-06
7.0000e+01	7.1620e+03	7.1620e+03	1.1478e-06
7.5000e+01	6.9860e+03	6.9860e+03	1.1196e-06
8.0000e+01	6.8180e+03	6.8180e+03	1.0926e-06
8.5000e+01	6.6580e+03	6.6580e+03	1.0670e-06
9.0000e+01	6.5050e+03	6.5050e+03	1.0425e-06
9.5000e+01	6.3590e+03	6.3590e+03	1.0191e-06
1.0000e+02	6.2190e+03	6.2190e+03	9.9663e-07
1.5000e+02	5.1110e+03	5.1110e+03	8.1907e-07
2.0000e+02	4.3540e+03	4.3540e+03	6.9776e-07
2.5000e+02	3.8020e+03	3.8020e+03	6.0929e-07
3.0000e+02	3.3820e+03	3.3820e+03	5.4199e-07
3.5000e+02	3.0500e+03	3.0500e+03	4.8878e-07
4.0000e+02	2.7820e+03	2.7820e+03	4.4583e-07
4.5000e+02	2.5590e+03	2.5590e+03	4.1010e-07
5.0000e+02	2.3720e+03	2.3720e+03	3.8013e-07
5.5000e+02	2.2120e+03	2.2120e+03	3.5449e-07
6.0000e+02	2.0740e+03	2.0740e+03	3.3237e-07
6.5000e+02	1.9540e+03	1.9540e+03	3.1314e-07
7.0000e+02	1.8480e+03	1.8480e+03	2.9615e-07
7.5000e+02	1.7540e+03	1.7540e+03	2.8109e-07
8.0000e+02	1.6690e+03	1.6690e+03	2.6747e-07
8.5000e+02	1.5940e+03	1.5940e+03	2.5545e-07
9.0000e+02	1.5250e+03	1.5250e+03	2.4439e-07
9.5000e+02	1.4630e+03	1.4630e+03	2.3446e-07
1.0000e+03	1.4080e+03	1.4080e+03	2.2564e-07
1.5000e+03	1.0399e+03	1.0399e+03	1.6666e-07
2.0000e+03	8.4177e+02	8.4177e+02	1.3490e-07
2.5000e+03	7.1764e+02	7.1764e+02	1.1501e-07
3.0000e+03	6.3194e+02	6.3194e+02	1.0127e-07
3.5000e+03	5.6830e+02	5.6830e+02	9.1073e-08
4.0000e+03	5.1978e+02	5.1978e+02	8.3297e-08
4.5000e+03	4.8156e+02	4.8156e+02	7.7173e-08
5.0000e+03	4.5068e+02	4.5068e+02	7.2225e-08
5.5000e+03	4.2523e+02	4.2523e+02	6.8146e-08
6.0000e+03	4.0390e+02	4.0390e+02	6.4727e-08
6.5000e+03	3.8577e+02	3.8577e+02	6.1823e-08
7.0000e+03	3.7019e+02	3.7019e+02	5.9326e-08
7.5000e+03	3.5667e+02	3.5667e+02	5.7158e-08
8.0000e+03	3.4482e+02	3.4482e+02	5.5260e-08
8.5000e+03	3.3437e+02	3.3437e+02	5.3586e-08
9.0000e+03	3.2510e+02	3.2510e+02	5.2099e-08
9.5000e+03	3.1683e+02	3.1683e+02	5.0774e-08
1.0000e+04	3.0935e+02	3.0935e+02	4.9575e-08
1.5000e+04	2.6294e+02	2.6294e+02	4.2138e-08
2.0000e+04	2.4138e+02	2.4138e+02	3.8683e-08
2.5000e+04	2.2978e+02	2.2978e+02	3.6824e-08
3.0000e+04	2.2308e+02	2.2308e+02	3.5750e-08
3.5000e+04	2.1908e+02	2.1908e+02	3.5109e-08
4.0000e+04	2.1671e+02	2.1671e+02	3.4729e-08
4.5000e+04	2.1536e+02	2.1536e+02	3.4513e-08
5.0000e+04	2.1469e+02	2.1469e+02	3.4405e-08
5.5000e+04	2.1447e+02	2.1447e+02	3.4371e-08
6.0000e+04	2.1458e+02	2.1458e+02	3.4387e-08
6.5000e+04	2.1490e+02	2.1490e+02	3.4439e-08
7.0000e+04	2.1538e+02	2.1538e+02	3.4516e-08
7.5000e+04	2.1598e+02	2.1598e+02	3.4612e-08
8.0000e+04	2.1665e+02	2.1665e+02	3.4719e-08
8.5000e+04	2.1738e+02	2.1738e+02	3.4836e-08
9.0000e+04	2.1814e+02	2.1814e+02	3.4959e-08
9.5000e+04	2.1894e+02	2.1894e+02	3.5086e-08
1.0000e+05	2.1974e+02	2.1974e+02	3.5215e-08
1.5000e+05	2.2770e+02	2.2770e+02	3.6490e-08
2.0000e+05	2.3456e+02	2.3456e+02	3.7590e-08
2.5000e+05	2.4033e+02	2.4033e+02	3.8514e-08
3.0000e+05	2.4523e+02	2.4523e+02	3.9299e-08
3.5000e+05	2.4946e+02	2.4946e+02	3.9978e-08
4.0000e+05	2.5318e+02	2.5318e+02	4.0573e-08
4.5000e+05	2.5648e+02	2.5648e+02	4.1103e-08
5.0000e+05	2.5945e+02	2.5945e+02	4.1578e-08
5.5000e+05	2.6214e+02	2.6214e+02	4.2010e-08
6.0000e+05	2.6460e+02	2.6460e+02	4.2405e-08
6.5000e+05	2.6687e+02	2.6687e+02	4.2768e-08
7.0000e+05	2.6897e+02	2.6897e+02	4.3104e-08
7.5000e+05	2.7092e+02	2.7092e+02	4.3417e-08
8.0000e+05	2.7275e+02	2.7275e+02	4.3709e-08
8.5000e+05	2.7446e+02	2.7446e+02	4.3984e-08
9.0000e+05	2.7607e+02	2.7607e+02	4.4242e-08
9.5000e+05	2.7759e+02	2.7759e+02	4.4486e-08
1.0000e+06	2.7904e+02	2.7904e+02	4.4718e-08
1.5000e+06	2.9013e+02	2.9013e+02	4.6495e-08
2.0000e+06	2.9762e+02	2.9762e+02	4.7695e-08
2.5000e+06	3.0330e+02	3.0330e+02	4.8605e-08
3.0000e+06	3.0785e+02	3.0785e+02	4.9335e-08
3.5000e+06	3.1165e+02	3.1165e+02	4.9943e-08
4.0000e+06	3.1489e+02	3.1489e+02	5.0463e-08
4.5000e+06	3.1772e+02	3.1772e+02	5.0917e-08
5.0000e+06	3.2023e+02	3.2023e+02	5.1318e-08
5.5000e+06	3.2247e+02	3.2247e+02	5.1679e-08
6.0000e+06	3.2451e+02	3.2451e+02	5.2005e-08
6.5000e+06	3.2637e+02	3.2637e+02	5.2303e-08
7.0000e+06	3.2808e+02	3.2808e+02	5.2577e-08
7.5000e+06	3.2967e+02	3.2967e+02	5.2831e-08
8.0000e+06	3.3114e+02	3.3114e+02	5.3067e-08
8.5000e+06	3.3252e+02	3.3252e+02	5.3288e-08
9.0000e+06	3.3381e+02	3.3381e+02	5.3495e-08
9.5000e+06	3.3502e+02	3.3502e+02	5.3690e-08
1.0000e+07	3.3617e+02	3.3617e+02	5.3874e-08