'*',    13,     3,     4,     0,     5,     5,    46,     2
'OMNIDIRECTIONAL FLUENCE ANALYSIS'
'MULASSIS ml-v01-19'
'geant4-09-02-ref-00 (19-December-2008)'
'FLU_BDY', 1, 2, ' '
'FLU_PAR, -1, proton  '
'FLU_AMN', 1, 0., 'deg'
'FLU_AMX', 1, 90., 'deg'
'Elo','keV', 1, ' Lower edge of energy    bin '
'Eup','keV', 1, ' Upper edge of energy    bin '
'Emean','keV', 1, ' Mean energy of bin '
'Value','particles/cm2/bin',1,             'Fluence/flux'
'Error','particles/cm2/bin',1,'Error in   fluence/flux'
  0.000000E+00,   4.000000E+01,   2.000000E+01,   1.192143E+06,   0.000000E+00
  4.000000E+01,   1.000000E+02,   7.000000E+01,   1.788214E+06,   0.000000E+00
  1.000000E+02,   2.000000E+02,   1.500000E+02,   2.980357E+06,   0.000000E+00
  2.000000E+02,   3.000000E+02,   2.500000E+02,   3.231357E+06,   0.000000E+00
  3.000000E+02,   4.000000E+02,   3.500000E+02,   3.699533E+06,   0.000000E+00
  4.000000E+02,   5.000000E+02,   4.500000E+02,   4.117573E+06,   0.000000E+00
  5.000000E+02,   6.000000E+02,   5.500000E+02,   4.819760E+06,   0.000000E+00
  6.000000E+02,   7.000000E+02,   6.500000E+02,   5.035078E+06,   0.000000E+00
  7.000000E+02,   8.000000E+02,   7.500000E+02,   5.842074E+06,   0.000000E+00
  8.000000E+02,   1.000000E+03,   9.000000E+02,   1.274357E+07,   0.000000E+00
  1.000000E+03,   1.250000E+03,   1.125000E+03,   1.909727E+07,   0.000000E+00
  1.250000E+03,   1.500000E+03,   1.375000E+03,   2.237730E+07,   0.000000E+00
  1.500000E+03,   1.750000E+03,   1.625000E+03,   2.557754E+07,   0.000000E+00
  1.750000E+03,   2.000000E+03,   1.875000E+03,   2.957090E+07,   0.000000E+00
  2.000000E+03,   2.250000E+03,   2.125000E+03,   3.376321E+07,   0.000000E+00
  2.250000E+03,   2.500000E+03,   2.375000E+03,   3.799861E+07,   0.000000E+00
  2.500000E+03,   2.750000E+03,   2.625000E+03,   4.328489E+07,   0.000000E+00
  2.750000E+03,   3.000000E+03,   2.875000E+03,   4.930356E+07,   0.000000E+00
  3.000000E+03,   3.250000E+03,   3.125000E+03,   5.654265E+07,   0.000000E+00
  3.250000E+03,   3.500000E+03,   3.375000E+03,   6.421328E+07,   0.000000E+00
  3.500000E+03,   3.750000E+03,   3.625000E+03,   6.770931E+07,   0.000000E+00
  3.750000E+03,   4.000000E+03,   3.875000E+03,   5.610710E+07,   0.000000E+00
  4.000000E+03,   4.250000E+03,   4.125000E+03,   4.416084E+07,   0.000000E+00
  4.250000E+03,   4.500000E+03,   4.375000E+03,   4.867192E+07,   0.000000E+00
  4.500000E+03,   4.750000E+03,   4.625000E+03,   5.291080E+07,   0.000000E+00
  4.750000E+03,   5.000000E+03,   4.875000E+03,   6.092060E+07,   0.000000E+00
  5.000000E+03,   5.500000E+03,   5.250000E+03,   1.046319E+08,   0.000000E+00
  5.500000E+03,   6.000000E+03,   5.750000E+03,   7.468956E+07,   0.000000E+00
  6.000000E+03,   6.500000E+03,   6.250000E+03,   9.143557E+07,   0.000000E+00
  6.500000E+03,   7.000000E+03,   6.750000E+03,   8.734913E+07,   0.000000E+00
  7.000000E+03,   1.000000E+04,   8.500000E+03,   4.469494E+08,   0.000000E+00
  1.000000E+04,   2.000000E+04,   1.500000E+04,   1.313133E+09,   0.000000E+00
  2.000000E+04,   3.000000E+04,   2.500000E+04,   1.001952E+09,   0.000000E+00
  3.000000E+04,   4.000000E+04,   3.500000E+04,   5.438882E+08,   0.000000E+00
  4.000000E+04,   5.000000E+04,   4.500000E+04,   3.641307E+08,   0.000000E+00
  5.000000E+04,   6.000000E+04,   5.500000E+04,   2.169495E+08,   0.000000E+00
  6.000000E+04,   7.000000E+04,   6.500000E+04,   1.757188E+08,   0.000000E+00
  7.000000E+04,   8.000000E+04,   7.500000E+04,   8.919308E+07,   0.000000E+00
  8.000000E+04,   1.000000E+05,   9.000000E+04,   1.252311E+08,   0.000000E+00
  1.000000E+05,   1.500000E+05,   1.250000E+05,   1.019388E+08,   0.000000E+00
  1.500000E+05,   2.000000E+05,   1.750000E+05,   3.523327E+07,   0.000000E+00
  2.000000E+05,   3.000000E+05,   2.500000E+05,   2.911048E+07,   0.000000E+00
  3.000000E+05,   4.000000E+05,   3.500000E+05,   8.264785E+06,   0.000000E+00
  4.000000E+05,   5.000000E+05,   4.500000E+05,   2.141846E+06,   0.000000E+00
  5.000000E+05,   8.000000E+05,   6.500000E+05,   8.636564E+05,   0.000000E+00
  8.000000E+05,   1.000000E+06,   0.000000E+00,   0.000000E+00,   0.000000E+00
'End of Block'
'*',    13,     3,     4,     0,     5,     5,    46,     1
'OMNIDIRECTIONAL FLUENCE ANALYSIS'
'MULASSIS ml-v01-19'
'geant4-09-02-ref-00 (19-December-2008)'
'FLU_BDY', 1, 2, ' '
'FLU_PAR, -1, e-      '
'FLU_AMN', 1, 0., 'deg'
'FLU_AMX', 1, 90., 'deg'
'Elo','keV', 1, ' Lower edge of energy    bin '
'Eup','keV', 1, ' Upper edge of energy    bin '
'Emean','keV', 1, ' Mean energy of bin '
'Value','particles/cm2/bin',1,             'Fluence/flux'
'Error','particles/cm2/bin',1,'Error in   fluence/flux'
  0.000000E+00,   4.000000E+01,   2.000000E+01,   8.150667E+12,   0.000000E+00
  4.000000E+01,   1.000000E+02,   7.000000E+01,   1.178324E+13,   0.000000E+00
  1.000000E+02,   2.000000E+02,   1.500000E+02,   2.404467E+13,   0.000000E+00
  2.000000E+02,   3.000000E+02,   2.500000E+02,   2.795553E+13,   0.000000E+00
  3.000000E+02,   4.000000E+02,   3.500000E+02,   2.624385E+13,   0.000000E+00
  4.000000E+02,   5.000000E+02,   4.500000E+02,   2.522052E+13,   0.000000E+00
  5.000000E+02,   6.000000E+02,   5.500000E+02,   2.201325E+13,   0.000000E+00
  6.000000E+02,   7.000000E+02,   6.500000E+02,   1.941484E+13,   0.000000E+00
  7.000000E+02,   8.000000E+02,   7.500000E+02,   1.608746E+13,   0.000000E+00
  8.000000E+02,   1.000000E+03,   9.000000E+02,   2.398704E+13,   0.000000E+00
  1.000000E+03,   1.250000E+03,   1.125000E+03,   1.849819E+13,   0.000000E+00
  1.250000E+03,   1.500000E+03,   1.375000E+03,   1.200834E+13,   0.000000E+00
  1.500000E+03,   1.750000E+03,   1.625000E+03,   7.944120E+12,   0.000000E+00
  1.750000E+03,   2.000000E+03,   1.875000E+03,   5.148328E+12,   0.000000E+00
  2.000000E+03,   2.250000E+03,   2.125000E+03,   3.455408E+12,   0.000000E+00
  2.250000E+03,   2.500000E+03,   2.375000E+03,   2.261393E+12,   0.000000E+00
  2.500000E+03,   2.750000E+03,   2.625000E+03,   1.438861E+12,   0.000000E+00
  2.750000E+03,   3.000000E+03,   2.875000E+03,   8.338935E+11,   0.000000E+00
  3.000000E+03,   3.250000E+03,   3.125000E+03,   4.243346E+11,   0.000000E+00
  3.250000E+03,   3.500000E+03,   3.375000E+03,   2.438702E+11,   0.000000E+00
  3.500000E+03,   3.750000E+03,   3.625000E+03,   1.224173E+11,   0.000000E+00
  3.750000E+03,   4.000000E+03,   3.875000E+03,   6.582909E+10,   0.000000E+00
  4.000000E+03,   4.250000E+03,   4.125000E+03,   3.070198E+10,   0.000000E+00
  4.250000E+03,   4.500000E+03,   4.375000E+03,   1.479558E+10,   0.000000E+00
  4.500000E+03,   4.750000E+03,   4.625000E+03,   5.775358E+09,   0.000000E+00
  4.750000E+03,   5.000000E+03,   4.875000E+03,   2.238744E+09,   0.000000E+00
  5.000000E+03,   5.500000E+03,   5.250000E+03,   9.018409E+08,   0.000000E+00
  5.500000E+03,   6.000000E+03,   5.750000E+03,   6.688586E+07,   0.000000E+00
  6.000000E+03,   6.500000E+03,   6.250000E+03,   1.477328E+04,   0.000000E+00
  6.500000E+03,   7.000000E+03,   6.750000E+03,   1.477328E+04,   0.000000E+00
  7.000000E+03,   1.000000E+04,   8.500000E+03,   8.347981E+04,   0.000000E+00
  1.000000E+04,   2.000000E+04,   1.500000E+04,   1.411711E+05,   0.000000E+00
  2.000000E+04,   3.000000E+04,   2.500000E+04,   4.032986E+04,   0.000000E+00
  3.000000E+04,   4.000000E+04,   3.500000E+04,   1.254511E+04,   0.000000E+00
  4.000000E+04,   5.000000E+04,   4.500000E+04,   4.941705E+03,   0.000000E+00
  5.000000E+04,   6.000000E+04,   5.500000E+04,   2.424480E+03,   0.000000E+00
  6.000000E+04,   7.000000E+04,   6.500000E+04,   1.375601E+03,   0.000000E+00
  7.000000E+04,   8.000000E+04,   7.500000E+04,   8.070303E+02,   0.000000E+00
  8.000000E+04,   1.000000E+05,   9.000000E+04,   8.744704E+02,   0.000000E+00
  1.000000E+05,   1.500000E+05,   1.250000E+05,   8.161681E+02,   0.000000E+00
  1.500000E+05,   2.000000E+05,   1.750000E+05,   2.370500E+02,   0.000000E+00
  2.000000E+05,   3.000000E+05,   2.500000E+05,   1.162213E+02,   0.000000E+00
  3.000000E+05,   4.000000E+05,   3.500000E+05,   2.397055E+01,   0.000000E+00
  4.000000E+05,   5.000000E+05,   4.500000E+05,   6.458677E+00,   0.000000E+00
  5.000000E+05,   8.000000E+05,   6.500000E+05,   8.332673E-01,   0.000000E+00
  8.000000E+05,   1.000000E+06,   0.000000E+00,   0.000000E+00,   0.000000E+00
'End of Block'
'*',    13,     3,     4,     0,     5,     5,    46,    -1
'OMNIDIRECTIONAL FLUENCE ANALYSIS'
'MULASSIS ml-v01-19'
'geant4-09-02-ref-00 (19-December-2008)'
'FLU_BDY', 1, 2, ' '
'FLU_PAR, -1, neutron '
'FLU_AMN', 1, 0., 'deg'
'FLU_AMX', 1, 90., 'deg'
'Elo','keV', 1, ' Lower edge of energy    bin '
'Eup','keV', 1, ' Upper edge of energy    bin '
'Emean','keV', 1, ' Mean energy of bin '
'Value','particles/cm2/bin',1,             'Fluence/flux'
'Error','particles/cm2/bin',1,'Error in   fluence/flux'
  0.000000E+00,   4.000000E+01,   2.000000E+01,   8.979557E+04,   0.000000E+00
  4.000000E+01,   1.000000E+02,   7.000000E+01,   1.346933E+05,   0.000000E+00
  1.000000E+02,   2.000000E+02,   1.500000E+02,   2.244889E+05,   0.000000E+00
  2.000000E+02,   3.000000E+02,   2.500000E+02,   2.244434E+05,   0.000000E+00
  3.000000E+02,   4.000000E+02,   3.500000E+02,   2.243584E+05,   0.000000E+00
  4.000000E+02,   5.000000E+02,   4.500000E+02,   2.238666E+05,   0.000000E+00
  5.000000E+02,   6.000000E+02,   5.500000E+02,   2.209370E+05,   0.000000E+00
  6.000000E+02,   7.000000E+02,   6.500000E+02,   2.156640E+05,   0.000000E+00
  7.000000E+02,   8.000000E+02,   7.500000E+02,   2.090958E+05,   0.000000E+00
  8.000000E+02,   1.000000E+03,   9.000000E+02,   3.971625E+05,   0.000000E+00
  1.000000E+03,   1.250000E+03,   1.125000E+03,   4.546534E+05,   0.000000E+00
  1.250000E+03,   1.500000E+03,   1.375000E+03,   4.063579E+05,   0.000000E+00
  1.500000E+03,   1.750000E+03,   1.625000E+03,   3.631077E+05,   0.000000E+00
  1.750000E+03,   2.000000E+03,   1.875000E+03,   3.258135E+05,   0.000000E+00
  2.000000E+03,   2.250000E+03,   2.125000E+03,   2.968835E+05,   0.000000E+00
  2.250000E+03,   2.500000E+03,   2.375000E+03,   2.742335E+05,   0.000000E+00
  2.500000E+03,   2.750000E+03,   2.625000E+03,   2.533129E+05,   0.000000E+00
  2.750000E+03,   3.000000E+03,   2.875000E+03,   2.343852E+05,   0.000000E+00
  3.000000E+03,   3.250000E+03,   3.125000E+03,   2.183476E+05,   0.000000E+00
  3.250000E+03,   3.500000E+03,   3.375000E+03,   2.037799E+05,   0.000000E+00
  3.500000E+03,   3.750000E+03,   3.625000E+03,   1.905592E+05,   0.000000E+00
  3.750000E+03,   4.000000E+03,   3.875000E+03,   1.768606E+05,   0.000000E+00
  4.000000E+03,   4.250000E+03,   4.125000E+03,   1.690533E+05,   0.000000E+00
  4.250000E+03,   4.500000E+03,   4.375000E+03,   1.542650E+05,   0.000000E+00
  4.500000E+03,   4.750000E+03,   4.625000E+03,   1.502057E+05,   0.000000E+00
  4.750000E+03,   5.000000E+03,   4.875000E+03,   1.370026E+05,   0.000000E+00
  5.000000E+03,   5.500000E+03,   5.250000E+03,   2.561365E+05,   0.000000E+00
  5.500000E+03,   6.000000E+03,   5.750000E+03,   2.273981E+05,   0.000000E+00
  6.000000E+03,   6.500000E+03,   6.250000E+03,   2.013635E+05,   0.000000E+00
  6.500000E+03,   7.000000E+03,   6.750000E+03,   1.806220E+05,   0.000000E+00
  7.000000E+03,   1.000000E+04,   8.500000E+03,   7.613118E+05,   0.000000E+00
  1.000000E+04,   2.000000E+04,   1.500000E+04,   1.089488E+06,   0.000000E+00
  2.000000E+04,   3.000000E+04,   2.500000E+04,   4.975910E+05,   0.000000E+00
  3.000000E+04,   4.000000E+04,   3.500000E+04,   2.415188E+05,   0.000000E+00
  4.000000E+04,   5.000000E+04,   4.500000E+04,   1.361117E+05,   0.000000E+00
  5.000000E+04,   6.000000E+04,   5.500000E+04,   8.436043E+04,   0.000000E+00
  6.000000E+04,   7.000000E+04,   6.500000E+04,   5.805258E+04,   0.000000E+00
  7.000000E+04,   8.000000E+04,   7.500000E+04,   4.043028E+04,   0.000000E+00
  8.000000E+04,   1.000000E+05,   9.000000E+04,   5.039351E+04,   0.000000E+00
  1.000000E+05,   1.500000E+05,   1.250000E+05,   5.994350E+04,   0.000000E+00
  1.500000E+05,   2.000000E+05,   1.750000E+05,   2.480868E+04,   0.000000E+00
  2.000000E+05,   3.000000E+05,   2.500000E+05,   1.381892E+04,   0.000000E+00
  3.000000E+05,   4.000000E+05,   3.500000E+05,   2.101576E+03,   0.000000E+00
  4.000000E+05,   5.000000E+05,   4.500000E+05,   4.837018E+02,   0.000000E+00
  5.000000E+05,   8.000000E+05,   6.500000E+05,   4.421875E+01,   0.000000E+00
  8.000000E+05,   1.000000E+06,   0.000000E+00,   0.000000E+00,   0.000000E+00
'End of File'
