'*',    13,     3,     4,     0,     5,     5,    46,     2
'OMNIDIRECTIONAL FLUENCE ANALYSIS'
'MULASSIS ml-v01-19'
'geant4-09-02-ref-00 (19-December-2008)'
'FLU_BDY', 1, 2, ' '
'FLU_PAR, -1, proton  '
'FLU_AMN', 1, 0., 'deg'
'FLU_AMX', 1, 90., 'deg'
'Elo','keV', 1, ' Lower edge of energy    bin '
'Eup','keV', 1, ' Upper edge of energy    bin '
'Emean','keV', 1, ' Mean energy of bin '
'Value','particles/cm2/bin',1,             'Fluence/flux'
'Error','particles/cm2/bin',1,'Error in   fluence/flux'
  0.000000E+00,   4.000000E+01,   2.000000E+01,   1.810986E+06,   0.000000E+00
  4.000000E+01,   1.000000E+02,   7.000000E+01,   2.716479E+06,   0.000000E+00
  1.000000E+02,   2.000000E+02,   1.500000E+02,   4.527465E+06,   0.000000E+00
  2.000000E+02,   3.000000E+02,   2.500000E+02,   4.912210E+06,   0.000000E+00
  3.000000E+02,   4.000000E+02,   3.500000E+02,   5.629951E+06,   0.000000E+00
  4.000000E+02,   5.000000E+02,   4.500000E+02,   6.264073E+06,   0.000000E+00
  5.000000E+02,   6.000000E+02,   5.500000E+02,   7.333517E+06,   0.000000E+00
  6.000000E+02,   7.000000E+02,   6.500000E+02,   7.660069E+06,   0.000000E+00
  7.000000E+02,   8.000000E+02,   7.500000E+02,   8.895238E+06,   0.000000E+00
  8.000000E+02,   1.000000E+03,   9.000000E+02,   1.939253E+07,   0.000000E+00
  1.000000E+03,   1.250000E+03,   1.125000E+03,   2.906879E+07,   0.000000E+00
  1.250000E+03,   1.500000E+03,   1.375000E+03,   3.405815E+07,   0.000000E+00
  1.500000E+03,   1.750000E+03,   1.625000E+03,   3.893867E+07,   0.000000E+00
  1.750000E+03,   2.000000E+03,   1.875000E+03,   4.501845E+07,   0.000000E+00
  2.000000E+03,   2.250000E+03,   2.125000E+03,   5.141737E+07,   0.000000E+00
  2.250000E+03,   2.500000E+03,   2.375000E+03,   5.787989E+07,   0.000000E+00
  2.500000E+03,   2.750000E+03,   2.625000E+03,   6.593720E+07,   0.000000E+00
  2.750000E+03,   3.000000E+03,   2.875000E+03,   7.513660E+07,   0.000000E+00
  3.000000E+03,   3.250000E+03,   3.125000E+03,   8.618221E+07,   0.000000E+00
  3.250000E+03,   3.500000E+03,   3.375000E+03,   9.790633E+07,   0.000000E+00
  3.500000E+03,   3.750000E+03,   3.625000E+03,   1.032152E+08,   0.000000E+00
  3.750000E+03,   4.000000E+03,   3.875000E+03,   8.537762E+07,   0.000000E+00
  4.000000E+03,   4.250000E+03,   4.125000E+03,   6.703042E+07,   0.000000E+00
  4.250000E+03,   4.500000E+03,   4.375000E+03,   7.386336E+07,   0.000000E+00
  4.500000E+03,   4.750000E+03,   4.625000E+03,   8.033249E+07,   0.000000E+00
  4.750000E+03,   5.000000E+03,   4.875000E+03,   9.250283E+07,   0.000000E+00
  5.000000E+03,   5.500000E+03,   5.250000E+03,   1.583917E+08,   0.000000E+00
  5.500000E+03,   6.000000E+03,   5.750000E+03,   1.120595E+08,   0.000000E+00
  6.000000E+03,   6.500000E+03,   6.250000E+03,   1.371273E+08,   0.000000E+00
  6.500000E+03,   7.000000E+03,   6.750000E+03,   1.310367E+08,   0.000000E+00
  7.000000E+03,   1.000000E+04,   8.500000E+03,   6.716327E+08,   0.000000E+00
  1.000000E+04,   2.000000E+04,   1.500000E+04,   1.966947E+09,   0.000000E+00
  2.000000E+04,   3.000000E+04,   2.500000E+04,   1.522511E+09,   0.000000E+00
  3.000000E+04,   4.000000E+04,   3.500000E+04,   8.577825E+08,   0.000000E+00
  4.000000E+04,   5.000000E+04,   4.500000E+04,   6.101273E+08,   0.000000E+00
  5.000000E+04,   6.000000E+04,   5.500000E+04,   3.902855E+08,   0.000000E+00
  6.000000E+04,   7.000000E+04,   6.500000E+04,   3.547363E+08,   0.000000E+00
  7.000000E+04,   8.000000E+04,   7.500000E+04,   2.006527E+08,   0.000000E+00
  8.000000E+04,   1.000000E+05,   9.000000E+04,   3.086984E+08,   0.000000E+00
  1.000000E+05,   1.500000E+05,   1.250000E+05,   3.345244E+08,   0.000000E+00
  1.500000E+05,   2.000000E+05,   1.750000E+05,   1.336183E+08,   0.000000E+00
  2.000000E+05,   3.000000E+05,   2.500000E+05,   1.064187E+08,   0.000000E+00
  3.000000E+05,   4.000000E+05,   3.500000E+05,   1.063041E+07,   0.000000E+00
  4.000000E+05,   5.000000E+05,   4.500000E+05,   2.205408E+06,   0.000000E+00
  5.000000E+05,   8.000000E+05,   6.500000E+05,   8.741271E+05,   0.000000E+00
  8.000000E+05,   1.000000E+06,   0.000000E+00,   0.000000E+00,   0.000000E+00
'End of Block'
'*',    13,     3,     4,     0,     5,     5,    46,     1
'OMNIDIRECTIONAL FLUENCE ANALYSIS'
'MULASSIS ml-v01-19'
'geant4-09-02-ref-00 (19-December-2008)'
'FLU_BDY', 1, 2, ' '
'FLU_PAR, -1, e-      '
'FLU_AMN', 1, 0., 'deg'
'FLU_AMX', 1, 90., 'deg'
'Elo','keV', 1, ' Lower edge of energy    bin '
'Eup','keV', 1, ' Upper edge of energy    bin '
'Emean','keV', 1, ' Mean energy of bin '
'Value','particles/cm2/bin',1,             'Fluence/flux'
'Error','particles/cm2/bin',1,'Error in   fluence/flux'
  0.000000E+00,   4.000000E+01,   2.000000E+01,   3.873059E+12,   0.000000E+00
  4.000000E+01,   1.000000E+02,   7.000000E+01,   6.401696E+12,   0.000000E+00
  1.000000E+02,   2.000000E+02,   1.500000E+02,   1.370784E+13,   0.000000E+00
  2.000000E+02,   3.000000E+02,   2.500000E+02,   1.489344E+13,   0.000000E+00
  3.000000E+02,   4.000000E+02,   3.500000E+02,   1.265061E+13,   0.000000E+00
  4.000000E+02,   5.000000E+02,   4.500000E+02,   1.088842E+13,   0.000000E+00
  5.000000E+02,   6.000000E+02,   5.500000E+02,   8.402155E+12,   0.000000E+00
  6.000000E+02,   7.000000E+02,   6.500000E+02,   6.655673E+12,   0.000000E+00
  7.000000E+02,   8.000000E+02,   7.500000E+02,   4.949513E+12,   0.000000E+00
  8.000000E+02,   1.000000E+03,   9.000000E+02,   6.348878E+12,   0.000000E+00
  1.000000E+03,   1.250000E+03,   1.125000E+03,   4.093726E+12,   0.000000E+00
  1.250000E+03,   1.500000E+03,   1.375000E+03,   2.125668E+12,   0.000000E+00
  1.500000E+03,   1.750000E+03,   1.625000E+03,   1.264923E+12,   0.000000E+00
  1.750000E+03,   2.000000E+03,   1.875000E+03,   7.885808E+11,   0.000000E+00
  2.000000E+03,   2.250000E+03,   2.125000E+03,   4.679275E+11,   0.000000E+00
  2.250000E+03,   2.500000E+03,   2.375000E+03,   2.487756E+11,   0.000000E+00
  2.500000E+03,   2.750000E+03,   2.625000E+03,   1.523417E+11,   0.000000E+00
  2.750000E+03,   3.000000E+03,   2.875000E+03,   8.760705E+10,   0.000000E+00
  3.000000E+03,   3.250000E+03,   3.125000E+03,   4.466496E+10,   0.000000E+00
  3.250000E+03,   3.500000E+03,   3.375000E+03,   2.571079E+10,   0.000000E+00
  3.500000E+03,   3.750000E+03,   3.625000E+03,   1.336133E+10,   0.000000E+00
  3.750000E+03,   4.000000E+03,   3.875000E+03,   7.625671E+09,   0.000000E+00
  4.000000E+03,   4.250000E+03,   4.125000E+03,   3.817689E+09,   0.000000E+00
  4.250000E+03,   4.500000E+03,   4.375000E+03,   2.018986E+09,   0.000000E+00
  4.500000E+03,   4.750000E+03,   4.625000E+03,   5.258249E+08,   0.000000E+00
  4.750000E+03,   5.000000E+03,   4.875000E+03,   1.232561E+08,   0.000000E+00
  5.000000E+03,   5.500000E+03,   5.250000E+03,   2.598442E+07,   0.000000E+00
  5.500000E+03,   6.000000E+03,   5.750000E+03,   1.570355E+06,   0.000000E+00
  6.000000E+03,   6.500000E+03,   6.250000E+03,   1.561282E+05,   0.000000E+00
  6.500000E+03,   7.000000E+03,   6.750000E+03,   2.239121E+04,   0.000000E+00
  7.000000E+03,   1.000000E+04,   8.500000E+03,   1.264375E+05,   0.000000E+00
  1.000000E+04,   2.000000E+04,   1.500000E+04,   2.146086E+05,   0.000000E+00
  2.000000E+04,   3.000000E+04,   2.500000E+04,   6.361811E+04,   0.000000E+00
  3.000000E+04,   4.000000E+04,   3.500000E+04,   2.149708E+04,   0.000000E+00
  4.000000E+04,   5.000000E+04,   4.500000E+04,   9.505586E+03,   0.000000E+00
  5.000000E+04,   6.000000E+04,   5.500000E+04,   5.263342E+03,   0.000000E+00
  6.000000E+04,   7.000000E+04,   6.500000E+04,   3.358594E+03,   0.000000E+00
  7.000000E+04,   8.000000E+04,   7.500000E+04,   2.190370E+03,   0.000000E+00
  8.000000E+04,   1.000000E+05,   9.000000E+04,   2.685992E+03,   0.000000E+00
  1.000000E+05,   1.500000E+05,   1.250000E+05,   2.833866E+03,   0.000000E+00
  1.500000E+05,   2.000000E+05,   1.750000E+05,   8.400924E+02,   0.000000E+00
  2.000000E+05,   3.000000E+05,   2.500000E+05,   3.105768E+02,   0.000000E+00
  3.000000E+05,   4.000000E+05,   3.500000E+05,   5.666451E+00,   0.000000E+00
  4.000000E+05,   5.000000E+05,   4.500000E+05,   6.579414E+00,   0.000000E+00
  5.000000E+05,   8.000000E+05,   6.500000E+05,   8.433696E-01,   0.000000E+00
  8.000000E+05,   1.000000E+06,   0.000000E+00,   0.000000E+00,   0.000000E+00
'End of Block'
'*',    13,     3,     4,     0,     5,     5,    46,    -1
'OMNIDIRECTIONAL FLUENCE ANALYSIS'
'MULASSIS ml-v01-19'
'geant4-09-02-ref-00 (19-December-2008)'
'FLU_BDY', 1, 2, ' '
'FLU_PAR, -1, neutron '
'FLU_AMN', 1, 0., 'deg'
'FLU_AMX', 1, 90., 'deg'
'Elo','keV', 1, ' Lower edge of energy    bin '
'Eup','keV', 1, ' Upper edge of energy    bin '
'Emean','keV', 1, ' Mean energy of bin '
'Value','particles/cm2/bin',1,             'Fluence/flux'
'Error','particles/cm2/bin',1,'Error in   fluence/flux'
  0.000000E+00,   4.000000E+01,   2.000000E+01,   1.425698E+05,   0.000000E+00
  4.000000E+01,   1.000000E+02,   7.000000E+01,   2.138547E+05,   0.000000E+00
  1.000000E+02,   2.000000E+02,   1.500000E+02,   3.564245E+05,   0.000000E+00
  2.000000E+02,   3.000000E+02,   2.500000E+02,   3.563547E+05,   0.000000E+00
  3.000000E+02,   4.000000E+02,   3.500000E+02,   3.562244E+05,   0.000000E+00
  4.000000E+02,   5.000000E+02,   4.500000E+02,   3.554866E+05,   0.000000E+00
  5.000000E+02,   6.000000E+02,   5.500000E+02,   3.510920E+05,   0.000000E+00
  6.000000E+02,   7.000000E+02,   6.500000E+02,   3.431635E+05,   0.000000E+00
  7.000000E+02,   8.000000E+02,   7.500000E+02,   3.332556E+05,   0.000000E+00
  8.000000E+02,   1.000000E+03,   9.000000E+02,   6.351112E+05,   0.000000E+00
  1.000000E+03,   1.250000E+03,   1.125000E+03,   7.313661E+05,   0.000000E+00
  1.250000E+03,   1.500000E+03,   1.375000E+03,   6.591674E+05,   0.000000E+00
  1.500000E+03,   1.750000E+03,   1.625000E+03,   5.941378E+05,   0.000000E+00
  1.750000E+03,   2.000000E+03,   1.875000E+03,   5.377504E+05,   0.000000E+00
  2.000000E+03,   2.250000E+03,   2.125000E+03,   4.937077E+05,   0.000000E+00
  2.250000E+03,   2.500000E+03,   2.375000E+03,   4.590470E+05,   0.000000E+00
  2.500000E+03,   2.750000E+03,   2.625000E+03,   4.269408E+05,   0.000000E+00
  2.750000E+03,   3.000000E+03,   2.875000E+03,   3.977395E+05,   0.000000E+00
  3.000000E+03,   3.250000E+03,   3.125000E+03,   3.728701E+05,   0.000000E+00
  3.250000E+03,   3.500000E+03,   3.375000E+03,   3.498498E+05,   0.000000E+00
  3.500000E+03,   3.750000E+03,   3.625000E+03,   3.290830E+05,   0.000000E+00
  3.750000E+03,   4.000000E+03,   3.875000E+03,   3.077392E+05,   0.000000E+00
  4.000000E+03,   4.250000E+03,   4.125000E+03,   2.946415E+05,   0.000000E+00
  4.250000E+03,   4.500000E+03,   4.375000E+03,   2.714056E+05,   0.000000E+00
  4.500000E+03,   4.750000E+03,   4.625000E+03,   2.642585E+05,   0.000000E+00
  4.750000E+03,   5.000000E+03,   4.875000E+03,   2.431159E+05,   0.000000E+00
  5.000000E+03,   5.500000E+03,   5.250000E+03,   4.562097E+05,   0.000000E+00
  5.500000E+03,   6.000000E+03,   5.750000E+03,   4.088716E+05,   0.000000E+00
  6.000000E+03,   6.500000E+03,   6.250000E+03,   3.655274E+05,   0.000000E+00
  6.500000E+03,   7.000000E+03,   6.750000E+03,   3.292400E+05,   0.000000E+00
  7.000000E+03,   1.000000E+04,   8.500000E+03,   1.425371E+06,   0.000000E+00
  1.000000E+04,   2.000000E+04,   1.500000E+04,   2.157936E+06,   0.000000E+00
  2.000000E+04,   3.000000E+04,   2.500000E+04,   1.038905E+06,   0.000000E+00
  3.000000E+04,   4.000000E+04,   3.500000E+04,   5.504902E+05,   0.000000E+00
  4.000000E+04,   5.000000E+04,   4.500000E+04,   3.400133E+05,   0.000000E+00
  5.000000E+04,   6.000000E+04,   5.500000E+04,   2.282574E+05,   0.000000E+00
  6.000000E+04,   7.000000E+04,   6.500000E+04,   1.675161E+05,   0.000000E+00
  7.000000E+04,   8.000000E+04,   7.500000E+04,   1.250799E+05,   0.000000E+00
  8.000000E+04,   1.000000E+05,   9.000000E+04,   1.662361E+05,   0.000000E+00
  1.000000E+05,   1.500000E+05,   1.250000E+05,   2.066955E+05,   0.000000E+00
  1.500000E+05,   2.000000E+05,   1.750000E+05,   8.069016E+04,   0.000000E+00
  2.000000E+05,   3.000000E+05,   2.500000E+05,   3.250900E+04,   0.000000E+00
  3.000000E+05,   4.000000E+05,   0.000000E+00,  -7.111043E+01,   0.000000E+00
  4.000000E+05,   5.000000E+05,   4.500000E+05,   4.927386E+02,   0.000000E+00
  5.000000E+05,   8.000000E+05,   6.500000E+05,   4.475485E+01,   0.000000E+00
  8.000000E+05,   1.000000E+06,   0.000000E+00,   0.000000E+00,   0.000000E+00
'End of File'
