'*',    13,     3,     4,     0,     5,     5,    46,     2
'OMNIDIRECTIONAL FLUENCE ANALYSIS'
'MULASSIS ml-v01-19'
'geant4-09-02-ref-00 (19-December-2008)'
'FLU_BDY', 1, 2, ' '
'FLU_PAR, -1, proton  '
'FLU_AMN', 1, 0., 'deg'
'FLU_AMX', 1, 90., 'deg'
'Elo','keV', 1, ' Lower edge of energy    bin '
'Eup','keV', 1, ' Upper edge of energy    bin '
'Emean','keV', 1, ' Mean energy of bin '
'Value','particles/cm2/bin',1,             'Fluence/flux'
'Error','particles/cm2/bin',1,'Error in   fluence/flux'
  0.000000E+00,   4.000000E+01,   2.000000E+01,   2.463367E+04,   0.000000E+00
  4.000000E+01,   1.000000E+02,   7.000000E+01,   3.695050E+04,   0.000000E+00
  1.000000E+02,   2.000000E+02,   1.500000E+02,   6.158417E+04,   0.000000E+00
  2.000000E+02,   3.000000E+02,   2.500000E+02,   6.158417E+04,   0.000000E+00
  3.000000E+02,   4.000000E+02,   3.500000E+02,   6.158417E+04,   0.000000E+00
  4.000000E+02,   5.000000E+02,   4.500000E+02,   6.158417E+04,   0.000000E+00
  5.000000E+02,   6.000000E+02,   5.500000E+02,   6.158417E+04,   0.000000E+00
  6.000000E+02,   7.000000E+02,   6.500000E+02,   6.158417E+04,   0.000000E+00
  7.000000E+02,   8.000000E+02,   7.500000E+02,   6.158417E+04,   0.000000E+00
  8.000000E+02,   1.000000E+03,   9.000000E+02,   1.231683E+05,   0.000000E+00
  1.000000E+03,   1.250000E+03,   1.125000E+03,   1.539604E+05,   0.000000E+00
  1.250000E+03,   1.500000E+03,   1.375000E+03,   1.539604E+05,   0.000000E+00
  1.500000E+03,   1.750000E+03,   1.625000E+03,   1.539604E+05,   0.000000E+00
  1.750000E+03,   2.000000E+03,   1.875000E+03,   1.539604E+05,   0.000000E+00
  2.000000E+03,   2.250000E+03,   2.125000E+03,   1.600575E+05,   0.000000E+00
  2.250000E+03,   2.500000E+03,   2.375000E+03,   1.963442E+05,   0.000000E+00
  2.500000E+03,   2.750000E+03,   2.625000E+03,   1.963442E+05,   0.000000E+00
  2.750000E+03,   3.000000E+03,   2.875000E+03,   1.963442E+05,   0.000000E+00
  3.000000E+03,   3.250000E+03,   3.125000E+03,   2.200596E+05,   0.000000E+00
  3.250000E+03,   3.500000E+03,   3.375000E+03,   2.314725E+05,   0.000000E+00
  3.500000E+03,   3.750000E+03,   3.625000E+03,   2.314725E+05,   0.000000E+00
  3.750000E+03,   4.000000E+03,   3.875000E+03,   2.415917E+05,   0.000000E+00
  4.000000E+03,   4.250000E+03,   4.125000E+03,   2.595047E+05,   0.000000E+00
  4.250000E+03,   4.500000E+03,   4.375000E+03,   2.702186E+05,   0.000000E+00
  4.500000E+03,   4.750000E+03,   4.625000E+03,   2.971356E+05,   0.000000E+00
  4.750000E+03,   5.000000E+03,   4.875000E+03,   3.196344E+05,   0.000000E+00
  5.000000E+03,   5.500000E+03,   5.250000E+03,   6.392687E+05,   0.000000E+00
  5.500000E+03,   6.000000E+03,   5.750000E+03,   6.586868E+05,   0.000000E+00
  6.000000E+03,   6.500000E+03,   6.250000E+03,   7.066509E+05,   0.000000E+00
  6.500000E+03,   7.000000E+03,   6.750000E+03,   7.954562E+05,   0.000000E+00
  7.000000E+03,   1.000000E+04,   8.500000E+03,   5.526174E+06,   0.000000E+00
  1.000000E+04,   2.000000E+04,   1.500000E+04,   3.002048E+07,   0.000000E+00
  2.000000E+04,   3.000000E+04,   2.500000E+04,   5.198026E+07,   0.000000E+00
  3.000000E+04,   4.000000E+04,   3.500000E+04,   5.723643E+07,   0.000000E+00
  4.000000E+04,   5.000000E+04,   4.500000E+04,   6.144810E+07,   0.000000E+00
  5.000000E+04,   6.000000E+04,   5.500000E+04,   5.727821E+07,   0.000000E+00
  6.000000E+04,   7.000000E+04,   6.500000E+04,   5.029020E+07,   0.000000E+00
  7.000000E+04,   8.000000E+04,   7.500000E+04,   4.538126E+07,   0.000000E+00
  8.000000E+04,   1.000000E+05,   9.000000E+04,   7.368932E+07,   0.000000E+00
  1.000000E+05,   1.500000E+05,   1.250000E+05,   1.456279E+08,   0.000000E+00
  1.500000E+05,   2.000000E+05,   1.750000E+05,   1.041969E+08,   0.000000E+00
  2.000000E+05,   3.000000E+05,   2.500000E+05,   8.550967E+07,   0.000000E+00
  3.000000E+05,   4.000000E+05,   3.500000E+05,   6.747314E+06,   0.000000E+00
  4.000000E+05,   5.000000E+05,   4.500000E+05,   2.030072E+06,   0.000000E+00
  5.000000E+05,   8.000000E+05,   6.500000E+05,   4.670349E+05,   0.000000E+00
  8.000000E+05,   1.000000E+06,   0.000000E+00,   0.000000E+00,   0.000000E+00
'End of Block'
'*',    13,     3,     4,     0,     5,     5,    46,     1
'OMNIDIRECTIONAL FLUENCE ANALYSIS'
'MULASSIS ml-v01-19'
'geant4-09-02-ref-00 (19-December-2008)'
'FLU_BDY', 1, 2, ' '
'FLU_PAR, -1, e-      '
'FLU_AMN', 1, 0., 'deg'
'FLU_AMX', 1, 90., 'deg'
'Elo','keV', 1, ' Lower edge of energy    bin '
'Eup','keV', 1, ' Upper edge of energy    bin '
'Emean','keV', 1, ' Mean energy of bin '
'Value','particles/cm2/bin',1,             'Fluence/flux'
'Error','particles/cm2/bin',1,'Error in   fluence/flux'
  0.000000E+00,   4.000000E+01,   2.000000E+01,   3.767530E+07,   0.000000E+00
  4.000000E+01,   1.000000E+02,   7.000000E+01,   2.116664E+07,   0.000000E+00
  1.000000E+02,   2.000000E+02,   1.500000E+02,   1.193815E+07,   0.000000E+00
  2.000000E+02,   3.000000E+02,   2.500000E+02,   3.882499E+06,   0.000000E+00
  3.000000E+02,   4.000000E+02,   3.500000E+02,   1.427206E+06,   0.000000E+00
  4.000000E+02,   5.000000E+02,   4.500000E+02,   5.819006E+05,   0.000000E+00
  5.000000E+02,   6.000000E+02,   5.500000E+02,   2.295201E+05,   0.000000E+00
  6.000000E+02,   7.000000E+02,   6.500000E+02,   1.023530E+05,   0.000000E+00
  7.000000E+02,   8.000000E+02,   7.500000E+02,   5.331989E+04,   0.000000E+00
  8.000000E+02,   1.000000E+03,   9.000000E+02,   6.068857E+04,   0.000000E+00
  1.000000E+03,   1.250000E+03,   1.125000E+03,   4.253971E+04,   0.000000E+00
  1.250000E+03,   1.500000E+03,   1.375000E+03,   2.034192E+04,   0.000000E+00
  1.500000E+03,   1.750000E+03,   1.625000E+03,   8.083494E+03,   0.000000E+00
  1.750000E+03,   2.000000E+03,   1.875000E+03,   4.652840E+03,   0.000000E+00
  2.000000E+03,   2.250000E+03,   2.125000E+03,   2.985072E+03,   0.000000E+00
  2.250000E+03,   2.500000E+03,   2.375000E+03,   2.026078E+03,   0.000000E+00
  2.500000E+03,   2.750000E+03,   2.625000E+03,   2.535770E+03,   0.000000E+00
  2.750000E+03,   3.000000E+03,   2.875000E+03,   2.403592E+03,   0.000000E+00
  3.000000E+03,   3.250000E+03,   3.125000E+03,   2.335051E+03,   0.000000E+00
  3.250000E+03,   3.500000E+03,   3.375000E+03,   2.254902E+03,   0.000000E+00
  3.500000E+03,   3.750000E+03,   3.625000E+03,   2.192825E+03,   0.000000E+00
  3.750000E+03,   4.000000E+03,   3.875000E+03,   2.192825E+03,   0.000000E+00
  4.000000E+03,   4.250000E+03,   4.125000E+03,   2.192825E+03,   0.000000E+00
  4.250000E+03,   4.500000E+03,   4.375000E+03,   2.192825E+03,   0.000000E+00
  4.500000E+03,   4.750000E+03,   4.625000E+03,   2.192825E+03,   0.000000E+00
  4.750000E+03,   5.000000E+03,   4.875000E+03,   2.192825E+03,   0.000000E+00
  5.000000E+03,   5.500000E+03,   5.250000E+03,   4.385650E+03,   0.000000E+00
  5.500000E+03,   6.000000E+03,   5.750000E+03,   4.385650E+03,   0.000000E+00
  6.000000E+03,   6.500000E+03,   6.250000E+03,   4.385650E+03,   0.000000E+00
  6.500000E+03,   7.000000E+03,   6.750000E+03,   4.385650E+03,   0.000000E+00
  7.000000E+03,   1.000000E+04,   8.500000E+03,   2.631390E+04,   0.000000E+00
  1.000000E+04,   2.000000E+04,   1.500000E+04,   8.771301E+04,   0.000000E+00
  2.000000E+04,   3.000000E+04,   2.500000E+04,   8.771301E+04,   0.000000E+00
  3.000000E+04,   4.000000E+04,   3.500000E+04,   8.771301E+04,   0.000000E+00
  4.000000E+04,   5.000000E+04,   4.500000E+04,   8.771301E+04,   0.000000E+00
  5.000000E+04,   6.000000E+04,   5.500000E+04,   8.771301E+04,   0.000000E+00
  6.000000E+04,   7.000000E+04,   6.500000E+04,   8.771301E+04,   0.000000E+00
  7.000000E+04,   8.000000E+04,   7.500000E+04,   8.432836E+04,   0.000000E+00
  8.000000E+04,   1.000000E+05,   9.000000E+04,   1.266015E+05,   0.000000E+00
  1.000000E+05,   1.500000E+05,   1.250000E+05,   1.856829E+05,   0.000000E+00
  1.500000E+05,   2.000000E+05,   1.750000E+05,   6.975151E+04,   0.000000E+00
  2.000000E+05,   3.000000E+05,   2.500000E+05,   3.111707E+04,   0.000000E+00
  3.000000E+05,   4.000000E+05,   3.500000E+05,   2.307886E+03,   0.000000E+00
  4.000000E+05,   5.000000E+05,   4.500000E+05,   8.831036E+02,   0.000000E+00
  5.000000E+05,   8.000000E+05,   6.500000E+05,   1.167614E+02,   0.000000E+00
  8.000000E+05,   1.000000E+06,   0.000000E+00,   0.000000E+00,   0.000000E+00
'End of Block'
'*',    13,     3,     4,     0,     5,     5,    46,    -1
'OMNIDIRECTIONAL FLUENCE ANALYSIS'
'MULASSIS ml-v01-19'
'geant4-09-02-ref-00 (19-December-2008)'
'FLU_BDY', 1, 2, ' '
'FLU_PAR, -1, neutron '
'FLU_AMN', 1, 0., 'deg'
'FLU_AMX', 1, 90., 'deg'
'Elo','keV', 1, ' Lower edge of energy    bin '
'Eup','keV', 1, ' Upper edge of energy    bin '
'Emean','keV', 1, ' Mean energy of bin '
'Value','particles/cm2/bin',1,             'Fluence/flux'
'Error','particles/cm2/bin',1,'Error in   fluence/flux'
  0.000000E+00,   4.000000E+01,   2.000000E+01,   2.945349E+05,   0.000000E+00
  4.000000E+01,   1.000000E+02,   7.000000E+01,   4.418024E+05,   0.000000E+00
  1.000000E+02,   2.000000E+02,   1.500000E+02,   7.363373E+05,   0.000000E+00
  2.000000E+02,   3.000000E+02,   2.500000E+02,   7.363373E+05,   0.000000E+00
  3.000000E+02,   4.000000E+02,   3.500000E+02,   7.363373E+05,   0.000000E+00
  4.000000E+02,   5.000000E+02,   4.500000E+02,   7.363373E+05,   0.000000E+00
  5.000000E+02,   6.000000E+02,   5.500000E+02,   7.363373E+05,   0.000000E+00
  6.000000E+02,   7.000000E+02,   6.500000E+02,   7.363373E+05,   0.000000E+00
  7.000000E+02,   8.000000E+02,   7.500000E+02,   7.363373E+05,   0.000000E+00
  8.000000E+02,   1.000000E+03,   9.000000E+02,   1.472675E+06,   0.000000E+00
  1.000000E+03,   1.250000E+03,   1.125000E+03,   1.840843E+06,   0.000000E+00
  1.250000E+03,   1.500000E+03,   1.375000E+03,   1.840843E+06,   0.000000E+00
  1.500000E+03,   1.750000E+03,   1.625000E+03,   1.840843E+06,   0.000000E+00
  1.750000E+03,   2.000000E+03,   1.875000E+03,   1.840843E+06,   0.000000E+00
  2.000000E+03,   2.250000E+03,   2.125000E+03,   1.820413E+06,   0.000000E+00
  2.250000E+03,   2.500000E+03,   2.375000E+03,   1.698820E+06,   0.000000E+00
  2.500000E+03,   2.750000E+03,   2.625000E+03,   1.698820E+06,   0.000000E+00
  2.750000E+03,   3.000000E+03,   2.875000E+03,   1.698820E+06,   0.000000E+00
  3.000000E+03,   3.250000E+03,   3.125000E+03,   1.606378E+06,   0.000000E+00
  3.250000E+03,   3.500000E+03,   3.375000E+03,   1.561891E+06,   0.000000E+00
  3.500000E+03,   3.750000E+03,   3.625000E+03,   1.561891E+06,   0.000000E+00
  3.750000E+03,   4.000000E+03,   3.875000E+03,   1.512742E+06,   0.000000E+00
  4.000000E+03,   4.250000E+03,   4.125000E+03,   1.425737E+06,   0.000000E+00
  4.250000E+03,   4.500000E+03,   4.375000E+03,   1.404684E+06,   0.000000E+00
  4.500000E+03,   4.750000E+03,   4.625000E+03,   1.350173E+06,   0.000000E+00
  4.750000E+03,   5.000000E+03,   4.875000E+03,   1.213010E+06,   0.000000E+00
  5.000000E+03,   5.500000E+03,   5.250000E+03,   2.426020E+06,   0.000000E+00
  5.500000E+03,   6.000000E+03,   5.750000E+03,   2.272716E+06,   0.000000E+00
  6.000000E+03,   6.500000E+03,   6.250000E+03,   2.150316E+06,   0.000000E+00
  6.500000E+03,   7.000000E+03,   6.750000E+03,   1.917581E+06,   0.000000E+00
  7.000000E+03,   1.000000E+04,   8.500000E+03,   9.585915E+06,   0.000000E+00
  1.000000E+04,   2.000000E+04,   1.500000E+04,   1.648064E+07,   0.000000E+00
  2.000000E+04,   3.000000E+04,   2.500000E+04,   8.718544E+06,   0.000000E+00
  3.000000E+04,   4.000000E+04,   3.500000E+04,   6.163186E+06,   0.000000E+00
  4.000000E+04,   5.000000E+04,   4.500000E+04,   4.560000E+06,   0.000000E+00
  5.000000E+04,   6.000000E+04,   5.500000E+04,   3.571596E+06,   0.000000E+00
  6.000000E+04,   7.000000E+04,   6.500000E+04,   2.832019E+06,   0.000000E+00
  7.000000E+04,   8.000000E+04,   7.500000E+04,   2.304170E+06,   0.000000E+00
  8.000000E+04,   1.000000E+05,   9.000000E+04,   3.307604E+06,   0.000000E+00
  1.000000E+05,   1.500000E+05,   1.250000E+05,   4.515762E+06,   0.000000E+00
  1.500000E+05,   2.000000E+05,   1.750000E+05,   1.877460E+06,   0.000000E+00
  2.000000E+05,   3.000000E+05,   2.500000E+05,   8.542856E+05,   0.000000E+00
  3.000000E+05,   4.000000E+05,   3.500000E+05,   2.783970E+04,   0.000000E+00
  4.000000E+05,   5.000000E+05,   4.500000E+05,   1.185995E+04,   0.000000E+00
  5.000000E+05,   8.000000E+05,   6.500000E+05,   5.575489E+02,   0.000000E+00
  8.000000E+05,   1.000000E+06,   0.000000E+00,   0.000000E+00,   0.000000E+00
'End of File'
