'*',    13,     3,     4,     0,     5,     5,    46,     2
'OMNIDIRECTIONAL FLUENCE ANALYSIS'
'MULASSIS ml-v01-19'
'geant4-09-02-ref-00 (19-December-2008)'
'FLU_BDY', 1, 2, ' '
'FLU_PAR, -1, proton  '
'FLU_AMN', 1, 0., 'deg'
'FLU_AMX', 1, 90., 'deg'
'Elo','keV', 1, ' Lower edge of energy    bin '
'Eup','keV', 1, ' Upper edge of energy    bin '
'Emean','keV', 1, ' Mean energy of bin '
'Value','particles/cm2/bin',1,             'Fluence/flux'
'Error','particles/cm2/bin',1,'Error in   fluence/flux'
  0.000000E+00,   4.000000E+01,   2.000000E+01,   1.816735E+06,   0.000000E+00
  4.000000E+01,   1.000000E+02,   7.000000E+01,   2.725103E+06,   0.000000E+00
  1.000000E+02,   2.000000E+02,   1.500000E+02,   4.541838E+06,   0.000000E+00
  2.000000E+02,   3.000000E+02,   2.500000E+02,   4.923063E+06,   0.000000E+00
  3.000000E+02,   4.000000E+02,   3.500000E+02,   5.630092E+06,   0.000000E+00
  4.000000E+02,   5.000000E+02,   4.500000E+02,   6.271655E+06,   0.000000E+00
  5.000000E+02,   6.000000E+02,   5.500000E+02,   7.342216E+06,   0.000000E+00
  6.000000E+02,   7.000000E+02,   6.500000E+02,   7.664865E+06,   0.000000E+00
  7.000000E+02,   8.000000E+02,   7.500000E+02,   8.882326E+06,   0.000000E+00
  8.000000E+02,   1.000000E+03,   9.000000E+02,   1.939530E+07,   0.000000E+00
  1.000000E+03,   1.250000E+03,   1.125000E+03,   2.905215E+07,   0.000000E+00
  1.250000E+03,   1.500000E+03,   1.375000E+03,   3.404302E+07,   0.000000E+00
  1.500000E+03,   1.750000E+03,   1.625000E+03,   3.889919E+07,   0.000000E+00
  1.750000E+03,   2.000000E+03,   1.875000E+03,   4.498200E+07,   0.000000E+00
  2.000000E+03,   2.250000E+03,   2.125000E+03,   5.134056E+07,   0.000000E+00
  2.250000E+03,   2.500000E+03,   2.375000E+03,   5.778171E+07,   0.000000E+00
  2.500000E+03,   2.750000E+03,   2.625000E+03,   6.581658E+07,   0.000000E+00
  2.750000E+03,   3.000000E+03,   2.875000E+03,   7.494858E+07,   0.000000E+00
  3.000000E+03,   3.250000E+03,   3.125000E+03,   8.596169E+07,   0.000000E+00
  3.250000E+03,   3.500000E+03,   3.375000E+03,   9.760010E+07,   0.000000E+00
  3.500000E+03,   3.750000E+03,   3.625000E+03,   1.029364E+08,   0.000000E+00
  3.750000E+03,   4.000000E+03,   3.875000E+03,   8.528630E+07,   0.000000E+00
  4.000000E+03,   4.250000E+03,   4.125000E+03,   6.714364E+07,   0.000000E+00
  4.250000E+03,   4.500000E+03,   4.375000E+03,   7.400430E+07,   0.000000E+00
  4.500000E+03,   4.750000E+03,   4.625000E+03,   8.040947E+07,   0.000000E+00
  4.750000E+03,   5.000000E+03,   4.875000E+03,   9.260818E+07,   0.000000E+00
  5.000000E+03,   5.500000E+03,   5.250000E+03,   1.595898E+08,   0.000000E+00
  5.500000E+03,   6.000000E+03,   5.750000E+03,   1.151288E+08,   0.000000E+00
  6.000000E+03,   6.500000E+03,   6.250000E+03,   1.411317E+08,   0.000000E+00
  6.500000E+03,   7.000000E+03,   6.750000E+03,   1.342686E+08,   0.000000E+00
  7.000000E+03,   1.000000E+04,   8.500000E+03,   6.729865E+08,   0.000000E+00
  1.000000E+04,   2.000000E+04,   1.500000E+04,   2.011816E+09,   0.000000E+00
  2.000000E+04,   3.000000E+04,   2.500000E+04,   1.567257E+09,   0.000000E+00
  3.000000E+04,   4.000000E+04,   3.500000E+04,   8.980236E+08,   0.000000E+00
  4.000000E+04,   5.000000E+04,   4.500000E+04,   6.540815E+08,   0.000000E+00
  5.000000E+04,   6.000000E+04,   5.500000E+04,   4.381613E+08,   0.000000E+00
  6.000000E+04,   7.000000E+04,   6.500000E+04,   4.152156E+08,   0.000000E+00
  7.000000E+04,   8.000000E+04,   7.500000E+04,   2.456948E+08,   0.000000E+00
  8.000000E+04,   1.000000E+05,   9.000000E+04,   3.957486E+08,   0.000000E+00
  1.000000E+05,   1.500000E+05,   1.250000E+05,   4.921226E+08,   0.000000E+00
  1.500000E+05,   2.000000E+05,   1.750000E+05,   2.017937E+08,   0.000000E+00
  2.000000E+05,   3.000000E+05,   2.500000E+05,   1.633886E+08,   0.000000E+00
  3.000000E+05,   4.000000E+05,   3.500000E+05,   2.130604E+07,   0.000000E+00
  4.000000E+05,   5.000000E+05,   4.500000E+05,   2.270311E+06,   0.000000E+00
  5.000000E+05,   8.000000E+05,   6.500000E+05,   9.319184E+05,   0.000000E+00
  8.000000E+05,   1.000000E+06,   0.000000E+00,   0.000000E+00,   0.000000E+00
'End of Block'
'*',    13,     3,     4,     0,     5,     5,    46,     1
'OMNIDIRECTIONAL FLUENCE ANALYSIS'
'MULASSIS ml-v01-19'
'geant4-09-02-ref-00 (19-December-2008)'
'FLU_BDY', 1, 2, ' '
'FLU_PAR, -1, e-      '
'FLU_AMN', 1, 0., 'deg'
'FLU_AMX', 1, 90., 'deg'
'Elo','keV', 1, ' Lower edge of energy    bin '
'Eup','keV', 1, ' Upper edge of energy    bin '
'Emean','keV', 1, ' Mean energy of bin '
'Value','particles/cm2/bin',1,             'Fluence/flux'
'Error','particles/cm2/bin',1,'Error in   fluence/flux'
  0.000000E+00,   4.000000E+01,   2.000000E+01,   9.549347E+09,   0.000000E+00
  4.000000E+01,   1.000000E+02,   7.000000E+01,   1.278562E+10,   0.000000E+00
  1.000000E+02,   2.000000E+02,   1.500000E+02,   2.520751E+10,   0.000000E+00
  2.000000E+02,   3.000000E+02,   2.500000E+02,   2.481745E+10,   0.000000E+00
  3.000000E+02,   4.000000E+02,   3.500000E+02,   1.981270E+10,   0.000000E+00
  4.000000E+02,   5.000000E+02,   4.500000E+02,   1.784677E+10,   0.000000E+00
  5.000000E+02,   6.000000E+02,   5.500000E+02,   1.512270E+10,   0.000000E+00
  6.000000E+02,   7.000000E+02,   6.500000E+02,   1.312031E+10,   0.000000E+00
  7.000000E+02,   8.000000E+02,   7.500000E+02,   1.059597E+10,   0.000000E+00
  8.000000E+02,   1.000000E+03,   9.000000E+02,   1.505756E+10,   0.000000E+00
  1.000000E+03,   1.250000E+03,   1.125000E+03,   1.251021E+10,   0.000000E+00
  1.250000E+03,   1.500000E+03,   1.375000E+03,   9.142577E+09,   0.000000E+00
  1.500000E+03,   1.750000E+03,   1.625000E+03,   6.641287E+09,   0.000000E+00
  1.750000E+03,   2.000000E+03,   1.875000E+03,   4.696479E+09,   0.000000E+00
  2.000000E+03,   2.250000E+03,   2.125000E+03,   3.483102E+09,   0.000000E+00
  2.250000E+03,   2.500000E+03,   2.375000E+03,   2.607207E+09,   0.000000E+00
  2.500000E+03,   2.750000E+03,   2.625000E+03,   1.741411E+09,   0.000000E+00
  2.750000E+03,   3.000000E+03,   2.875000E+03,   1.044898E+09,   0.000000E+00
  3.000000E+03,   3.250000E+03,   3.125000E+03,   5.662757E+08,   0.000000E+00
  3.250000E+03,   3.500000E+03,   3.375000E+03,   3.479837E+08,   0.000000E+00
  3.500000E+03,   3.750000E+03,   3.625000E+03,   1.936418E+08,   0.000000E+00
  3.750000E+03,   4.000000E+03,   3.875000E+03,   1.169260E+08,   0.000000E+00
  4.000000E+03,   4.250000E+03,   4.125000E+03,   6.095030E+07,   0.000000E+00
  4.250000E+03,   4.500000E+03,   4.375000E+03,   3.193573E+07,   0.000000E+00
  4.500000E+03,   4.750000E+03,   4.625000E+03,   1.692739E+07,   0.000000E+00
  4.750000E+03,   5.000000E+03,   4.875000E+03,   9.124859E+06,   0.000000E+00
  5.000000E+03,   5.500000E+03,   5.250000E+03,   5.714204E+06,   0.000000E+00
  5.500000E+03,   6.000000E+03,   5.750000E+03,   8.848184E+05,   0.000000E+00
  6.000000E+03,   6.500000E+03,   6.250000E+03,   2.273642E+04,   0.000000E+00
  6.500000E+03,   7.000000E+03,   6.750000E+03,   2.273642E+04,   0.000000E+00
  7.000000E+03,   1.000000E+04,   8.500000E+03,   1.286000E+05,   0.000000E+00
  1.000000E+04,   2.000000E+04,   1.500000E+04,   2.205987E+05,   0.000000E+00
  2.000000E+04,   3.000000E+04,   2.500000E+04,   6.699470E+04,   0.000000E+00
  3.000000E+04,   4.000000E+04,   3.500000E+04,   2.360114E+04,   0.000000E+00
  4.000000E+04,   5.000000E+04,   4.500000E+04,   1.106385E+04,   0.000000E+00
  5.000000E+04,   6.000000E+04,   5.500000E+04,   6.489505E+03,   0.000000E+00
  6.000000E+04,   7.000000E+04,   6.500000E+04,   4.346111E+03,   0.000000E+00
  7.000000E+04,   8.000000E+04,   7.500000E+04,   2.968904E+03,   0.000000E+00
  8.000000E+04,   1.000000E+05,   9.000000E+04,   3.846067E+03,   0.000000E+00
  1.000000E+05,   1.500000E+05,   1.250000E+05,   4.252188E+03,   0.000000E+00
  1.500000E+05,   2.000000E+05,   1.750000E+05,   1.291898E+03,   0.000000E+00
  2.000000E+05,   3.000000E+05,   2.500000E+05,   4.843735E+02,   0.000000E+00
  3.000000E+05,   4.000000E+05,   3.500000E+05,   2.487259E+01,   0.000000E+00
  4.000000E+05,   5.000000E+05,   4.500000E+05,   6.937986E+00,   0.000000E+00
  5.000000E+05,   8.000000E+05,   6.500000E+05,   8.991274E-01,   0.000000E+00
  8.000000E+05,   1.000000E+06,   0.000000E+00,   0.000000E+00,   0.000000E+00
'End of Block'
'*',    13,     3,     4,     0,     5,     5,    46,    -1
'OMNIDIRECTIONAL FLUENCE ANALYSIS'
'MULASSIS ml-v01-19'
'geant4-09-02-ref-00 (19-December-2008)'
'FLU_BDY', 1, 2, ' '
'FLU_PAR, -1, neutron '
'FLU_AMN', 1, 0., 'deg'
'FLU_AMX', 1, 90., 'deg'
'Elo','keV', 1, ' Lower edge of energy    bin '
'Eup','keV', 1, ' Upper edge of energy    bin '
'Emean','keV', 1, ' Mean energy of bin '
'Value','particles/cm2/bin',1,             'Fluence/flux'
'Error','particles/cm2/bin',1,'Error in   fluence/flux'
  0.000000E+00,   4.000000E+01,   2.000000E+01,   1.506453E+05,   0.000000E+00
  4.000000E+01,   1.000000E+02,   7.000000E+01,   2.259680E+05,   0.000000E+00
  1.000000E+02,   2.000000E+02,   1.500000E+02,   3.766134E+05,   0.000000E+00
  2.000000E+02,   3.000000E+02,   2.500000E+02,   3.765442E+05,   0.000000E+00
  3.000000E+02,   4.000000E+02,   3.500000E+02,   3.764159E+05,   0.000000E+00
  4.000000E+02,   5.000000E+02,   4.500000E+02,   3.756469E+05,   0.000000E+00
  5.000000E+02,   6.000000E+02,   5.500000E+02,   3.711965E+05,   0.000000E+00
  6.000000E+02,   7.000000E+02,   6.500000E+02,   3.633399E+05,   0.000000E+00
  7.000000E+02,   8.000000E+02,   7.500000E+02,   3.534883E+05,   0.000000E+00
  8.000000E+02,   1.000000E+03,   9.000000E+02,   6.750799E+05,   0.000000E+00
  1.000000E+03,   1.250000E+03,   1.125000E+03,   7.800791E+05,   0.000000E+00
  1.250000E+03,   1.500000E+03,   1.375000E+03,   7.062424E+05,   0.000000E+00
  1.500000E+03,   1.750000E+03,   1.625000E+03,   6.399520E+05,   0.000000E+00
  1.750000E+03,   2.000000E+03,   1.875000E+03,   5.821330E+05,   0.000000E+00
  2.000000E+03,   2.250000E+03,   2.125000E+03,   5.366446E+05,   0.000000E+00
  2.250000E+03,   2.500000E+03,   2.375000E+03,   5.008389E+05,   0.000000E+00
  2.500000E+03,   2.750000E+03,   2.625000E+03,   4.675447E+05,   0.000000E+00
  2.750000E+03,   3.000000E+03,   2.875000E+03,   4.375914E+05,   0.000000E+00
  3.000000E+03,   3.250000E+03,   3.125000E+03,   4.119221E+05,   0.000000E+00
  3.250000E+03,   3.500000E+03,   3.375000E+03,   3.876944E+05,   0.000000E+00
  3.500000E+03,   3.750000E+03,   3.625000E+03,   3.660505E+05,   0.000000E+00
  3.750000E+03,   4.000000E+03,   3.875000E+03,   3.437527E+05,   0.000000E+00
  4.000000E+03,   4.250000E+03,   4.125000E+03,   3.295542E+05,   0.000000E+00
  4.250000E+03,   4.500000E+03,   4.375000E+03,   3.052388E+05,   0.000000E+00
  4.500000E+03,   4.750000E+03,   4.625000E+03,   2.973664E+05,   0.000000E+00
  4.750000E+03,   5.000000E+03,   4.875000E+03,   2.748657E+05,   0.000000E+00
  5.000000E+03,   5.500000E+03,   5.250000E+03,   5.172203E+05,   0.000000E+00
  5.500000E+03,   6.000000E+03,   5.750000E+03,   4.667307E+05,   0.000000E+00
  6.000000E+03,   6.500000E+03,   6.250000E+03,   4.194889E+05,   0.000000E+00
  6.500000E+03,   7.000000E+03,   6.750000E+03,   3.783782E+05,   0.000000E+00
  7.000000E+03,   1.000000E+04,   8.500000E+03,   1.660206E+06,   0.000000E+00
  1.000000E+04,   2.000000E+04,   1.500000E+04,   2.588146E+06,   0.000000E+00
  2.000000E+04,   3.000000E+04,   2.500000E+04,   1.275851E+06,   0.000000E+00
  3.000000E+04,   4.000000E+04,   3.500000E+04,   7.015936E+05,   0.000000E+00
  4.000000E+04,   5.000000E+04,   4.500000E+04,   4.506167E+05,   0.000000E+00
  5.000000E+04,   6.000000E+04,   5.500000E+04,   3.121989E+05,   0.000000E+00
  6.000000E+04,   7.000000E+04,   6.500000E+04,   2.357996E+05,   0.000000E+00
  7.000000E+04,   8.000000E+04,   7.500000E+04,   1.816423E+05,   0.000000E+00
  8.000000E+04,   1.000000E+05,   9.000000E+04,   2.481701E+05,   0.000000E+00
  1.000000E+05,   1.500000E+05,   1.250000E+05,   3.146677E+05,   0.000000E+00
  1.500000E+05,   2.000000E+05,   1.750000E+05,   1.236073E+05,   0.000000E+00
  2.000000E+05,   3.000000E+05,   2.500000E+05,   5.071960E+04,   0.000000E+00
  3.000000E+05,   4.000000E+05,   3.500000E+05,   1.580528E+03,   0.000000E+00
  4.000000E+05,   5.000000E+05,   4.500000E+05,   5.203263E+02,   0.000000E+00
  5.000000E+05,   8.000000E+05,   6.500000E+05,   4.771373E+01,   0.000000E+00
  8.000000E+05,   1.000000E+06,   0.000000E+00,   0.000000E+00,   0.000000E+00
'End of File'
