'*',    13,     3,     4,     0,     5,     5,    46,     2
'OMNIDIRECTIONAL FLUENCE ANALYSIS'
'MULASSIS ml-v01-19'
'geant4-09-02-ref-00 (19-December-2008)'
'FLU_BDY', 1, 2, ' '
'FLU_PAR, -1, proton  '
'FLU_AMN', 1, 0., 'deg'
'FLU_AMX', 1, 90., 'deg'
'Elo','keV', 1, ' Lower edge of energy    bin '
'Eup','keV', 1, ' Upper edge of energy    bin '
'Emean','keV', 1, ' Mean energy of bin '
'Value','particles/cm2/bin',1,             'Fluence/flux'
'Error','particles/cm2/bin',1,'Error in   fluence/flux'
  0.000000E+00,   4.000000E+01,   2.000000E+01,   1.970399E+06,   0.000000E+00
  4.000000E+01,   1.000000E+02,   7.000000E+01,   2.955599E+06,   0.000000E+00
  1.000000E+02,   2.000000E+02,   1.500000E+02,   4.925998E+06,   0.000000E+00
  2.000000E+02,   3.000000E+02,   2.500000E+02,   5.332222E+06,   0.000000E+00
  3.000000E+02,   4.000000E+02,   3.500000E+02,   6.088724E+06,   0.000000E+00
  4.000000E+02,   5.000000E+02,   4.500000E+02,   6.772856E+06,   0.000000E+00
  5.000000E+02,   6.000000E+02,   5.500000E+02,   7.913353E+06,   0.000000E+00
  6.000000E+02,   7.000000E+02,   6.500000E+02,   8.260010E+06,   0.000000E+00
  7.000000E+02,   8.000000E+02,   7.500000E+02,   9.564651E+06,   0.000000E+00
  8.000000E+02,   1.000000E+03,   9.000000E+02,   2.087244E+07,   0.000000E+00
  1.000000E+03,   1.250000E+03,   1.125000E+03,   3.124301E+07,   0.000000E+00
  1.250000E+03,   1.500000E+03,   1.375000E+03,   3.658841E+07,   0.000000E+00
  1.500000E+03,   1.750000E+03,   1.625000E+03,   4.179459E+07,   0.000000E+00
  1.750000E+03,   2.000000E+03,   1.875000E+03,   4.830973E+07,   0.000000E+00
  2.000000E+03,   2.250000E+03,   2.125000E+03,   5.512651E+07,   0.000000E+00
  2.250000E+03,   2.500000E+03,   2.375000E+03,   6.202184E+07,   0.000000E+00
  2.500000E+03,   2.750000E+03,   2.625000E+03,   7.062269E+07,   0.000000E+00
  2.750000E+03,   3.000000E+03,   2.875000E+03,   8.039618E+07,   0.000000E+00
  3.000000E+03,   3.250000E+03,   3.125000E+03,   9.216579E+07,   0.000000E+00
  3.250000E+03,   3.500000E+03,   3.375000E+03,   1.046150E+08,   0.000000E+00
  3.500000E+03,   3.750000E+03,   3.625000E+03,   1.103337E+08,   0.000000E+00
  3.750000E+03,   4.000000E+03,   3.875000E+03,   9.159651E+07,   0.000000E+00
  4.000000E+03,   4.250000E+03,   4.125000E+03,   7.230642E+07,   0.000000E+00
  4.250000E+03,   4.500000E+03,   4.375000E+03,   7.968285E+07,   0.000000E+00
  4.500000E+03,   4.750000E+03,   4.625000E+03,   8.656401E+07,   0.000000E+00
  4.750000E+03,   5.000000E+03,   4.875000E+03,   9.963692E+07,   0.000000E+00
  5.000000E+03,   5.500000E+03,   5.250000E+03,   1.717653E+08,   0.000000E+00
  5.500000E+03,   6.000000E+03,   5.750000E+03,   1.239644E+08,   0.000000E+00
  6.000000E+03,   6.500000E+03,   6.250000E+03,   1.517167E+08,   0.000000E+00
  6.500000E+03,   7.000000E+03,   6.750000E+03,   1.447248E+08,   0.000000E+00
  7.000000E+03,   1.000000E+04,   8.500000E+03,   7.352490E+08,   0.000000E+00
  1.000000E+04,   2.000000E+04,   1.500000E+04,   2.299566E+09,   0.000000E+00
  2.000000E+04,   3.000000E+04,   2.500000E+04,   1.968966E+09,   0.000000E+00
  3.000000E+04,   4.000000E+04,   3.500000E+04,   1.334106E+09,   0.000000E+00
  4.000000E+04,   5.000000E+04,   4.500000E+04,   1.164856E+09,   0.000000E+00
  5.000000E+04,   6.000000E+04,   5.500000E+04,   9.175972E+08,   0.000000E+00
  6.000000E+04,   7.000000E+04,   6.500000E+04,   1.037158E+09,   0.000000E+00
  7.000000E+04,   8.000000E+04,   7.500000E+04,   6.989378E+08,   0.000000E+00
  8.000000E+04,   1.000000E+05,   9.000000E+04,   1.233484E+09,   0.000000E+00
  1.000000E+05,   1.500000E+05,   1.250000E+05,   1.863776E+09,   0.000000E+00
  1.500000E+05,   2.000000E+05,   1.750000E+05,   9.163524E+08,   0.000000E+00
  2.000000E+05,   3.000000E+05,   2.500000E+05,   8.529643E+08,   0.000000E+00
  3.000000E+05,   4.000000E+05,   3.500000E+05,   2.054913E+08,   0.000000E+00
  4.000000E+05,   5.000000E+05,   4.500000E+05,   2.270311E+06,   0.000000E+00
  5.000000E+05,   8.000000E+05,   6.500000E+05,   9.319184E+05,   0.000000E+00
  8.000000E+05,   1.000000E+06,   0.000000E+00,   0.000000E+00,   0.000000E+00
'End of Block'
'*',    13,     3,     4,     0,     5,     5,    46,     1
'OMNIDIRECTIONAL FLUENCE ANALYSIS'
'MULASSIS ml-v01-19'
'geant4-09-02-ref-00 (19-December-2008)'
'FLU_BDY', 1, 2, ' '
'FLU_PAR, -1, e-      '
'FLU_AMN', 1, 0., 'deg'
'FLU_AMX', 1, 90., 'deg'
'Elo','keV', 1, ' Lower edge of energy    bin '
'Eup','keV', 1, ' Upper edge of energy    bin '
'Emean','keV', 1, ' Mean energy of bin '
'Value','particles/cm2/bin',1,             'Fluence/flux'
'Error','particles/cm2/bin',1,'Error in   fluence/flux'
  0.000000E+00,   4.000000E+01,   2.000000E+01,   3.230428E+10,   0.000000E+00
  4.000000E+01,   1.000000E+02,   7.000000E+01,   5.111961E+10,   0.000000E+00
  1.000000E+02,   2.000000E+02,   1.500000E+02,   1.025523E+11,   0.000000E+00
  2.000000E+02,   3.000000E+02,   2.500000E+02,   1.009458E+11,   0.000000E+00
  3.000000E+02,   4.000000E+02,   3.500000E+02,   8.019318E+10,   0.000000E+00
  4.000000E+02,   5.000000E+02,   4.500000E+02,   7.205495E+10,   0.000000E+00
  5.000000E+02,   6.000000E+02,   5.500000E+02,   6.034990E+10,   0.000000E+00
  6.000000E+02,   7.000000E+02,   6.500000E+02,   5.173491E+10,   0.000000E+00
  7.000000E+02,   8.000000E+02,   7.500000E+02,   4.156698E+10,   0.000000E+00
  8.000000E+02,   1.000000E+03,   9.000000E+02,   5.902438E+10,   0.000000E+00
  1.000000E+03,   1.250000E+03,   1.125000E+03,   4.698953E+10,   0.000000E+00
  1.250000E+03,   1.500000E+03,   1.375000E+03,   3.242094E+10,   0.000000E+00
  1.500000E+03,   1.750000E+03,   1.625000E+03,   2.276964E+10,   0.000000E+00
  1.750000E+03,   2.000000E+03,   1.875000E+03,   1.569704E+10,   0.000000E+00
  2.000000E+03,   2.250000E+03,   2.125000E+03,   1.137163E+10,   0.000000E+00
  2.250000E+03,   2.500000E+03,   2.375000E+03,   8.360371E+09,   0.000000E+00
  2.500000E+03,   2.750000E+03,   2.625000E+03,   5.452243E+09,   0.000000E+00
  2.750000E+03,   3.000000E+03,   2.875000E+03,   3.209819E+09,   0.000000E+00
  3.000000E+03,   3.250000E+03,   3.125000E+03,   1.686373E+09,   0.000000E+00
  3.250000E+03,   3.500000E+03,   3.375000E+03,   1.008523E+09,   0.000000E+00
  3.500000E+03,   3.750000E+03,   3.625000E+03,   5.424276E+08,   0.000000E+00
  3.750000E+03,   4.000000E+03,   3.875000E+03,   3.156766E+08,   0.000000E+00
  4.000000E+03,   4.250000E+03,   4.125000E+03,   1.594030E+08,   0.000000E+00
  4.250000E+03,   4.500000E+03,   4.375000E+03,   8.131450E+07,   0.000000E+00
  4.500000E+03,   4.750000E+03,   4.625000E+03,   4.078538E+07,   0.000000E+00
  4.750000E+03,   5.000000E+03,   4.875000E+03,   2.095805E+07,   0.000000E+00
  5.000000E+03,   5.500000E+03,   5.250000E+03,   1.272169E+07,   0.000000E+00
  5.500000E+03,   6.000000E+03,   5.750000E+03,   1.755841E+06,   0.000000E+00
  6.000000E+03,   6.500000E+03,   6.250000E+03,   2.619685E+04,   0.000000E+00
  6.500000E+03,   7.000000E+03,   6.750000E+03,   2.619685E+04,   0.000000E+00
  7.000000E+03,   1.000000E+04,   8.500000E+03,   1.488358E+05,   0.000000E+00
  1.000000E+04,   2.000000E+04,   1.500000E+04,   2.719736E+05,   0.000000E+00
  2.000000E+04,   3.000000E+04,   2.500000E+04,   9.934329E+04,   0.000000E+00
  3.000000E+04,   4.000000E+04,   3.500000E+04,   4.539103E+04,   0.000000E+00
  4.000000E+04,   5.000000E+04,   4.500000E+04,   2.677194E+04,   0.000000E+00
  5.000000E+04,   6.000000E+04,   5.500000E+04,   1.849828E+04,   0.000000E+00
  6.000000E+04,   7.000000E+04,   6.500000E+04,   1.393872E+04,   0.000000E+00
  7.000000E+04,   8.000000E+04,   7.500000E+04,   1.041797E+04,   0.000000E+00
  8.000000E+04,   1.000000E+05,   9.000000E+04,   1.475667E+04,   0.000000E+00
  1.000000E+05,   1.500000E+05,   1.250000E+05,   1.841507E+04,   0.000000E+00
  1.500000E+05,   2.000000E+05,   1.750000E+05,   6.473964E+03,   0.000000E+00
  2.000000E+05,   3.000000E+05,   2.500000E+05,   2.875306E+03,   0.000000E+00
  3.000000E+05,   4.000000E+05,   3.500000E+05,   3.520676E+02,   0.000000E+00
  4.000000E+05,   5.000000E+05,   4.500000E+05,   6.937986E+00,   0.000000E+00
  5.000000E+05,   8.000000E+05,   6.500000E+05,   8.991274E-01,   0.000000E+00
  8.000000E+05,   1.000000E+06,   0.000000E+00,   0.000000E+00,   0.000000E+00
'End of Block'
'*',    13,     3,     4,     0,     5,     5,    46,    -1
'OMNIDIRECTIONAL FLUENCE ANALYSIS'
'MULASSIS ml-v01-19'
'geant4-09-02-ref-00 (19-December-2008)'
'FLU_BDY', 1, 2, ' '
'FLU_PAR, -1, neutron '
'FLU_AMN', 1, 0., 'deg'
'FLU_AMX', 1, 90., 'deg'
'Elo','keV', 1, ' Lower edge of energy    bin '
'Eup','keV', 1, ' Upper edge of energy    bin '
'Emean','keV', 1, ' Mean energy of bin '
'Value','particles/cm2/bin',1,             'Fluence/flux'
'Error','particles/cm2/bin',1,'Error in   fluence/flux'
  0.000000E+00,   4.000000E+01,   2.000000E+01,   2.282545E+05,   0.000000E+00
  4.000000E+01,   1.000000E+02,   7.000000E+01,   3.423818E+05,   0.000000E+00
  1.000000E+02,   2.000000E+02,   1.500000E+02,   5.706363E+05,   0.000000E+00
  2.000000E+02,   3.000000E+02,   2.500000E+02,   5.705625E+05,   0.000000E+00
  3.000000E+02,   4.000000E+02,   3.500000E+02,   5.704252E+05,   0.000000E+00
  4.000000E+02,   5.000000E+02,   4.500000E+02,   5.696094E+05,   0.000000E+00
  5.000000E+02,   6.000000E+02,   5.500000E+02,   5.648568E+05,   0.000000E+00
  6.000000E+02,   7.000000E+02,   6.500000E+02,   5.563983E+05,   0.000000E+00
  7.000000E+02,   8.000000E+02,   7.500000E+02,   5.457030E+05,   0.000000E+00
  8.000000E+02,   1.000000E+03,   9.000000E+02,   1.056070E+06,   0.000000E+00
  1.000000E+03,   1.250000E+03,   1.125000E+03,   1.248360E+06,   0.000000E+00
  1.250000E+03,   1.500000E+03,   1.375000E+03,   1.164396E+06,   0.000000E+00
  1.500000E+03,   1.750000E+03,   1.625000E+03,   1.087209E+06,   0.000000E+00
  1.750000E+03,   2.000000E+03,   1.875000E+03,   1.017199E+06,   0.000000E+00
  2.000000E+03,   2.250000E+03,   2.125000E+03,   9.593831E+05,   0.000000E+00
  2.250000E+03,   2.500000E+03,   2.375000E+03,   9.131282E+05,   0.000000E+00
  2.500000E+03,   2.750000E+03,   2.625000E+03,   8.697054E+05,   0.000000E+00
  2.750000E+03,   3.000000E+03,   2.875000E+03,   8.297387E+05,   0.000000E+00
  3.000000E+03,   3.250000E+03,   3.125000E+03,   7.953341E+05,   0.000000E+00
  3.250000E+03,   3.500000E+03,   3.375000E+03,   7.599913E+05,   0.000000E+00
  3.500000E+03,   3.750000E+03,   3.625000E+03,   7.293967E+05,   0.000000E+00
  3.750000E+03,   4.000000E+03,   3.875000E+03,   6.983188E+05,   0.000000E+00
  4.000000E+03,   4.250000E+03,   4.125000E+03,   6.732135E+05,   0.000000E+00
  4.250000E+03,   4.500000E+03,   4.375000E+03,   6.382518E+05,   0.000000E+00
  4.500000E+03,   4.750000E+03,   4.625000E+03,   6.227409E+05,   0.000000E+00
  4.750000E+03,   5.000000E+03,   4.875000E+03,   5.880017E+05,   0.000000E+00
  5.000000E+03,   5.500000E+03,   5.250000E+03,   1.118387E+06,   0.000000E+00
  5.500000E+03,   6.000000E+03,   5.750000E+03,   1.033016E+06,   0.000000E+00
  6.000000E+03,   6.500000E+03,   6.250000E+03,   9.504096E+05,   0.000000E+00
  6.500000E+03,   7.000000E+03,   6.750000E+03,   8.684338E+05,   0.000000E+00
  7.000000E+03,   1.000000E+04,   8.500000E+03,   4.051952E+06,   0.000000E+00
  1.000000E+04,   2.000000E+04,   1.500000E+04,   7.006411E+06,   0.000000E+00
  2.000000E+04,   3.000000E+04,   2.500000E+04,   3.667643E+06,   0.000000E+00
  3.000000E+04,   4.000000E+04,   3.500000E+04,   2.219769E+06,   0.000000E+00
  4.000000E+04,   5.000000E+04,   4.500000E+04,   1.555092E+06,   0.000000E+00
  5.000000E+04,   6.000000E+04,   5.500000E+04,   1.147741E+06,   0.000000E+00
  6.000000E+04,   7.000000E+04,   6.500000E+04,   9.119183E+05,   0.000000E+00
  7.000000E+04,   8.000000E+04,   7.500000E+04,   7.382767E+05,   0.000000E+00
  8.000000E+04,   1.000000E+05,   9.000000E+04,   1.074605E+06,   0.000000E+00
  1.000000E+05,   1.500000E+05,   1.250000E+05,   1.504953E+06,   0.000000E+00
  1.500000E+05,   2.000000E+05,   1.750000E+05,   6.607522E+05,   0.000000E+00
  2.000000E+05,   3.000000E+05,   2.500000E+05,   3.207263E+05,   0.000000E+00
  3.000000E+05,   4.000000E+05,   3.500000E+05,   2.994234E+04,   0.000000E+00
  4.000000E+05,   5.000000E+05,   4.500000E+05,   5.203263E+02,   0.000000E+00
  5.000000E+05,   8.000000E+05,   6.500000E+05,   4.771373E+01,   0.000000E+00
  8.000000E+05,   1.000000E+06,   0.000000E+00,   0.000000E+00,   0.000000E+00
'End of File'
