'*',    13,     3,     4,     0,     5,     5,    46,     2
'OMNIDIRECTIONAL FLUENCE ANALYSIS'
'MULASSIS ml-v01-19'
'geant4-09-02-ref-00 (19-December-2008)'
'FLU_BDY', 1, 2, ' '
'FLU_PAR, -1, proton  '
'FLU_AMN', 1, 0., 'deg'
'FLU_AMX', 1, 90., 'deg'
'Elo','keV', 1, ' Lower edge of energy    bin '
'Eup','keV', 1, ' Upper edge of energy    bin '
'Emean','keV', 1, ' Mean energy of bin '
'Value','particles/cm2/bin',1,             'Fluence/flux'
'Error','particles/cm2/bin',1,'Error in   fluence/flux'
  0.000000E+00,   4.000000E+01,   2.000000E+01,   1.916179E+06,   0.000000E+00
  4.000000E+01,   1.000000E+02,   7.000000E+01,   2.874268E+06,   0.000000E+00
  1.000000E+02,   2.000000E+02,   1.500000E+02,   4.790446E+06,   0.000000E+00
  2.000000E+02,   3.000000E+02,   2.500000E+02,   5.197039E+06,   0.000000E+00
  3.000000E+02,   4.000000E+02,   3.500000E+02,   5.950928E+06,   0.000000E+00
  4.000000E+02,   5.000000E+02,   4.500000E+02,   6.628144E+06,   0.000000E+00
  5.000000E+02,   6.000000E+02,   5.500000E+02,   7.763059E+06,   0.000000E+00
  6.000000E+02,   7.000000E+02,   6.500000E+02,   8.103676E+06,   0.000000E+00
  7.000000E+02,   8.000000E+02,   7.500000E+02,   9.399698E+06,   0.000000E+00
  8.000000E+02,   1.000000E+03,   9.000000E+02,   2.051594E+07,   0.000000E+00
  1.000000E+03,   1.250000E+03,   1.125000E+03,   3.074292E+07,   0.000000E+00
  1.250000E+03,   1.500000E+03,   1.375000E+03,   3.602349E+07,   0.000000E+00
  1.500000E+03,   1.750000E+03,   1.625000E+03,   4.117385E+07,   0.000000E+00
  1.750000E+03,   2.000000E+03,   1.875000E+03,   4.761567E+07,   0.000000E+00
  2.000000E+03,   2.250000E+03,   2.125000E+03,   5.436584E+07,   0.000000E+00
  2.250000E+03,   2.500000E+03,   2.375000E+03,   6.120144E+07,   0.000000E+00
  2.500000E+03,   2.750000E+03,   2.625000E+03,   6.972100E+07,   0.000000E+00
  2.750000E+03,   3.000000E+03,   2.875000E+03,   7.942915E+07,   0.000000E+00
  3.000000E+03,   3.250000E+03,   3.125000E+03,   9.111936E+07,   0.000000E+00
  3.250000E+03,   3.500000E+03,   3.375000E+03,   1.034939E+08,   0.000000E+00
  3.500000E+03,   3.750000E+03,   3.625000E+03,   1.091296E+08,   0.000000E+00
  3.750000E+03,   4.000000E+03,   3.875000E+03,   9.024451E+07,   0.000000E+00
  4.000000E+03,   4.250000E+03,   4.125000E+03,   7.085324E+07,   0.000000E+00
  4.250000E+03,   4.500000E+03,   4.375000E+03,   7.808108E+07,   0.000000E+00
  4.500000E+03,   4.750000E+03,   4.625000E+03,   8.487753E+07,   0.000000E+00
  4.750000E+03,   5.000000E+03,   4.875000E+03,   9.776961E+07,   0.000000E+00
  5.000000E+03,   5.500000E+03,   5.250000E+03,   1.679874E+08,   0.000000E+00
  5.500000E+03,   6.000000E+03,   5.750000E+03,   1.201606E+08,   0.000000E+00
  6.000000E+03,   6.500000E+03,   6.250000E+03,   1.472706E+08,   0.000000E+00
  6.500000E+03,   7.000000E+03,   6.750000E+03,   1.401220E+08,   0.000000E+00
  7.000000E+03,   1.000000E+04,   8.500000E+03,   7.028020E+08,   0.000000E+00
  1.000000E+04,   2.000000E+04,   1.500000E+04,   2.078170E+09,   0.000000E+00
  2.000000E+04,   3.000000E+04,   2.500000E+04,   1.603707E+09,   0.000000E+00
  3.000000E+04,   4.000000E+04,   3.500000E+04,   9.168032E+08,   0.000000E+00
  4.000000E+04,   5.000000E+04,   4.500000E+04,   6.649970E+08,   0.000000E+00
  5.000000E+04,   6.000000E+04,   5.500000E+04,   4.324137E+08,   0.000000E+00
  6.000000E+04,   7.000000E+04,   6.500000E+04,   4.008919E+08,   0.000000E+00
  7.000000E+04,   8.000000E+04,   7.500000E+04,   2.330869E+08,   0.000000E+00
  8.000000E+04,   1.000000E+05,   9.000000E+04,   3.680648E+08,   0.000000E+00
  1.000000E+05,   1.500000E+05,   1.250000E+05,   4.195093E+08,   0.000000E+00
  1.500000E+05,   2.000000E+05,   1.750000E+05,   1.766544E+08,   0.000000E+00
  2.000000E+05,   3.000000E+05,   2.500000E+05,   1.453700E+08,   0.000000E+00
  3.000000E+05,   4.000000E+05,   3.500000E+05,   2.022493E+07,   0.000000E+00
  4.000000E+05,   5.000000E+05,   4.500000E+05,   2.270311E+06,   0.000000E+00
  5.000000E+05,   8.000000E+05,   6.500000E+05,   9.319184E+05,   0.000000E+00
  8.000000E+05,   1.000000E+06,   0.000000E+00,   0.000000E+00,   0.000000E+00
'End of Block'
'*',    13,     3,     4,     0,     5,     5,    46,     1
'OMNIDIRECTIONAL FLUENCE ANALYSIS'
'MULASSIS ml-v01-19'
'geant4-09-02-ref-00 (19-December-2008)'
'FLU_BDY', 1, 2, ' '
'FLU_PAR, -1, e-      '
'FLU_AMN', 1, 0., 'deg'
'FLU_AMX', 1, 90., 'deg'
'Elo','keV', 1, ' Lower edge of energy    bin '
'Eup','keV', 1, ' Upper edge of energy    bin '
'Emean','keV', 1, ' Mean energy of bin '
'Value','particles/cm2/bin',1,             'Fluence/flux'
'Error','particles/cm2/bin',1,'Error in   fluence/flux'
  0.000000E+00,   4.000000E+01,   2.000000E+01,   3.862268E+12,   0.000000E+00
  4.000000E+01,   1.000000E+02,   7.000000E+01,   6.388620E+12,   0.000000E+00
  1.000000E+02,   2.000000E+02,   1.500000E+02,   1.368050E+13,   0.000000E+00
  2.000000E+02,   3.000000E+02,   2.500000E+02,   1.485399E+13,   0.000000E+00
  3.000000E+02,   4.000000E+02,   3.500000E+02,   1.260389E+13,   0.000000E+00
  4.000000E+02,   5.000000E+02,   4.500000E+02,   1.084537E+13,   0.000000E+00
  5.000000E+02,   6.000000E+02,   5.500000E+02,   8.369552E+12,   0.000000E+00
  6.000000E+02,   7.000000E+02,   6.500000E+02,   6.629129E+12,   0.000000E+00
  7.000000E+02,   8.000000E+02,   7.500000E+02,   4.926217E+12,   0.000000E+00
  8.000000E+02,   1.000000E+03,   9.000000E+02,   6.310249E+12,   0.000000E+00
  1.000000E+03,   1.250000E+03,   1.125000E+03,   4.066063E+12,   0.000000E+00
  1.250000E+03,   1.500000E+03,   1.375000E+03,   2.111192E+12,   0.000000E+00
  1.500000E+03,   1.750000E+03,   1.625000E+03,   1.255176E+12,   0.000000E+00
  1.750000E+03,   2.000000E+03,   1.875000E+03,   7.812613E+11,   0.000000E+00
  2.000000E+03,   2.250000E+03,   2.125000E+03,   4.634010E+11,   0.000000E+00
  2.250000E+03,   2.500000E+03,   2.375000E+03,   2.462026E+11,   0.000000E+00
  2.500000E+03,   2.750000E+03,   2.625000E+03,   1.508471E+11,   0.000000E+00
  2.750000E+03,   3.000000E+03,   2.875000E+03,   8.689702E+10,   0.000000E+00
  3.000000E+03,   3.250000E+03,   3.125000E+03,   4.427241E+10,   0.000000E+00
  3.250000E+03,   3.500000E+03,   3.375000E+03,   2.544532E+10,   0.000000E+00
  3.500000E+03,   3.750000E+03,   3.625000E+03,   1.322327E+10,   0.000000E+00
  3.750000E+03,   4.000000E+03,   3.875000E+03,   7.549435E+09,   0.000000E+00
  4.000000E+03,   4.250000E+03,   4.125000E+03,   3.782450E+09,   0.000000E+00
  4.250000E+03,   4.500000E+03,   4.375000E+03,   2.002092E+09,   0.000000E+00
  4.500000E+03,   4.750000E+03,   4.625000E+03,   5.211138E+08,   0.000000E+00
  4.750000E+03,   5.000000E+03,   4.875000E+03,   1.216186E+08,   0.000000E+00
  5.000000E+03,   5.500000E+03,   5.250000E+03,   2.481718E+07,   0.000000E+00
  5.500000E+03,   6.000000E+03,   5.750000E+03,   1.535108E+06,   0.000000E+00
  6.000000E+03,   6.500000E+03,   6.250000E+03,   1.642654E+05,   0.000000E+00
  6.500000E+03,   7.000000E+03,   6.750000E+03,   2.367020E+04,   0.000000E+00
  7.000000E+03,   1.000000E+04,   8.500000E+03,   1.336833E+05,   0.000000E+00
  1.000000E+04,   2.000000E+04,   1.500000E+04,   2.271001E+05,   0.000000E+00
  2.000000E+04,   3.000000E+04,   2.500000E+04,   6.796328E+04,   0.000000E+00
  3.000000E+04,   4.000000E+04,   3.500000E+04,   2.356134E+04,   0.000000E+00
  4.000000E+04,   5.000000E+04,   4.500000E+04,   1.074706E+04,   0.000000E+00
  5.000000E+04,   6.000000E+04,   5.500000E+04,   6.112546E+03,   0.000000E+00
  6.000000E+04,   7.000000E+04,   6.500000E+04,   4.001344E+03,   0.000000E+00
  7.000000E+04,   8.000000E+04,   7.500000E+04,   2.675342E+03,   0.000000E+00
  8.000000E+04,   1.000000E+05,   9.000000E+04,   3.370566E+03,   0.000000E+00
  1.000000E+05,   1.500000E+05,   1.250000E+05,   3.685986E+03,   0.000000E+00
  1.500000E+05,   2.000000E+05,   1.750000E+05,   1.139794E+03,   0.000000E+00
  2.000000E+05,   3.000000E+05,   2.500000E+05,   4.431185E+02,   0.000000E+00
  3.000000E+05,   4.000000E+05,   3.500000E+05,   2.176817E+01,   0.000000E+00
  4.000000E+05,   5.000000E+05,   4.500000E+05,   6.937986E+00,   0.000000E+00
  5.000000E+05,   8.000000E+05,   6.500000E+05,   8.991274E-01,   0.000000E+00
  8.000000E+05,   1.000000E+06,   0.000000E+00,   0.000000E+00,   0.000000E+00
'End of Block'
'*',    13,     3,     4,     0,     5,     5,    46,    -1
'OMNIDIRECTIONAL FLUENCE ANALYSIS'
'MULASSIS ml-v01-19'
'geant4-09-02-ref-00 (19-December-2008)'
'FLU_BDY', 1, 2, ' '
'FLU_PAR, -1, neutron '
'FLU_AMN', 1, 0., 'deg'
'FLU_AMX', 1, 90., 'deg'
'Elo','keV', 1, ' Lower edge of energy    bin '
'Eup','keV', 1, ' Upper edge of energy    bin '
'Emean','keV', 1, ' Mean energy of bin '
'Value','particles/cm2/bin',1,             'Fluence/flux'
'Error','particles/cm2/bin',1,'Error in   fluence/flux'
  0.000000E+00,   4.000000E+01,   2.000000E+01,   1.529434E+05,   0.000000E+00
  4.000000E+01,   1.000000E+02,   7.000000E+01,   2.294150E+05,   0.000000E+00
  1.000000E+02,   2.000000E+02,   1.500000E+02,   3.823584E+05,   0.000000E+00
  2.000000E+02,   3.000000E+02,   2.500000E+02,   3.822846E+05,   0.000000E+00
  3.000000E+02,   4.000000E+02,   3.500000E+02,   3.821478E+05,   0.000000E+00
  4.000000E+02,   5.000000E+02,   4.500000E+02,   3.813442E+05,   0.000000E+00
  5.000000E+02,   6.000000E+02,   5.500000E+02,   3.766914E+05,   0.000000E+00
  6.000000E+02,   7.000000E+02,   6.500000E+02,   3.684616E+05,   0.000000E+00
  7.000000E+02,   8.000000E+02,   7.500000E+02,   3.581297E+05,   0.000000E+00
  8.000000E+02,   1.000000E+03,   9.000000E+02,   6.831200E+05,   0.000000E+00
  1.000000E+03,   1.250000E+03,   1.125000E+03,   7.877336E+05,   0.000000E+00
  1.250000E+03,   1.500000E+03,   1.375000E+03,   7.117385E+05,   0.000000E+00
  1.500000E+03,   1.750000E+03,   1.625000E+03,   6.435123E+05,   0.000000E+00
  1.750000E+03,   2.000000E+03,   1.875000E+03,   5.840632E+05,   0.000000E+00
  2.000000E+03,   2.250000E+03,   2.125000E+03,   5.373411E+05,   0.000000E+00
  2.250000E+03,   2.500000E+03,   2.375000E+03,   5.005500E+05,   0.000000E+00
  2.500000E+03,   2.750000E+03,   2.625000E+03,   4.663723E+05,   0.000000E+00
  2.750000E+03,   3.000000E+03,   2.875000E+03,   4.356024E+05,   0.000000E+00
  3.000000E+03,   3.250000E+03,   3.125000E+03,   4.091768E+05,   0.000000E+00
  3.250000E+03,   3.500000E+03,   3.375000E+03,   3.845183E+05,   0.000000E+00
  3.500000E+03,   3.750000E+03,   3.625000E+03,   3.624320E+05,   0.000000E+00
  3.750000E+03,   4.000000E+03,   3.875000E+03,   3.396621E+05,   0.000000E+00
  4.000000E+03,   4.250000E+03,   4.125000E+03,   3.254483E+05,   0.000000E+00
  4.250000E+03,   4.500000E+03,   4.375000E+03,   3.006444E+05,   0.000000E+00
  4.500000E+03,   4.750000E+03,   4.625000E+03,   2.928144E+05,   0.000000E+00
  4.750000E+03,   5.000000E+03,   4.875000E+03,   2.699935E+05,   0.000000E+00
  5.000000E+03,   5.500000E+03,   5.250000E+03,   5.072670E+05,   0.000000E+00
  5.500000E+03,   6.000000E+03,   5.750000E+03,   4.562047E+05,   0.000000E+00
  6.000000E+03,   6.500000E+03,   6.250000E+03,   4.087221E+05,   0.000000E+00
  6.500000E+03,   7.000000E+03,   6.750000E+03,   3.686920E+05,   0.000000E+00
  7.000000E+03,   1.000000E+04,   8.500000E+03,   1.610886E+06,   0.000000E+00
  1.000000E+04,   2.000000E+04,   1.500000E+04,   2.480338E+06,   0.000000E+00
  2.000000E+04,   3.000000E+04,   2.500000E+04,   1.208331E+06,   0.000000E+00
  3.000000E+04,   4.000000E+04,   3.500000E+04,   6.531389E+05,   0.000000E+00
  4.000000E+04,   5.000000E+04,   4.500000E+04,   4.119132E+05,   0.000000E+00
  5.000000E+04,   6.000000E+04,   5.500000E+04,   2.814759E+05,   0.000000E+00
  6.000000E+04,   7.000000E+04,   6.500000E+04,   2.099027E+05,   0.000000E+00
  7.000000E+04,   8.000000E+04,   7.500000E+04,   1.592603E+05,   0.000000E+00
  8.000000E+04,   1.000000E+05,   9.000000E+04,   2.158785E+05,   0.000000E+00
  1.000000E+05,   1.500000E+05,   1.250000E+05,   2.763945E+05,   0.000000E+00
  1.500000E+05,   2.000000E+05,   1.750000E+05,   1.112104E+05,   0.000000E+00
  2.000000E+05,   3.000000E+05,   2.500000E+05,   4.738657E+04,   0.000000E+00
  3.000000E+05,   4.000000E+05,   3.500000E+05,   1.287822E+03,   0.000000E+00
  4.000000E+05,   5.000000E+05,   4.500000E+05,   5.203263E+02,   0.000000E+00
  5.000000E+05,   8.000000E+05,   6.500000E+05,   4.771373E+01,   0.000000E+00
  8.000000E+05,   1.000000E+06,   0.000000E+00,   0.000000E+00,   0.000000E+00
'End of File'
