'*',    13,     3,     4,     0,     5,     5,    46,     2
'OMNIDIRECTIONAL FLUENCE ANALYSIS'
'MULASSIS ml-v01-19'
'geant4-09-02-ref-00 (19-December-2008)'
'FLU_BDY', 1, 2, ' '
'FLU_PAR, -1, proton  '
'FLU_AMN', 1, 0., 'deg'
'FLU_AMX', 1, 90., 'deg'
'Elo','keV', 1, ' Lower edge of energy    bin '
'Eup','keV', 1, ' Upper edge of energy    bin '
'Emean','keV', 1, ' Mean energy of bin '
'Value','particles/cm2/bin',1,             'Fluence/flux'
'Error','particles/cm2/bin',1,'Error in   fluence/flux'
  0.000000E+00,   4.000000E+01,   2.000000E+01,   1.760325E+06,   0.000000E+00
  4.000000E+01,   1.000000E+02,   7.000000E+01,   2.640488E+06,   0.000000E+00
  1.000000E+02,   2.000000E+02,   1.500000E+02,   4.400813E+06,   0.000000E+00
  2.000000E+02,   3.000000E+02,   2.500000E+02,   4.770786E+06,   0.000000E+00
  3.000000E+02,   4.000000E+02,   3.500000E+02,   5.455878E+06,   0.000000E+00
  4.000000E+02,   5.000000E+02,   4.500000E+02,   6.080020E+06,   0.000000E+00
  5.000000E+02,   6.000000E+02,   5.500000E+02,   7.120869E+06,   0.000000E+00
  6.000000E+02,   7.000000E+02,   6.500000E+02,   7.434060E+06,   0.000000E+00
  7.000000E+02,   8.000000E+02,   7.500000E+02,   8.613803E+06,   0.000000E+00
  8.000000E+02,   1.000000E+03,   9.000000E+02,   1.881538E+07,   0.000000E+00
  1.000000E+03,   1.250000E+03,   1.125000E+03,   2.818572E+07,   0.000000E+00
  1.250000E+03,   1.500000E+03,   1.375000E+03,   3.303269E+07,   0.000000E+00
  1.500000E+03,   1.750000E+03,   1.625000E+03,   3.774440E+07,   0.000000E+00
  1.750000E+03,   2.000000E+03,   1.875000E+03,   4.365113E+07,   0.000000E+00
  2.000000E+03,   2.250000E+03,   2.125000E+03,   4.981933E+07,   0.000000E+00
  2.250000E+03,   2.500000E+03,   2.375000E+03,   5.607063E+07,   0.000000E+00
  2.500000E+03,   2.750000E+03,   2.625000E+03,   6.387133E+07,   0.000000E+00
  2.750000E+03,   3.000000E+03,   2.875000E+03,   7.272979E+07,   0.000000E+00
  3.000000E+03,   3.250000E+03,   3.125000E+03,   8.342246E+07,   0.000000E+00
  3.250000E+03,   3.500000E+03,   3.375000E+03,   9.471487E+07,   0.000000E+00
  3.500000E+03,   3.750000E+03,   3.625000E+03,   9.989831E+07,   0.000000E+00
  3.750000E+03,   4.000000E+03,   3.875000E+03,   8.276428E+07,   0.000000E+00
  4.000000E+03,   4.250000E+03,   4.125000E+03,   6.515493E+07,   0.000000E+00
  4.250000E+03,   4.500000E+03,   4.375000E+03,   7.181804E+07,   0.000000E+00
  4.500000E+03,   4.750000E+03,   4.625000E+03,   7.802514E+07,   0.000000E+00
  4.750000E+03,   5.000000E+03,   4.875000E+03,   8.987125E+07,   0.000000E+00
  5.000000E+03,   5.500000E+03,   5.250000E+03,   1.550151E+08,   0.000000E+00
  5.500000E+03,   6.000000E+03,   5.750000E+03,   1.121400E+08,   0.000000E+00
  6.000000E+03,   6.500000E+03,   6.250000E+03,   1.375339E+08,   0.000000E+00
  6.500000E+03,   7.000000E+03,   6.750000E+03,   1.307523E+08,   0.000000E+00
  7.000000E+03,   1.000000E+04,   8.500000E+03,   6.528939E+08,   0.000000E+00
  1.000000E+04,   2.000000E+04,   1.500000E+04,   1.935516E+09,   0.000000E+00
  2.000000E+04,   3.000000E+04,   2.500000E+04,   1.466951E+09,   0.000000E+00
  3.000000E+04,   4.000000E+04,   3.500000E+04,   7.959498E+08,   0.000000E+00
  4.000000E+04,   5.000000E+04,   4.500000E+04,   5.337012E+08,   0.000000E+00
  5.000000E+04,   6.000000E+04,   5.500000E+04,   3.161773E+08,   0.000000E+00
  6.000000E+04,   7.000000E+04,   6.500000E+04,   2.540274E+08,   0.000000E+00
  7.000000E+04,   8.000000E+04,   7.500000E+04,   1.292800E+08,   0.000000E+00
  8.000000E+04,   1.000000E+05,   9.000000E+04,   1.830274E+08,   0.000000E+00
  1.000000E+05,   1.500000E+05,   1.250000E+05,   1.432202E+08,   0.000000E+00
  1.500000E+05,   2.000000E+05,   1.750000E+05,   4.580885E+07,   0.000000E+00
  2.000000E+05,   3.000000E+05,   2.500000E+05,   3.441143E+07,   0.000000E+00
  3.000000E+05,   4.000000E+05,   3.500000E+05,   8.965865E+06,   0.000000E+00
  4.000000E+05,   5.000000E+05,   4.500000E+05,   2.270311E+06,   0.000000E+00
  5.000000E+05,   8.000000E+05,   6.500000E+05,   9.319184E+05,   0.000000E+00
  8.000000E+05,   1.000000E+06,   0.000000E+00,   0.000000E+00,   0.000000E+00
'End of Block'
'*',    13,     3,     4,     0,     5,     5,    46,     1
'OMNIDIRECTIONAL FLUENCE ANALYSIS'
'MULASSIS ml-v01-19'
'geant4-09-02-ref-00 (19-December-2008)'
'FLU_BDY', 1, 2, ' '
'FLU_PAR, -1, e-      '
'FLU_AMN', 1, 0., 'deg'
'FLU_AMX', 1, 90., 'deg'
'Elo','keV', 1, ' Lower edge of energy    bin '
'Eup','keV', 1, ' Upper edge of energy    bin '
'Emean','keV', 1, ' Mean energy of bin '
'Value','particles/cm2/bin',1,             'Fluence/flux'
'Error','particles/cm2/bin',1,'Error in   fluence/flux'
  0.000000E+00,   4.000000E+01,   2.000000E+01,   8.157071E+12,   0.000000E+00
  4.000000E+01,   1.000000E+02,   7.000000E+01,   1.179125E+13,   0.000000E+00
  1.000000E+02,   2.000000E+02,   1.500000E+02,   2.406008E+13,   0.000000E+00
  2.000000E+02,   3.000000E+02,   2.500000E+02,   2.797324E+13,   0.000000E+00
  3.000000E+02,   4.000000E+02,   3.500000E+02,   2.626000E+13,   0.000000E+00
  4.000000E+02,   5.000000E+02,   4.500000E+02,   2.523757E+13,   0.000000E+00
  5.000000E+02,   6.000000E+02,   5.500000E+02,   2.203116E+13,   0.000000E+00
  6.000000E+02,   7.000000E+02,   6.500000E+02,   1.943223E+13,   0.000000E+00
  7.000000E+02,   8.000000E+02,   7.500000E+02,   1.610195E+13,   0.000000E+00
  8.000000E+02,   1.000000E+03,   9.000000E+02,   2.400786E+13,   0.000000E+00
  1.000000E+03,   1.250000E+03,   1.125000E+03,   1.851464E+13,   0.000000E+00
  1.250000E+03,   1.500000E+03,   1.375000E+03,   1.201943E+13,   0.000000E+00
  1.500000E+03,   1.750000E+03,   1.625000E+03,   7.951752E+12,   0.000000E+00
  1.750000E+03,   2.000000E+03,   1.875000E+03,   5.152973E+12,   0.000000E+00
  2.000000E+03,   2.250000E+03,   2.125000E+03,   3.458889E+12,   0.000000E+00
  2.250000E+03,   2.500000E+03,   2.375000E+03,   2.263471E+12,   0.000000E+00
  2.500000E+03,   2.750000E+03,   2.625000E+03,   1.440214E+12,   0.000000E+00
  2.750000E+03,   3.000000E+03,   2.875000E+03,   8.347977E+11,   0.000000E+00
  3.000000E+03,   3.250000E+03,   3.125000E+03,   4.247688E+11,   0.000000E+00
  3.250000E+03,   3.500000E+03,   3.375000E+03,   2.441079E+11,   0.000000E+00
  3.500000E+03,   3.750000E+03,   3.625000E+03,   1.225353E+11,   0.000000E+00
  3.750000E+03,   4.000000E+03,   3.875000E+03,   6.589152E+10,   0.000000E+00
  4.000000E+03,   4.250000E+03,   4.125000E+03,   3.073153E+10,   0.000000E+00
  4.250000E+03,   4.500000E+03,   4.375000E+03,   1.480949E+10,   0.000000E+00
  4.500000E+03,   4.750000E+03,   4.625000E+03,   5.781160E+09,   0.000000E+00
  4.750000E+03,   5.000000E+03,   4.875000E+03,   2.241043E+09,   0.000000E+00
  5.000000E+03,   5.500000E+03,   5.250000E+03,   9.028399E+08,   0.000000E+00
  5.500000E+03,   6.000000E+03,   5.750000E+03,   6.692213E+07,   0.000000E+00
  6.000000E+03,   6.500000E+03,   6.250000E+03,   2.174831E+04,   0.000000E+00
  6.500000E+03,   7.000000E+03,   6.750000E+03,   2.174831E+04,   0.000000E+00
  7.000000E+03,   1.000000E+04,   8.500000E+03,   1.229070E+05,   0.000000E+00
  1.000000E+04,   2.000000E+04,   1.500000E+04,   2.074057E+05,   0.000000E+00
  2.000000E+04,   3.000000E+04,   2.500000E+04,   5.906350E+04,   0.000000E+00
  3.000000E+04,   4.000000E+04,   3.500000E+04,   1.831437E+04,   0.000000E+00
  4.000000E+04,   5.000000E+04,   4.500000E+04,   7.188768E+03,   0.000000E+00
  5.000000E+04,   6.000000E+04,   5.500000E+04,   3.497901E+03,   0.000000E+00
  6.000000E+04,   7.000000E+04,   6.500000E+04,   1.972090E+03,   0.000000E+00
  7.000000E+04,   8.000000E+04,   7.500000E+04,   1.149988E+03,   0.000000E+00
  8.000000E+04,   1.000000E+05,   9.000000E+04,   1.225910E+03,   0.000000E+00
  1.000000E+05,   1.500000E+05,   1.250000E+05,   1.089171E+03,   0.000000E+00
  1.500000E+05,   2.000000E+05,   1.750000E+05,   2.911993E+02,   0.000000E+00
  2.000000E+05,   3.000000E+05,   2.500000E+05,   1.318648E+02,   0.000000E+00
  3.000000E+05,   4.000000E+05,   3.500000E+05,   2.566071E+01,   0.000000E+00
  4.000000E+05,   5.000000E+05,   4.500000E+05,   6.937986E+00,   0.000000E+00
  5.000000E+05,   8.000000E+05,   6.500000E+05,   8.991274E-01,   0.000000E+00
  8.000000E+05,   1.000000E+06,   0.000000E+00,   0.000000E+00,   0.000000E+00
'End of Block'
'*',    13,     3,     4,     0,     5,     5,    46,    -1
'OMNIDIRECTIONAL FLUENCE ANALYSIS'
'MULASSIS ml-v01-19'
'geant4-09-02-ref-00 (19-December-2008)'
'FLU_BDY', 1, 2, ' '
'FLU_PAR, -1, neutron '
'FLU_AMN', 1, 0., 'deg'
'FLU_AMX', 1, 90., 'deg'
'Elo','keV', 1, ' Lower edge of energy    bin '
'Eup','keV', 1, ' Upper edge of energy    bin '
'Emean','keV', 1, ' Mean energy of bin '
'Value','particles/cm2/bin',1,             'Fluence/flux'
'Error','particles/cm2/bin',1,'Error in   fluence/flux'
  0.000000E+00,   4.000000E+01,   2.000000E+01,   1.315642E+05,   0.000000E+00
  4.000000E+01,   1.000000E+02,   7.000000E+01,   1.973463E+05,   0.000000E+00
  1.000000E+02,   2.000000E+02,   1.500000E+02,   3.289106E+05,   0.000000E+00
  2.000000E+02,   3.000000E+02,   2.500000E+02,   3.288434E+05,   0.000000E+00
  3.000000E+02,   4.000000E+02,   3.500000E+02,   3.287191E+05,   0.000000E+00
  4.000000E+02,   5.000000E+02,   4.500000E+02,   3.279676E+05,   0.000000E+00
  5.000000E+02,   6.000000E+02,   5.500000E+02,   3.236264E+05,   0.000000E+00
  6.000000E+02,   7.000000E+02,   6.500000E+02,   3.159848E+05,   0.000000E+00
  7.000000E+02,   8.000000E+02,   7.500000E+02,   3.064310E+05,   0.000000E+00
  8.000000E+02,   1.000000E+03,   9.000000E+02,   5.819131E+05,   0.000000E+00
  1.000000E+03,   1.250000E+03,   1.125000E+03,   6.657248E+05,   0.000000E+00
  1.250000E+03,   1.500000E+03,   1.375000E+03,   5.946476E+05,   0.000000E+00
  1.500000E+03,   1.750000E+03,   1.625000E+03,   5.312923E+05,   0.000000E+00
  1.750000E+03,   2.000000E+03,   1.875000E+03,   4.765704E+05,   0.000000E+00
  2.000000E+03,   2.250000E+03,   2.125000E+03,   4.340651E+05,   0.000000E+00
  2.250000E+03,   2.500000E+03,   2.375000E+03,   4.007906E+05,   0.000000E+00
  2.500000E+03,   2.750000E+03,   2.625000E+03,   3.699411E+05,   0.000000E+00
  2.750000E+03,   3.000000E+03,   2.875000E+03,   3.423803E+05,   0.000000E+00
  3.000000E+03,   3.250000E+03,   3.125000E+03,   3.188388E+05,   0.000000E+00
  3.250000E+03,   3.500000E+03,   3.375000E+03,   2.974486E+05,   0.000000E+00
  3.500000E+03,   3.750000E+03,   3.625000E+03,   2.781180E+05,   0.000000E+00
  3.750000E+03,   4.000000E+03,   3.875000E+03,   2.580243E+05,   0.000000E+00
  4.000000E+03,   4.250000E+03,   4.125000E+03,   2.466300E+05,   0.000000E+00
  4.250000E+03,   4.500000E+03,   4.375000E+03,   2.249777E+05,   0.000000E+00
  4.500000E+03,   4.750000E+03,   4.625000E+03,   2.190788E+05,   0.000000E+00
  4.750000E+03,   5.000000E+03,   4.875000E+03,   1.996320E+05,   0.000000E+00
  5.000000E+03,   5.500000E+03,   5.250000E+03,   3.730432E+05,   0.000000E+00
  5.500000E+03,   6.000000E+03,   5.750000E+03,   3.311452E+05,   0.000000E+00
  6.000000E+03,   6.500000E+03,   6.250000E+03,   2.926058E+05,   0.000000E+00
  6.500000E+03,   7.000000E+03,   6.750000E+03,   2.622349E+05,   0.000000E+00
  7.000000E+03,   1.000000E+04,   8.500000E+03,   1.103022E+06,   0.000000E+00
  1.000000E+04,   2.000000E+04,   1.500000E+04,   1.570993E+06,   0.000000E+00
  2.000000E+04,   3.000000E+04,   2.500000E+04,   7.158917E+05,   0.000000E+00
  3.000000E+04,   4.000000E+04,   3.500000E+04,   3.451336E+05,   0.000000E+00
  4.000000E+04,   5.000000E+04,   4.500000E+04,   1.928229E+05,   0.000000E+00
  5.000000E+04,   6.000000E+04,   5.500000E+04,   1.184396E+05,   0.000000E+00
  6.000000E+04,   7.000000E+04,   6.500000E+04,   8.081995E+04,   0.000000E+00
  7.000000E+04,   8.000000E+04,   7.500000E+04,   5.546260E+04,   0.000000E+00
  8.000000E+04,   1.000000E+05,   9.000000E+04,   6.722494E+04,   0.000000E+00
  1.000000E+05,   1.500000E+05,   1.250000E+05,   7.579787E+04,   0.000000E+00
  1.500000E+05,   2.000000E+05,   1.750000E+05,   2.922738E+04,   0.000000E+00
  2.000000E+05,   3.000000E+05,   2.500000E+05,   1.542140E+04,   0.000000E+00
  3.000000E+05,   4.000000E+05,   3.500000E+05,   2.242663E+03,   0.000000E+00
  4.000000E+05,   5.000000E+05,   4.500000E+05,   5.203263E+02,   0.000000E+00
  5.000000E+05,   8.000000E+05,   6.500000E+05,   4.771373E+01,   0.000000E+00
  8.000000E+05,   1.000000E+06,   0.000000E+00,   0.000000E+00,   0.000000E+00
'End of File'
