'*',    13,     3,     4,     0,     5,     5,    46,     2
'OMNIDIRECTIONAL FLUENCE ANALYSIS'
'MULASSIS ml-v01-19'
'geant4-09-02-ref-00 (19-December-2008)'
'FLU_BDY', 1, 2, ' '
'FLU_PAR, -1, proton  '
'FLU_AMN', 1, 0., 'deg'
'FLU_AMX', 1, 90., 'deg'
'Elo','keV', 1, ' Lower edge of energy    bin '
'Eup','keV', 1, ' Upper edge of energy    bin '
'Emean','keV', 1, ' Mean energy of bin '
'Value','particles/cm2/bin',1,             'Fluence/flux'
'Error','particles/cm2/bin',1,'Error in   fluence/flux'
  0.000000E+00,   4.000000E+01,   2.000000E+01,   1.038602E+04,   0.000000E+00
  4.000000E+01,   1.000000E+02,   7.000000E+01,   1.557903E+04,   0.000000E+00
  1.000000E+02,   2.000000E+02,   1.500000E+02,   2.596504E+04,   0.000000E+00
  2.000000E+02,   3.000000E+02,   2.500000E+02,   2.596504E+04,   0.000000E+00
  3.000000E+02,   4.000000E+02,   3.500000E+02,   2.596504E+04,   0.000000E+00
  4.000000E+02,   5.000000E+02,   4.500000E+02,   2.596504E+04,   0.000000E+00
  5.000000E+02,   6.000000E+02,   5.500000E+02,   2.596504E+04,   0.000000E+00
  6.000000E+02,   7.000000E+02,   6.500000E+02,   2.596504E+04,   0.000000E+00
  7.000000E+02,   8.000000E+02,   7.500000E+02,   2.596504E+04,   0.000000E+00
  8.000000E+02,   1.000000E+03,   9.000000E+02,   5.193009E+04,   0.000000E+00
  1.000000E+03,   1.250000E+03,   1.125000E+03,   6.491261E+04,   0.000000E+00
  1.250000E+03,   1.500000E+03,   1.375000E+03,   6.491261E+04,   0.000000E+00
  1.500000E+03,   1.750000E+03,   1.625000E+03,   6.491261E+04,   0.000000E+00
  1.750000E+03,   2.000000E+03,   1.875000E+03,   6.491261E+04,   0.000000E+00
  2.000000E+03,   2.250000E+03,   2.125000E+03,   6.827131E+04,   0.000000E+00
  2.250000E+03,   2.500000E+03,   2.375000E+03,   8.826079E+04,   0.000000E+00
  2.500000E+03,   2.750000E+03,   2.625000E+03,   8.826079E+04,   0.000000E+00
  2.750000E+03,   3.000000E+03,   2.875000E+03,   8.826079E+04,   0.000000E+00
  3.000000E+03,   3.250000E+03,   3.125000E+03,   1.005876E+05,   0.000000E+00
  3.250000E+03,   3.500000E+03,   3.375000E+03,   1.065198E+05,   0.000000E+00
  3.500000E+03,   3.750000E+03,   3.625000E+03,   1.065198E+05,   0.000000E+00
  3.750000E+03,   4.000000E+03,   3.875000E+03,   1.113465E+05,   0.000000E+00
  4.000000E+03,   4.250000E+03,   4.125000E+03,   1.198909E+05,   0.000000E+00
  4.250000E+03,   4.500000E+03,   4.375000E+03,   1.257930E+05,   0.000000E+00
  4.500000E+03,   4.750000E+03,   4.625000E+03,   1.405340E+05,   0.000000E+00
  4.750000E+03,   5.000000E+03,   4.875000E+03,   1.479389E+05,   0.000000E+00
  5.000000E+03,   5.500000E+03,   5.250000E+03,   2.958778E+05,   0.000000E+00
  5.500000E+03,   6.000000E+03,   5.750000E+03,   3.018094E+05,   0.000000E+00
  6.000000E+03,   6.500000E+03,   6.250000E+03,   3.255102E+05,   0.000000E+00
  6.500000E+03,   7.000000E+03,   6.750000E+03,   3.699506E+05,   0.000000E+00
  7.000000E+03,   1.000000E+04,   8.500000E+03,   2.579162E+06,   0.000000E+00
  1.000000E+04,   2.000000E+04,   1.500000E+04,   1.413361E+07,   0.000000E+00
  2.000000E+04,   3.000000E+04,   2.500000E+04,   2.496025E+07,   0.000000E+00
  3.000000E+04,   4.000000E+04,   3.500000E+04,   2.630950E+07,   0.000000E+00
  4.000000E+04,   5.000000E+04,   4.500000E+04,   2.671905E+07,   0.000000E+00
  5.000000E+04,   6.000000E+04,   5.500000E+04,   2.242239E+07,   0.000000E+00
  6.000000E+04,   7.000000E+04,   6.500000E+04,   1.667474E+07,   0.000000E+00
  7.000000E+04,   8.000000E+04,   7.500000E+04,   1.396971E+07,   0.000000E+00
  8.000000E+04,   1.000000E+05,   9.000000E+04,   2.159953E+07,   0.000000E+00
  1.000000E+05,   1.500000E+05,   1.250000E+05,   3.749099E+07,   0.000000E+00
  1.500000E+05,   2.000000E+05,   1.750000E+05,   2.276498E+07,   0.000000E+00
  2.000000E+05,   3.000000E+05,   2.500000E+05,   2.140080E+07,   0.000000E+00
  3.000000E+05,   4.000000E+05,   3.500000E+05,   5.832949E+06,   0.000000E+00
  4.000000E+05,   5.000000E+05,   4.500000E+05,   2.073825E+06,   0.000000E+00
  5.000000E+05,   8.000000E+05,   6.500000E+05,   4.669690E+05,   0.000000E+00
  8.000000E+05,   1.000000E+06,   0.000000E+00,   0.000000E+00,   0.000000E+00
'End of Block'
'*',    13,     3,     4,     0,     5,     5,    46,     1
'OMNIDIRECTIONAL FLUENCE ANALYSIS'
'MULASSIS ml-v01-19'
'geant4-09-02-ref-00 (19-December-2008)'
'FLU_BDY', 1, 2, ' '
'FLU_PAR, -1, e-      '
'FLU_AMN', 1, 0., 'deg'
'FLU_AMX', 1, 90., 'deg'
'Elo','keV', 1, ' Lower edge of energy    bin '
'Eup','keV', 1, ' Upper edge of energy    bin '
'Emean','keV', 1, ' Mean energy of bin '
'Value','particles/cm2/bin',1,             'Fluence/flux'
'Error','particles/cm2/bin',1,'Error in   fluence/flux'
  0.000000E+00,   4.000000E+01,   2.000000E+01,   1.226591E+07,   0.000000E+00
  4.000000E+01,   1.000000E+02,   7.000000E+01,   5.973199E+06,   0.000000E+00
  1.000000E+02,   2.000000E+02,   1.500000E+02,   3.184816E+06,   0.000000E+00
  2.000000E+02,   3.000000E+02,   2.500000E+02,   1.040423E+06,   0.000000E+00
  3.000000E+02,   4.000000E+02,   3.500000E+02,   4.183229E+05,   0.000000E+00
  4.000000E+02,   5.000000E+02,   4.500000E+02,   2.006552E+05,   0.000000E+00
  5.000000E+02,   6.000000E+02,   5.500000E+02,   9.356244E+04,   0.000000E+00
  6.000000E+02,   7.000000E+02,   6.500000E+02,   4.985876E+04,   0.000000E+00
  7.000000E+02,   8.000000E+02,   7.500000E+02,   2.775530E+04,   0.000000E+00
  8.000000E+02,   1.000000E+03,   9.000000E+02,   2.849035E+04,   0.000000E+00
  1.000000E+03,   1.250000E+03,   1.125000E+03,   1.512326E+04,   0.000000E+00
  1.250000E+03,   1.500000E+03,   1.375000E+03,   7.373095E+03,   0.000000E+00
  1.500000E+03,   1.750000E+03,   1.625000E+03,   3.615591E+03,   0.000000E+00
  1.750000E+03,   2.000000E+03,   1.875000E+03,   2.489971E+03,   0.000000E+00
  2.000000E+03,   2.250000E+03,   2.125000E+03,   1.861051E+03,   0.000000E+00
  2.250000E+03,   2.500000E+03,   2.375000E+03,   1.480551E+03,   0.000000E+00
  2.500000E+03,   2.750000E+03,   2.625000E+03,   1.171518E+03,   0.000000E+00
  2.750000E+03,   3.000000E+03,   2.875000E+03,   1.030557E+03,   0.000000E+00
  3.000000E+03,   3.250000E+03,   3.125000E+03,   9.602550E+02,   0.000000E+00
  3.250000E+03,   3.500000E+03,   3.375000E+03,   8.800385E+02,   0.000000E+00
  3.500000E+03,   3.750000E+03,   3.625000E+03,   8.179708E+02,   0.000000E+00
  3.750000E+03,   4.000000E+03,   3.875000E+03,   8.179708E+02,   0.000000E+00
  4.000000E+03,   4.250000E+03,   4.125000E+03,   8.179708E+02,   0.000000E+00
  4.250000E+03,   4.500000E+03,   4.375000E+03,   8.179708E+02,   0.000000E+00
  4.500000E+03,   4.750000E+03,   4.625000E+03,   8.179708E+02,   0.000000E+00
  4.750000E+03,   5.000000E+03,   4.875000E+03,   8.179708E+02,   0.000000E+00
  5.000000E+03,   5.500000E+03,   5.250000E+03,   1.635942E+03,   0.000000E+00
  5.500000E+03,   6.000000E+03,   5.750000E+03,   1.635942E+03,   0.000000E+00
  6.000000E+03,   6.500000E+03,   6.250000E+03,   1.635942E+03,   0.000000E+00
  6.500000E+03,   7.000000E+03,   6.750000E+03,   1.635942E+03,   0.000000E+00
  7.000000E+03,   1.000000E+04,   8.500000E+03,   9.815649E+03,   0.000000E+00
  1.000000E+04,   2.000000E+04,   1.500000E+04,   3.271883E+04,   0.000000E+00
  2.000000E+04,   3.000000E+04,   2.500000E+04,   3.271883E+04,   0.000000E+00
  3.000000E+04,   4.000000E+04,   3.500000E+04,   3.271883E+04,   0.000000E+00
  4.000000E+04,   5.000000E+04,   4.500000E+04,   3.271883E+04,   0.000000E+00
  5.000000E+04,   6.000000E+04,   5.500000E+04,   3.271883E+04,   0.000000E+00
  6.000000E+04,   7.000000E+04,   6.500000E+04,   3.271883E+04,   0.000000E+00
  7.000000E+04,   8.000000E+04,   7.500000E+04,   3.085431E+04,   0.000000E+00
  8.000000E+04,   1.000000E+05,   9.000000E+04,   3.924578E+04,   0.000000E+00
  1.000000E+05,   1.500000E+05,   1.250000E+05,   4.956617E+04,   0.000000E+00
  1.500000E+05,   2.000000E+05,   1.750000E+05,   1.722197E+04,   0.000000E+00
  2.000000E+05,   3.000000E+05,   2.500000E+05,   1.016189E+04,   0.000000E+00
  3.000000E+05,   4.000000E+05,   3.500000E+05,   2.939704E+03,   0.000000E+00
  4.000000E+05,   5.000000E+05,   4.500000E+05,   8.923395E+02,   0.000000E+00
  5.000000E+05,   8.000000E+05,   6.500000E+05,   1.167449E+02,   0.000000E+00
  8.000000E+05,   1.000000E+06,   0.000000E+00,   0.000000E+00,   0.000000E+00
'End of Block'
'*',    13,     3,     4,     0,     5,     5,    46,    -1
'OMNIDIRECTIONAL FLUENCE ANALYSIS'
'MULASSIS ml-v01-19'
'geant4-09-02-ref-00 (19-December-2008)'
'FLU_BDY', 1, 2, ' '
'FLU_PAR, -1, neutron '
'FLU_AMN', 1, 0., 'deg'
'FLU_AMX', 1, 90., 'deg'
'Elo','keV', 1, ' Lower edge of energy    bin '
'Eup','keV', 1, ' Upper edge of energy    bin '
'Emean','keV', 1, ' Mean energy of bin '
'Value','particles/cm2/bin',1,             'Fluence/flux'
'Error','particles/cm2/bin',1,'Error in   fluence/flux'
  0.000000E+00,   4.000000E+01,   2.000000E+01,   1.147324E+05,   0.000000E+00
  4.000000E+01,   1.000000E+02,   7.000000E+01,   1.720986E+05,   0.000000E+00
  1.000000E+02,   2.000000E+02,   1.500000E+02,   2.868310E+05,   0.000000E+00
  2.000000E+02,   3.000000E+02,   2.500000E+02,   2.868310E+05,   0.000000E+00
  3.000000E+02,   4.000000E+02,   3.500000E+02,   2.868310E+05,   0.000000E+00
  4.000000E+02,   5.000000E+02,   4.500000E+02,   2.868310E+05,   0.000000E+00
  5.000000E+02,   6.000000E+02,   5.500000E+02,   2.868310E+05,   0.000000E+00
  6.000000E+02,   7.000000E+02,   6.500000E+02,   2.868310E+05,   0.000000E+00
  7.000000E+02,   8.000000E+02,   7.500000E+02,   2.868310E+05,   0.000000E+00
  8.000000E+02,   1.000000E+03,   9.000000E+02,   5.736619E+05,   0.000000E+00
  1.000000E+03,   1.250000E+03,   1.125000E+03,   7.170774E+05,   0.000000E+00
  1.250000E+03,   1.500000E+03,   1.375000E+03,   7.170774E+05,   0.000000E+00
  1.500000E+03,   1.750000E+03,   1.625000E+03,   7.170774E+05,   0.000000E+00
  1.750000E+03,   2.000000E+03,   1.875000E+03,   7.170774E+05,   0.000000E+00
  2.000000E+03,   2.250000E+03,   2.125000E+03,   7.058227E+05,   0.000000E+00
  2.250000E+03,   2.500000E+03,   2.375000E+03,   6.388402E+05,   0.000000E+00
  2.500000E+03,   2.750000E+03,   2.625000E+03,   6.388402E+05,   0.000000E+00
  2.750000E+03,   3.000000E+03,   2.875000E+03,   6.388402E+05,   0.000000E+00
  3.000000E+03,   3.250000E+03,   3.125000E+03,   5.907908E+05,   0.000000E+00
  3.250000E+03,   3.500000E+03,   3.375000E+03,   5.676674E+05,   0.000000E+00
  3.500000E+03,   3.750000E+03,   3.625000E+03,   5.676674E+05,   0.000000E+00
  3.750000E+03,   4.000000E+03,   3.875000E+03,   5.442234E+05,   0.000000E+00
  4.000000E+03,   4.250000E+03,   4.125000E+03,   5.027228E+05,   0.000000E+00
  4.250000E+03,   4.500000E+03,   4.375000E+03,   4.911252E+05,   0.000000E+00
  4.500000E+03,   4.750000E+03,   4.625000E+03,   4.616261E+05,   0.000000E+00
  4.750000E+03,   5.000000E+03,   4.875000E+03,   4.164821E+05,   0.000000E+00
  5.000000E+03,   5.500000E+03,   5.250000E+03,   8.329643E+05,   0.000000E+00
  5.500000E+03,   6.000000E+03,   5.750000E+03,   7.861352E+05,   0.000000E+00
  6.000000E+03,   6.500000E+03,   6.250000E+03,   7.322245E+05,   0.000000E+00
  6.500000E+03,   7.000000E+03,   6.750000E+03,   6.425466E+05,   0.000000E+00
  7.000000E+03,   1.000000E+04,   8.500000E+03,   3.175987E+06,   0.000000E+00
  1.000000E+04,   2.000000E+04,   1.500000E+04,   5.711279E+06,   0.000000E+00
  2.000000E+04,   3.000000E+04,   2.500000E+04,   3.083800E+06,   0.000000E+00
  3.000000E+04,   4.000000E+04,   3.500000E+04,   2.097367E+06,   0.000000E+00
  4.000000E+04,   5.000000E+04,   4.500000E+04,   1.487247E+06,   0.000000E+00
  5.000000E+04,   6.000000E+04,   5.500000E+04,   1.116162E+06,   0.000000E+00
  6.000000E+04,   7.000000E+04,   6.500000E+04,   8.501483E+05,   0.000000E+00
  7.000000E+04,   8.000000E+04,   7.500000E+04,   6.684119E+05,   0.000000E+00
  8.000000E+04,   1.000000E+05,   9.000000E+04,   8.947166E+05,   0.000000E+00
  1.000000E+05,   1.500000E+05,   1.250000E+05,   1.151884E+06,   0.000000E+00
  1.500000E+05,   2.000000E+05,   1.750000E+05,   4.897408E+05,   0.000000E+00
  2.000000E+05,   3.000000E+05,   2.500000E+05,   3.009854E+05,   0.000000E+00
  3.000000E+05,   4.000000E+05,   3.500000E+05,   5.329720E+04,   0.000000E+00
  4.000000E+05,   5.000000E+05,   4.500000E+05,   1.192058E+04,   0.000000E+00
  5.000000E+05,   8.000000E+05,   6.500000E+05,   5.574702E+02,   0.000000E+00
  8.000000E+05,   1.000000E+06,   0.000000E+00,   0.000000E+00,   0.000000E+00
'End of File'
