'*',    13,     3,     4,     0,     5,     5,    46,     2
'OMNIDIRECTIONAL FLUENCE ANALYSIS'
'MULASSIS ml-v01-19'
'geant4-09-02-ref-00 (19-December-2008)'
'FLU_BDY', 1, 2, ' '
'FLU_PAR, -1, proton  '
'FLU_AMN', 1, 0., 'deg'
'FLU_AMX', 1, 90., 'deg'
'Elo','keV', 1, ' Lower edge of energy    bin '
'Eup','keV', 1, ' Upper edge of energy    bin '
'Emean','keV', 1, ' Mean energy of bin '
'Value','particles/cm2/bin',1,             'Fluence/flux'
'Error','particles/cm2/bin',1,'Error in   fluence/flux'
  0.000000E+00,   4.000000E+01,   2.000000E+01,   1.471484E+04,   0.000000E+00
  4.000000E+01,   1.000000E+02,   7.000000E+01,   2.207226E+04,   0.000000E+00
  1.000000E+02,   2.000000E+02,   1.500000E+02,   3.678710E+04,   0.000000E+00
  2.000000E+02,   3.000000E+02,   2.500000E+02,   3.678710E+04,   0.000000E+00
  3.000000E+02,   4.000000E+02,   3.500000E+02,   3.678710E+04,   0.000000E+00
  4.000000E+02,   5.000000E+02,   4.500000E+02,   3.678710E+04,   0.000000E+00
  5.000000E+02,   6.000000E+02,   5.500000E+02,   3.678710E+04,   0.000000E+00
  6.000000E+02,   7.000000E+02,   6.500000E+02,   3.678710E+04,   0.000000E+00
  7.000000E+02,   8.000000E+02,   7.500000E+02,   3.678710E+04,   0.000000E+00
  8.000000E+02,   1.000000E+03,   9.000000E+02,   7.357420E+04,   0.000000E+00
  1.000000E+03,   1.250000E+03,   1.125000E+03,   9.196775E+04,   0.000000E+00
  1.250000E+03,   1.500000E+03,   1.375000E+03,   9.196775E+04,   0.000000E+00
  1.500000E+03,   1.750000E+03,   1.625000E+03,   9.196775E+04,   0.000000E+00
  1.750000E+03,   2.000000E+03,   1.875000E+03,   9.196775E+04,   0.000000E+00
  2.000000E+03,   2.250000E+03,   2.125000E+03,   9.485906E+04,   0.000000E+00
  2.250000E+03,   2.500000E+03,   2.375000E+03,   1.120668E+05,   0.000000E+00
  2.500000E+03,   2.750000E+03,   2.625000E+03,   1.120668E+05,   0.000000E+00
  2.750000E+03,   3.000000E+03,   2.875000E+03,   1.120668E+05,   0.000000E+00
  3.000000E+03,   3.250000E+03,   3.125000E+03,   1.240023E+05,   0.000000E+00
  3.250000E+03,   3.500000E+03,   3.375000E+03,   1.297461E+05,   0.000000E+00
  3.500000E+03,   3.750000E+03,   3.625000E+03,   1.297461E+05,   0.000000E+00
  3.750000E+03,   4.000000E+03,   3.875000E+03,   1.351435E+05,   0.000000E+00
  4.000000E+03,   4.250000E+03,   4.125000E+03,   1.446981E+05,   0.000000E+00
  4.250000E+03,   4.500000E+03,   4.375000E+03,   1.497788E+05,   0.000000E+00
  4.500000E+03,   4.750000E+03,   4.625000E+03,   1.626298E+05,   0.000000E+00
  4.750000E+03,   5.000000E+03,   4.875000E+03,   1.782684E+05,   0.000000E+00
  5.000000E+03,   5.500000E+03,   5.250000E+03,   3.565368E+05,   0.000000E+00
  5.500000E+03,   6.000000E+03,   5.750000E+03,   3.702508E+05,   0.000000E+00
  6.000000E+03,   6.500000E+03,   6.250000E+03,   3.955550E+05,   0.000000E+00
  6.500000E+03,   7.000000E+03,   6.750000E+03,   4.419526E+05,   0.000000E+00
  7.000000E+03,   1.000000E+04,   8.500000E+03,   3.060151E+06,   0.000000E+00
  1.000000E+04,   2.000000E+04,   1.500000E+04,   1.650802E+07,   0.000000E+00
  2.000000E+04,   3.000000E+04,   2.500000E+04,   2.811425E+07,   0.000000E+00
  3.000000E+04,   4.000000E+04,   3.500000E+04,   3.205332E+07,   0.000000E+00
  4.000000E+04,   5.000000E+04,   4.500000E+04,   3.582650E+07,   0.000000E+00
  5.000000E+04,   6.000000E+04,   5.500000E+04,   3.570716E+07,   0.000000E+00
  6.000000E+04,   7.000000E+04,   6.500000E+04,   3.455249E+07,   0.000000E+00
  7.000000E+04,   8.000000E+04,   7.500000E+04,   3.221414E+07,   0.000000E+00
  8.000000E+04,   1.000000E+05,   9.000000E+04,   5.310426E+07,   0.000000E+00
  1.000000E+05,   1.500000E+05,   1.250000E+05,   1.101382E+08,   0.000000E+00
  1.500000E+05,   2.000000E+05,   1.750000E+05,   8.253843E+07,   0.000000E+00
  2.000000E+05,   3.000000E+05,   2.500000E+05,   6.553511E+07,   0.000000E+00
  3.000000E+05,   4.000000E+05,   3.500000E+05,   1.391069E+06,   0.000000E+00
  4.000000E+05,   5.000000E+05,   4.500000E+05,   7.932947E+04,   0.000000E+00
  5.000000E+05,   8.000000E+05,   6.500000E+05,   2.004526E+04,   0.000000E+00
  8.000000E+05,   1.000000E+06,   0.000000E+00,   0.000000E+00,   0.000000E+00
'End of Block'
'*',    13,     3,     4,     0,     5,     5,    46,     1
'OMNIDIRECTIONAL FLUENCE ANALYSIS'
'MULASSIS ml-v01-19'
'geant4-09-02-ref-00 (19-December-2008)'
'FLU_BDY', 1, 2, ' '
'FLU_PAR, -1, e-      '
'FLU_AMN', 1, 0., 'deg'
'FLU_AMX', 1, 90., 'deg'
'Elo','keV', 1, ' Lower edge of energy    bin '
'Eup','keV', 1, ' Upper edge of energy    bin '
'Emean','keV', 1, ' Mean energy of bin '
'Value','particles/cm2/bin',1,             'Fluence/flux'
'Error','particles/cm2/bin',1,'Error in   fluence/flux'
  0.000000E+00,   4.000000E+01,   2.000000E+01,   2.601220E+07,   0.000000E+00
  4.000000E+01,   1.000000E+02,   7.000000E+01,   1.551239E+07,   0.000000E+00
  1.000000E+02,   2.000000E+02,   1.500000E+02,   8.930360E+06,   0.000000E+00
  2.000000E+02,   3.000000E+02,   2.500000E+02,   2.903528E+06,   0.000000E+00
  3.000000E+02,   4.000000E+02,   3.500000E+02,   1.035015E+06,   0.000000E+00
  4.000000E+02,   5.000000E+02,   4.500000E+02,   3.945087E+05,   0.000000E+00
  5.000000E+02,   6.000000E+02,   5.500000E+02,   1.423264E+05,   0.000000E+00
  6.000000E+02,   7.000000E+02,   6.500000E+02,   5.584471E+04,   0.000000E+00
  7.000000E+02,   8.000000E+02,   7.500000E+02,   2.738117E+04,   0.000000E+00
  8.000000E+02,   1.000000E+03,   9.000000E+02,   3.394685E+04,   0.000000E+00
  1.000000E+03,   1.250000E+03,   1.125000E+03,   2.830283E+04,   0.000000E+00
  1.250000E+03,   1.500000E+03,   1.375000E+03,   1.342776E+04,   0.000000E+00
  1.500000E+03,   1.750000E+03,   1.625000E+03,   4.708574E+03,   0.000000E+00
  1.750000E+03,   2.000000E+03,   1.875000E+03,   2.323950E+03,   0.000000E+00
  2.000000E+03,   2.250000E+03,   2.125000E+03,   1.239811E+03,   0.000000E+00
  2.250000E+03,   2.500000E+03,   2.375000E+03,   6.315908E+02,   0.000000E+00
  2.500000E+03,   2.750000E+03,   2.625000E+03,   1.425224E+03,   0.000000E+00
  2.750000E+03,   3.000000E+03,   2.875000E+03,   1.422018E+03,   0.000000E+00
  3.000000E+03,   3.250000E+03,   3.125000E+03,   1.419449E+03,   0.000000E+00
  3.250000E+03,   3.500000E+03,   3.375000E+03,   1.416112E+03,   0.000000E+00
  3.500000E+03,   3.750000E+03,   3.625000E+03,   1.413447E+03,   0.000000E+00
  3.750000E+03,   4.000000E+03,   3.875000E+03,   1.413447E+03,   0.000000E+00
  4.000000E+03,   4.250000E+03,   4.125000E+03,   1.413447E+03,   0.000000E+00
  4.250000E+03,   4.500000E+03,   4.375000E+03,   1.413447E+03,   0.000000E+00
  4.500000E+03,   4.750000E+03,   4.625000E+03,   1.413447E+03,   0.000000E+00
  4.750000E+03,   5.000000E+03,   4.875000E+03,   1.413447E+03,   0.000000E+00
  5.000000E+03,   5.500000E+03,   5.250000E+03,   2.826895E+03,   0.000000E+00
  5.500000E+03,   6.000000E+03,   5.750000E+03,   2.826895E+03,   0.000000E+00
  6.000000E+03,   6.500000E+03,   6.250000E+03,   2.826895E+03,   0.000000E+00
  6.500000E+03,   7.000000E+03,   6.750000E+03,   2.826895E+03,   0.000000E+00
  7.000000E+03,   1.000000E+04,   8.500000E+03,   1.696137E+04,   0.000000E+00
  1.000000E+04,   2.000000E+04,   1.500000E+04,   5.653790E+04,   0.000000E+00
  2.000000E+04,   3.000000E+04,   2.500000E+04,   5.653790E+04,   0.000000E+00
  3.000000E+04,   4.000000E+04,   3.500000E+04,   5.653790E+04,   0.000000E+00
  4.000000E+04,   5.000000E+04,   4.500000E+04,   5.653790E+04,   0.000000E+00
  5.000000E+04,   6.000000E+04,   5.500000E+04,   5.653790E+04,   0.000000E+00
  6.000000E+04,   7.000000E+04,   6.500000E+04,   5.653790E+04,   0.000000E+00
  7.000000E+04,   8.000000E+04,   7.500000E+04,   5.493284E+04,   0.000000E+00
  8.000000E+04,   1.000000E+05,   9.000000E+04,   8.929773E+04,   0.000000E+00
  1.000000E+05,   1.500000E+05,   1.250000E+05,   1.387547E+05,   0.000000E+00
  1.500000E+05,   2.000000E+05,   1.750000E+05,   5.348010E+04,   0.000000E+00
  2.000000E+05,   3.000000E+05,   2.500000E+05,   2.164401E+04,   0.000000E+00
  3.000000E+05,   4.000000E+05,   0.000000E+00,  -4.164554E+02,   0.000000E+00
  4.000000E+05,   5.000000E+05,   4.500000E+05,   3.604180E+01,   0.000000E+00
  5.000000E+05,   8.000000E+05,   6.500000E+05,   5.011431E+00,   0.000000E+00
  8.000000E+05,   1.000000E+06,   0.000000E+00,   0.000000E+00,   0.000000E+00
'End of Block'
'*',    13,     3,     4,     0,     5,     5,    46,    -1
'OMNIDIRECTIONAL FLUENCE ANALYSIS'
'MULASSIS ml-v01-19'
'geant4-09-02-ref-00 (19-December-2008)'
'FLU_BDY', 1, 2, ' '
'FLU_PAR, -1, neutron '
'FLU_AMN', 1, 0., 'deg'
'FLU_AMX', 1, 90., 'deg'
'Elo','keV', 1, ' Lower edge of energy    bin '
'Eup','keV', 1, ' Upper edge of energy    bin '
'Emean','keV', 1, ' Mean energy of bin '
'Value','particles/cm2/bin',1,             'Fluence/flux'
'Error','particles/cm2/bin',1,'Error in   fluence/flux'
  0.000000E+00,   4.000000E+01,   2.000000E+01,   1.850825E+05,   0.000000E+00
  4.000000E+01,   1.000000E+02,   7.000000E+01,   2.776237E+05,   0.000000E+00
  1.000000E+02,   2.000000E+02,   1.500000E+02,   4.627061E+05,   0.000000E+00
  2.000000E+02,   3.000000E+02,   2.500000E+02,   4.627061E+05,   0.000000E+00
  3.000000E+02,   4.000000E+02,   3.500000E+02,   4.627061E+05,   0.000000E+00
  4.000000E+02,   5.000000E+02,   4.500000E+02,   4.627061E+05,   0.000000E+00
  5.000000E+02,   6.000000E+02,   5.500000E+02,   4.627061E+05,   0.000000E+00
  6.000000E+02,   7.000000E+02,   6.500000E+02,   4.627061E+05,   0.000000E+00
  7.000000E+02,   8.000000E+02,   7.500000E+02,   4.627061E+05,   0.000000E+00
  8.000000E+02,   1.000000E+03,   9.000000E+02,   9.254123E+05,   0.000000E+00
  1.000000E+03,   1.250000E+03,   1.125000E+03,   1.156765E+06,   0.000000E+00
  1.250000E+03,   1.500000E+03,   1.375000E+03,   1.156765E+06,   0.000000E+00
  1.500000E+03,   1.750000E+03,   1.625000E+03,   1.156765E+06,   0.000000E+00
  1.750000E+03,   2.000000E+03,   1.875000E+03,   1.156765E+06,   0.000000E+00
  2.000000E+03,   2.250000E+03,   2.125000E+03,   1.147077E+06,   0.000000E+00
  2.250000E+03,   2.500000E+03,   2.375000E+03,   1.089416E+06,   0.000000E+00
  2.500000E+03,   2.750000E+03,   2.625000E+03,   1.089416E+06,   0.000000E+00
  2.750000E+03,   3.000000E+03,   2.875000E+03,   1.089416E+06,   0.000000E+00
  3.000000E+03,   3.250000E+03,   3.125000E+03,   1.042892E+06,   0.000000E+00
  3.250000E+03,   3.500000E+03,   3.375000E+03,   1.020502E+06,   0.000000E+00
  3.500000E+03,   3.750000E+03,   3.625000E+03,   1.020502E+06,   0.000000E+00
  3.750000E+03,   4.000000E+03,   3.875000E+03,   9.942867E+05,   0.000000E+00
  4.000000E+03,   4.250000E+03,   4.125000E+03,   9.478794E+05,   0.000000E+00
  4.250000E+03,   4.500000E+03,   4.375000E+03,   9.378957E+05,   0.000000E+00
  4.500000E+03,   4.750000E+03,   4.625000E+03,   9.115182E+05,   0.000000E+00
  4.750000E+03,   5.000000E+03,   4.875000E+03,   8.161785E+05,   0.000000E+00
  5.000000E+03,   5.500000E+03,   5.250000E+03,   1.632357E+06,   0.000000E+00
  5.500000E+03,   6.000000E+03,   5.750000E+03,   1.524086E+06,   0.000000E+00
  6.000000E+03,   6.500000E+03,   6.250000E+03,   1.453288E+06,   0.000000E+00
  6.500000E+03,   7.000000E+03,   6.750000E+03,   1.305965E+06,   0.000000E+00
  7.000000E+03,   1.000000E+04,   8.500000E+03,   6.565059E+06,   0.000000E+00
  1.000000E+04,   2.000000E+04,   1.500000E+04,   1.105249E+07,   0.000000E+00
  2.000000E+04,   3.000000E+04,   2.500000E+04,   5.784622E+06,   0.000000E+00
  3.000000E+04,   4.000000E+04,   3.500000E+04,   4.168001E+06,   0.000000E+00
  4.000000E+04,   5.000000E+04,   4.500000E+04,   3.146451E+06,   0.000000E+00
  5.000000E+04,   6.000000E+04,   5.500000E+04,   2.511917E+06,   0.000000E+00
  6.000000E+04,   7.000000E+04,   6.500000E+04,   2.026026E+06,   0.000000E+00
  7.000000E+04,   8.000000E+04,   7.500000E+04,   1.671099E+06,   0.000000E+00
  8.000000E+04,   1.000000E+05,   9.000000E+04,   2.461964E+06,   0.000000E+00
  1.000000E+05,   1.500000E+05,   1.250000E+05,   3.428996E+06,   0.000000E+00
  1.500000E+05,   2.000000E+05,   1.750000E+05,   1.417777E+06,   0.000000E+00
  2.000000E+05,   3.000000E+05,   2.500000E+05,   5.746827E+05,   0.000000E+00
  3.000000E+05,   4.000000E+05,   0.000000E+00,  -2.157374E+04,   0.000000E+00
  4.000000E+05,   5.000000E+05,   4.500000E+05,   4.910600E+02,   0.000000E+00
  5.000000E+05,   8.000000E+05,   6.500000E+05,   2.393015E+01,   0.000000E+00
  8.000000E+05,   1.000000E+06,   0.000000E+00,   0.000000E+00,   0.000000E+00
'End of File'
