'*',    54,     1,    25,    22,     5,     5,    75,     1
'SPENVIS 4.6.10.3408          -  5-Apr-2020 06:35:23'
'PRJ_DEF', -1,'TESTING'
'PRJ_HDR', -1,'test1'
'MOD_ABB', -1,'SEP'
'MIS_PLA',  1,    3,' '
'MIS_NTR',  1,    1,' '
'MIS_STA',  1,  25567.00000000,' '
'MIS_END',  1,  29217.00000000,' '
'MIS_DUR',  1, 3.650000E+03,'days'
'SEP_IEL',  1,  1,' '
'SEP_JEL',  1,  9,' '
'SEP_MOD', -1,'ESP-PSYCHIC total fluence'
'SEP_TMI',  1,  7.0,'years'
'SEP_TMA',  1,  3.0,'years'
'SEP_DUR',  1, 10.0,'years'
'SEP_NCY',  1,  2,' '
'SEP_NOR',  1,  0,' '
'SEP_NAL',  1,  0,' '
'SEP_PRB',  1,  50.0,'%'
'SEP_OMN',  1, 1, ' '
'SEP_ABS', -1,'Energy'
'SEP_IGC',  1,  0,' '
'SEP_IGV',  1,  1,' '
'SEP_IST',  1,  0,' '
'PLT_HDR', -1,'ESP-PSYCHIC total fluence: solar protons'
'SPECIES', -1,'proton'
'PS Annotation',  8,  1
'Mission start: 01/01/2020 00:00:00'
 0.05, 0.00, 0.00
'Mission end: 29/12/2029 00:00:00'
 0.95, 0.00, 1.00
'Nr. of segments:   1'
 0.05, 1.50, 0.00
'Duration: 3650.00 days'
 0.95, 0.00, 1.00
'PS Annotation', 12,  0
'Solar particle model: ESP-PSYCHIC total fluence'
 0.05, 2.00, 0.00
'Mission duration: 10.00 years, spanning 2 solar cycles'
 0.10, 1.50, 0.00
'7.00 years in solar maximum'
 0.15, 1.50, 0.00
'3.00 years in solar minimum'
 0.15, 1.50, 0.00
'Confidence level: 50.000%'
 0.10, 1.50, 0.00
'Magnetic shielding:    off'
 0.10, 1.50, 0.00
'Energy','MeV', 1,'Energy'
'IFlux','cm!u-2!n', 1,'Integral Fluence'
'DFlux','cm!u-2!n MeV!u-1!n', 1,'Differential Fluence'
'Attenuation',' ', 1,'Orbit Averaged Proton Attenuation Factor'
'Exposure','hrs', 1,'Proton Exposure Time'
  1.0000E-01,  5.9465E+12,  5.9042E+13, 1.0000, 8.7600E+04
  1.1000E-01,  5.4016E+12,  4.9927E+13, 1.0000, 8.7600E+04
  1.2000E-01,  4.9479E+12,  4.2117E+13, 1.0000, 8.7600E+04
  1.4000E-01,  4.2357E+12,  3.1145E+13, 1.0000, 8.7600E+04
  1.6000E-01,  3.7022E+12,  2.3702E+13, 1.0000, 8.7600E+04
  1.8000E-01,  3.2876E+12,  1.8647E+13, 1.0000, 8.7600E+04
  2.0000E-01,  2.9563E+12,  1.5055E+13, 1.0000, 8.7600E+04
  2.2000E-01,  2.6854E+12,  1.2456E+13, 1.0000, 8.7600E+04
  2.5000E-01,  2.3607E+12,  9.6607E+12, 1.0000, 8.7600E+04
  2.8000E-01,  2.1058E+12,  7.6972E+12, 1.0000, 8.7600E+04
  3.2000E-01,  1.8405E+12,  5.8706E+12, 1.0000, 8.7600E+04
  3.5000E-01,  1.6815E+12,  4.9011E+12, 1.0000, 8.7600E+04
  4.0000E-01,  1.4697E+12,  3.7638E+12, 1.0000, 8.7600E+04
  4.5000E-01,  1.3051E+12,  2.9610E+12, 1.0000, 8.7600E+04
  5.0000E-01,  1.1736E+12,  2.3906E+12, 1.0000, 8.7600E+04
  5.5000E-01,  1.0661E+12,  1.9793E+12, 1.0000, 8.7600E+04
  6.3000E-01,  9.2965E+11,  1.5124E+12, 1.0000, 8.7600E+04
  7.1000E-01,  8.2409E+11,  1.1871E+12, 1.0000, 8.7600E+04
  8.0000E-01,  7.3066E+11,  9.3392E+11, 1.0000, 8.7600E+04
  9.0000E-01,  6.4884E+11,  7.3604E+11, 1.0000, 8.7600E+04
  1.0000E+00,  5.8345E+11,  5.9425E+11, 1.0000, 8.7600E+04
  1.1000E+00,  5.2999E+11,  4.8986E+11, 1.0000, 8.7600E+04
  1.2000E+00,  4.8548E+11,  4.1324E+11, 1.0000, 8.7600E+04
  1.4000E+00,  4.1559E+11,  3.0558E+11, 1.0000, 8.7600E+04
  1.6000E+00,  3.6324E+11,  2.3256E+11, 1.0000, 8.7600E+04
  1.8000E+00,  3.2257E+11,  1.8296E+11, 1.0000, 8.7600E+04
  2.0000E+00,  2.9006E+11,  1.4771E+11, 1.0000, 8.7600E+04
  2.2000E+00,  2.6348E+11,  1.2221E+11, 1.0000, 8.7600E+04
  2.5000E+00,  2.3162E+11,  9.4788E+10, 1.0000, 8.7600E+04
  2.8000E+00,  2.0661E+11,  7.7903E+10, 1.0000, 8.7600E+04
  3.2000E+00,  1.7836E+11,  6.4905E+10, 1.0000, 8.7600E+04
  3.5000E+00,  1.6018E+11,  5.5676E+10, 1.0000, 8.7600E+04
  4.0000E+00,  1.3646E+11,  4.1704E+10, 1.0000, 8.7600E+04
  4.5000E+00,  1.1847E+11,  3.2059E+10, 1.0000, 8.7600E+04
  5.0000E+00,  1.0440E+11,  2.6590E+10, 1.0000, 8.7600E+04
  5.5000E+00,  9.1883E+10,  2.2757E+10, 1.0000, 8.7600E+04
  6.3000E+00,  7.6595E+10,  1.6715E+10, 1.0000, 8.7600E+04
  7.1000E+00,  6.5139E+10,  1.3051E+10, 1.0000, 8.7600E+04
  8.0000E+00,  5.4678E+10,  1.0227E+10, 1.0000, 8.7600E+04
  9.0000E+00,  4.6003E+10,  7.6316E+09, 1.0000, 8.7600E+04
  1.0000E+01,  3.9415E+10,  6.1171E+09, 1.0000, 8.7600E+04
  1.1000E+01,  3.3768E+10,  5.0462E+09, 1.0000, 8.7600E+04
  1.2000E+01,  2.9323E+10,  4.0451E+09, 1.0000, 8.7600E+04
  1.4000E+01,  2.2835E+10,  2.7782E+09, 1.0000, 8.7600E+04
  1.6000E+01,  1.8210E+10,  2.0139E+09, 1.0000, 8.7600E+04
  1.8000E+01,  1.4779E+10,  1.4871E+09, 1.0000, 8.7600E+04
  2.0000E+01,  1.2262E+10,  1.1323E+09, 1.0000, 8.7600E+04
  2.2000E+01,  1.0250E+10,  8.9560E+08, 1.0000, 8.7600E+04
  2.5000E+01,  8.0594E+09,  6.3439E+08, 1.0000, 8.7600E+04
  2.8000E+01,  6.4432E+09,  4.7050E+08, 1.0000, 8.7600E+04
  3.2000E+01,  4.9251E+09,  3.2022E+08, 1.0000, 8.7600E+04
  3.5000E+01,  4.0979E+09,  2.4776E+08, 1.0000, 8.7600E+04
  4.0000E+01,  3.0923E+09,  1.7043E+08, 1.0000, 8.7600E+04
  4.5000E+01,  2.3936E+09,  1.1972E+08, 1.0000, 8.7600E+04
  5.0000E+01,  1.8950E+09,  8.6726E+07, 1.0000, 8.7600E+04
  5.5000E+01,  1.5263E+09,  6.5284E+07, 1.0000, 8.7600E+04
  6.3000E+01,  1.1123E+09,  4.3041E+07, 1.0000, 8.7600E+04
  7.1000E+01,  8.3768E+08,  2.9212E+07, 1.0000, 8.7600E+04
  8.0000E+01,  6.2656E+08,  1.9898E+07, 1.0000, 8.7600E+04
  9.0000E+01,  4.6714E+08,  1.3460E+07, 1.0000, 8.7600E+04
  1.0000E+02,  3.5736E+08,  8.9609E+06, 1.0000, 8.7600E+04
  1.1000E+02,  2.8792E+08,  6.0489E+06, 1.0000, 8.7600E+04
  1.2000E+02,  2.3638E+08,  4.6364E+06, 1.0000, 8.7600E+04
  1.4000E+02,  1.6436E+08,  2.9364E+06, 1.0000, 8.7600E+04
  1.6000E+02,  1.1893E+08,  1.8863E+06, 1.0000, 8.7600E+04
  1.8000E+02,  8.8904E+07,  1.2667E+06, 1.0000, 8.7600E+04
  2.0000E+02,  6.8255E+07,  8.8782E+05, 1.0000, 8.7600E+04
  2.2000E+02,  5.3392E+07,  6.4797E+05, 1.0000, 8.7600E+04
  2.5000E+02,  3.8237E+07,  4.2351E+05, 1.0000, 8.7600E+04
  2.8000E+02,  2.7981E+07,  2.8792E+05, 1.0000, 8.7600E+04
  3.2000E+02,  1.9342E+07,  1.7342E+05, 1.0000, 8.7600E+04
  3.5000E+02,  1.5097E+07,  1.2340E+05, 1.0000, 8.7600E+04
  4.0000E+02,  1.0436E+07,  7.5620E+04, 1.0000, 8.7600E+04
  4.5000E+02,  7.5347E+06,  4.8053E+04, 1.0000, 8.7600E+04
  5.0000E+02,  5.6304E+06,  2.8122E+04, 1.0000, 8.7600E+04
'End of Block'
'*',    52,     1,    25,    22,     3,    19,    75,     0
'SPENVIS 4.6.10.3408          -  5-Apr-2020 06:35:23'
'PRJ_DEF', -1,'TESTING'
'PRJ_HDR', -1,'test1'
'MOD_ABB', -1,'SEP'
'MIS_PLA',  1,    3,' '
'MIS_NTR',  1,    1,' '
'MIS_STA',  1,  25567.00000000,' '
'MIS_END',  1,  29217.00000000,' '
'MIS_DUR',  1, 3.650000E+03,'days'
'SEP_IEL',  1,  1,' '
'SEP_JEL',  1,  9,' '
'SEP_MOD', -1,'ESP-PSYCHIC total fluence'
'SEP_TMI',  1,  7.0,'years'
'SEP_TMA',  1,  3.0,'years'
'SEP_DUR',  1, 10.0,'years'
'SEP_NCY',  1,  2,' '
'SEP_NOR',  1,  0,' '
'SEP_NAL',  1,  0,' '
'SEP_PRB',  1,  50.0,'%'
'SEP_OMN',  1, 1, ' '
'SEP_ABS', -1,'Energy'
'SEP_IGC',  1,  0,' '
'SEP_IGV',  1,  1,' '
'SEP_IST',  1,  0,' '
'PLT_HDR', -1,'ESP-PSYCHIC total fluence: solar ions'
'SPECIES', -9,'H ','He','Li','Be','B ','C ','N ','O ','F '
'PS Annotation',  8,  1
'Mission start: 01/01/2020 00:00:00'
 0.05, 0.00, 0.00
'Mission end: 29/12/2029 00:00:00'
 0.95, 0.00, 1.00
'Nr. of segments:   1'
 0.05, 1.50, 0.00
'Duration: 3650.00 days'
 0.95, 0.00, 1.00
'PS Annotation', 12,  0
'Solar particle model: ESP-PSYCHIC total fluence'
 0.05, 2.00, 0.00
'Mission duration: 10.00 years, spanning 2 solar cycles'
 0.10, 1.50, 0.00
'7.00 years in solar maximum'
 0.15, 1.50, 0.00
'3.00 years in solar minimum'
 0.15, 1.50, 0.00
'Confidence level: 50.000%'
 0.10, 1.50, 0.00
'Magnetic shielding:    off'
 0.10, 1.50, 0.00
'Energy','MeV/n', 1,'Energy'
'IFlux','cm!u-2!n',  9,'Integral Fluence of ','SPECIES'
'DFlux','cm!u-2!n (MeV/n)!u-1!n',  9,'Differential Fluence of ','SPECIES'
  1.0000E-01,  5.9465E+12,  1.3239E+11,  5.8728E+01,  7.4749E+01,  1.8623E+03,  6.3408E+08,  2.3514E+08,  2.3096E+09,  9.8155E+04,  5.9042E+13,  4.9863E+11,  2.2118E+02,  2.8139E+02,  6.0932E+03,  2.0750E+09,  7.7597E+08,  7.7368E+09,  3.3862E+05
  1.1000E-01,  5.4016E+12,  1.2748E+11,  5.6548E+01,  7.1975E+01,  1.8022E+03,  6.1362E+08,  2.2749E+08,  2.2333E+09,  9.4817E+04,  4.9927E+13,  4.8452E+11,  2.1492E+02,  2.7343E+02,  5.9266E+03,  2.0183E+09,  7.5472E+08,  7.5247E+09,  3.2925E+05
  1.2000E-01,  4.9479E+12,  1.2271E+11,  5.4431E+01,  6.9282E+01,  1.7438E+03,  5.9372E+08,  2.2005E+08,  2.1592E+09,  9.1572E+04,  4.2117E+13,  4.7041E+11,  2.0866E+02,  2.6547E+02,  5.7599E+03,  1.9615E+09,  7.3347E+08,  7.3127E+09,  3.1989E+05
  1.4000E-01,  4.2357E+12,  1.1359E+11,  5.0387E+01,  6.4137E+01,  1.6320E+03,  5.5567E+08,  2.0582E+08,  2.0173E+09,  8.5368E+04,  3.1145E+13,  4.4219E+11,  1.9614E+02,  2.4954E+02,  5.4266E+03,  1.8480E+09,  6.9097E+08,  6.8886E+09,  3.0117E+05
  1.6000E-01,  3.7022E+12,  1.0504E+11,  4.6594E+01,  5.9311E+01,  1.5269E+03,  5.1988E+08,  1.9244E+08,  1.8839E+09,  7.9538E+04,  2.3702E+13,  4.1396E+11,  1.8362E+02,  2.3362E+02,  5.0933E+03,  1.7346E+09,  6.4847E+08,  6.4645E+09,  2.8244E+05
  1.8000E-01,  3.2876E+12,  9.7049E+10,  4.3050E+01,  5.4803E+01,  1.4285E+03,  4.8636E+08,  1.7991E+08,  1.7590E+09,  7.4082E+04,  1.8647E+13,  3.8574E+11,  1.7110E+02,  2.1769E+02,  4.7600E+03,  1.6211E+09,  6.0597E+08,  6.0404E+09,  2.6372E+05
  2.0000E-01,  2.9563E+12,  8.9626E+10,  3.9757E+01,  5.0613E+01,  1.3367E+03,  4.5510E+08,  1.6823E+08,  1.6426E+09,  6.9001E+04,  1.5055E+13,  3.5751E+11,  1.5858E+02,  2.0177E+02,  4.4267E+03,  1.5076E+09,  5.6347E+08,  5.6163E+09,  2.4499E+05
  2.2000E-01,  2.6854E+12,  8.2766E+10,  3.6715E+01,  4.6741E+01,  1.2516E+03,  4.2612E+08,  1.5740E+08,  1.5346E+09,  6.4293E+04,  1.2456E+13,  3.2929E+11,  1.4606E+02,  1.8585E+02,  4.0934E+03,  1.3941E+09,  5.2096E+08,  5.1922E+09,  2.2627E+05
  2.5000E-01,  2.3607E+12,  7.3550E+10,  3.2627E+01,  4.1540E+01,  1.1366E+03,  3.8696E+08,  1.4277E+08,  1.3888E+09,  5.7945E+04,  9.6607E+12,  2.8695E+11,  1.2728E+02,  1.6196E+02,  3.5934E+03,  1.2239E+09,  4.5721E+08,  4.5561E+09,  1.9818E+05
  2.8000E-01,  2.1058E+12,  6.5606E+10,  2.9103E+01,  3.7056E+01,  1.0367E+03,  3.5291E+08,  1.3005E+08,  1.2621E+09,  5.2439E+04,  7.6972E+12,  2.4462E+11,  1.0850E+02,  1.3807E+02,  3.0934E+03,  1.0537E+09,  3.9346E+08,  3.9199E+09,  1.7010E+05
  3.2000E-01,  1.8405E+12,  5.7024E+10,  2.5297E+01,  3.2212E+01,  9.2710E+02,  3.1558E+08,  1.1612E+08,  1.1233E+09,  4.6432E+04,  5.8706E+12,  1.8817E+11,  8.3461E+01,  1.0623E+02,  2.4268E+03,  8.2670E+08,  3.0846E+08,  3.0717E+09,  1.3265E+05
  3.5000E-01,  1.6815E+12,  5.2051E+10,  2.3091E+01,  2.9404E+01,  8.6220E+02,  2.9347E+08,  1.0787E+08,  1.0412E+09,  4.2897E+04,  4.9011E+12,  1.4583E+11,  6.4681E+01,  8.2339E+01,  1.9269E+03,  6.5648E+08,  2.4471E+08,  2.4356E+09,  1.0456E+05
  4.0000E-01,  1.4697E+12,  4.6284E+10,  2.0533E+01,  2.6147E+01,  7.8382E+02,  2.6676E+08,  9.7924E+07,  9.4229E+08,  3.8679E+04,  3.7638E+12,  9.0449E+10,  4.0114E+01,  5.1091E+01,  1.2686E+03,  4.3238E+08,  1.6079E+08,  1.5982E+09,  6.7645E+04
  4.5000E-01,  1.3051E+12,  4.2080E+10,  1.8669E+01,  2.3772E+01,  7.2455E+02,  2.4656E+08,  9.0415E+07,  8.6767E+08,  3.5525E+04,  2.9610E+12,  7.8268E+10,  3.4707E+01,  4.4212E+01,  1.1086E+03,  3.7792E+08,  1.4044E+08,  1.3952E+09,  5.8904E+04
  5.0000E-01,  1.1736E+12,  3.8485E+10,  1.7075E+01,  2.1742E+01,  6.7330E+02,  2.2909E+08,  8.3924E+07,  8.0321E+08,  3.2808E+04,  2.3906E+12,  6.6087E+10,  2.9299E+01,  3.7334E+01,  9.4858E+02,  3.2347E+08,  1.2009E+08,  1.1922E+09,  5.0162E+04
  5.5000E-01,  1.0661E+12,  3.5500E+10,  1.5752E+01,  2.0055E+01,  6.3006E+02,  2.1434E+08,  7.8452E+07,  7.4891E+08,  3.0529E+04,  1.9793E+12,  5.3906E+10,  2.3892E+01,  3.0455E+01,  7.8856E+02,  2.6901E+08,  9.9742E+07,  9.8918E+08,  4.1421E+04
  6.3000E-01,  9.2965E+11,  3.1761E+10,  1.4095E+01,  1.7943E+01,  5.7458E+02,  1.9541E+08,  7.1441E+07,  6.7943E+08,  2.7629E+04,  1.5124E+12,  4.0515E+10,  1.7953E+01,  2.2894E+01,  6.1009E+02,  2.0814E+08,  7.7029E+07,  7.6276E+08,  3.1714E+04
  7.1000E-01,  8.2409E+11,  2.8799E+10,  1.2782E+01,  1.6269E+01,  5.2965E+02,  1.8010E+08,  6.5774E+07,  6.2334E+08,  2.5301E+04,  1.1871E+12,  3.3864E+10,  1.5011E+01,  1.9140E+01,  5.1736E+02,  1.7629E+08,  6.5198E+07,  6.4509E+08,  2.6739E+04
  8.0000E-01,  7.3066E+11,  2.6108E+10,  1.1589E+01,  1.4748E+01,  4.8806E+02,  1.6594E+08,  6.0540E+07,  5.7159E+08,  2.3161E+04,  9.3392E+11,  2.6382E+10,  1.1701E+01,  1.4917E+01,  4.1304E+02,  1.4046E+08,  5.1888E+07,  5.1271E+08,  2.1142E+04
  9.0000E-01,  6.4884E+11,  2.3695E+10,  1.0518E+01,  1.3383E+01,  4.4995E+02,  1.5298E+08,  5.5759E+07,  5.2436E+08,  2.1217E+04,  7.3604E+11,  2.2100E+10,  9.8061E+00,  1.2498E+01,  3.5183E+02,  1.1952E+08,  4.4105E+07,  4.3535E+08,  1.7889E+04
  1.0000E+00,  5.8345E+11,  2.1584E+10,  9.5815E+00,  1.2189E+01,  4.1627E+02,  1.4154E+08,  5.1537E+07,  4.8271E+08,  1.9506E+04,  5.9425E+11,  2.0185E+10,  8.9574E+00,  1.1415E+01,  3.2275E+02,  1.0965E+08,  4.0436E+07,  3.9894E+08,  1.6378E+04
  1.1000E+00,  5.2999E+11,  1.9664E+10,  8.7296E+00,  1.1104E+01,  3.8550E+02,  1.3109E+08,  4.7683E+07,  4.4469E+08,  1.7947E+04,  4.8986E+11,  1.8271E+10,  8.1086E+00,  1.0331E+01,  2.9367E+02,  9.9779E+07,  3.6766E+07,  3.6254E+08,  1.4867E+04
  1.2000E+00,  4.8548E+11,  1.7936E+10,  7.9626E+00,  1.0127E+01,  3.5763E+02,  1.2162E+08,  4.4196E+07,  4.1032E+08,  1.6538E+04,  4.1324E+11,  1.6356E+10,  7.2599E+00,  9.2478E+00,  2.6459E+02,  8.9910E+07,  3.3097E+07,  3.2613E+08,  1.3355E+04
  1.4000E+00,  4.1559E+11,  1.5074E+10,  6.6922E+00,  8.5088E+00,  3.1092E+02,  1.0574E+08,  3.8360E+07,  3.5286E+08,  1.4190E+04,  3.0558E+11,  1.2527E+10,  5.5624E+00,  7.0810E+00,  2.0643E+02,  7.0171E+07,  2.5759E+07,  2.5332E+08,  1.0333E+04
  1.6000E+00,  3.6324E+11,  1.2984E+10,  5.7636E+00,  7.3273E+00,  2.7590E+02,  9.3833E+07,  3.3999E+07,  3.1005E+08,  1.2449E+04,  2.3256E+11,  8.6974E+09,  3.8649E+00,  4.9141E+00,  1.4826E+02,  5.0433E+07,  1.8421E+07,  1.8051E+08,  7.3111E+03
  1.8000E+00,  3.2257E+11,  1.1531E+10,  5.1177E+00,  6.5067E+00,  2.5059E+02,  8.5221E+07,  3.0863E+07,  2.7939E+08,  1.1213E+04,  1.8296E+11,  6.0426E+09,  2.6877E+00,  3.4120E+00,  1.0777E+02,  3.6686E+07,  1.3314E+07,  1.2986E+08,  5.2127E+03
  2.0000E+00,  2.9006E+11,  1.0371E+10,  4.6019E+00,  5.8519E+00,  2.2983E+02,  7.8154E+07,  2.8300E+07,  2.5440E+08,  1.0210E+04,  1.4771E+11,  5.5689E+09,  2.4768E+00,  3.1444E+00,  1.0008E+02,  3.4067E+07,  1.2351E+07,  1.2038E+08,  4.8300E+03
  2.2000E+00,  2.6348E+11,  9.3064E+09,  4.1283E+00,  5.2506E+00,  2.1060E+02,  7.1610E+07,  2.5928E+07,  2.3130E+08,  9.2832E+03,  1.2221E+11,  5.0952E+09,  2.2660E+00,  2.8768E+00,  9.2393E+01,  3.1448E+07,  1.1388E+07,  1.1090E+08,  4.4473E+03
  2.5000E+00,  2.3162E+11,  7.8893E+09,  3.4982E+00,  4.4505E+00,  1.8469E+02,  6.2790E+07,  2.2738E+07,  2.0026E+08,  8.0390E+03,  9.4788E+10,  4.3847E+09,  1.9497E+00,  2.4754E+00,  8.0862E+01,  2.7519E+07,  9.9440E+06,  9.6674E+07,  3.8732E+03
  2.8000E+00,  2.0661E+11,  6.6856E+09,  2.9630E+00,  3.7710E+00,  1.6224E+02,  5.5150E+07,  1.9981E+07,  1.7349E+08,  6.9671E+03,  7.7903E+10,  3.6741E+09,  1.6334E+00,  2.0740E+00,  6.9331E+01,  2.3590E+07,  8.4999E+06,  8.2453E+07,  3.2991E+03
  3.2000E+00,  1.7836E+11,  5.4191E+09,  2.4001E+00,  3.0561E+00,  1.3777E+02,  4.6829E+07,  1.6992E+07,  1.4455E+08,  5.8107E+03,  6.4905E+10,  2.7267E+09,  1.2117E+00,  1.5388E+00,  5.3956E+01,  1.8352E+07,  6.5743E+06,  6.3490E+07,  2.5336E+03
  3.5000E+00,  1.6018E+11,  4.7146E+09,  2.0871E+00,  2.6586E+00,  1.2341E+02,  4.1945E+07,  1.5248E+07,  1.2775E+08,  5.1416E+03,  5.5676E+10,  2.0162E+09,  8.9538E-01,  1.1374E+00,  4.2424E+01,  1.4423E+07,  5.1302E+06,  4.9268E+07,  1.9595E+03
  4.0000E+00,  1.3646E+11,  3.9632E+09,  1.7537E+00,  2.2350E+00,  1.0635E+02,  3.6149E+07,  1.3204E+07,  1.0826E+08,  4.3692E+03,  4.1704E+10,  1.1011E+09,  4.8803E-01,  6.2053E-01,  2.7262E+01,  9.2578E+06,  3.2336E+06,  3.0606E+07,  1.2074E+03
  4.5000E+00,  1.1847E+11,  3.4516E+09,  1.5270E+00,  1.9466E+00,  9.3666E+01,  3.1840E+07,  1.1703E+07,  9.4082E+07,  3.8098E+03,  3.2059E+10,  9.5206E+08,  4.2163E-01,  5.3645E-01,  2.3646E+01,  8.0302E+06,  2.7899E+06,  2.6293E+07,  1.0378E+03
  5.0000E+00,  1.0440E+11,  3.0145E+09,  1.3336E+00,  1.7004E+00,  8.2788E+01,  2.8146E+07,  1.0424E+07,  8.2065E+07,  3.3353E+03,  2.6590E+10,  8.0302E+08,  3.5523E-01,  4.5238E-01,  2.0030E+01,  6.8026E+06,  2.3461E+06,  2.1979E+07,  8.6823E+02
  5.5000E+00,  9.1883E+10,  2.6521E+09,  1.1734E+00,  1.4963E+00,  7.3721E+01,  2.5067E+07,  9.3676E+06,  7.2210E+07,  2.9458E+03,  2.2757E+10,  6.5398E+08,  2.8883E-01,  3.6831E-01,  1.6414E+01,  5.5749E+06,  1.9023E+06,  1.7666E+07,  6.9866E+02
  6.3000E+00,  7.6595E+10,  2.2006E+09,  9.7412E-01,  1.2420E+00,  6.2347E+01,  2.1203E+07,  8.0555E+06,  6.0111E+07,  2.4667E+03,  1.6715E+10,  4.8687E+08,  2.1471E-01,  2.7421E-01,  1.2310E+01,  4.1822E+06,  1.4132E+06,  1.2934E+07,  5.1277E+02
  7.1000E+00,  6.5139E+10,  1.8483E+09,  8.1862E-01,  1.0434E+00,  5.3445E+01,  1.8178E+07,  7.0279E+06,  5.0747E+07,  2.0950E+03,  1.3051E+10,  3.9862E+08,  1.7609E-01,  2.2478E-01,  1.0066E+01,  3.4212E+06,  1.1683E+06,  1.0599E+07,  4.2132E+02
  8.0000E+00,  5.4678E+10,  1.5372E+09,  6.8101E-01,  8.6782E-01,  4.5599E+01,  1.5510E+07,  6.1085E+06,  4.2469E+07,  1.7652E+03,  1.0227E+10,  2.9934E+08,  1.3263E-01,  1.6916E-01,  7.5404E+00,  2.5651E+06,  8.9276E+05,  7.9735E+06,  3.1844E+02
  9.0000E+00,  4.6003E+10,  1.2727E+09,  5.6372E-01,  7.1828E-01,  3.8906E+01,  1.3233E+07,  5.3108E+06,  3.5413E+07,  1.4827E+03,  7.6316E+09,  2.3362E+08,  1.0369E-01,  1.3216E-01,  5.9416E+00,  2.0221E+06,  7.1279E+05,  6.2431E+06,  2.5050E+02
  1.0000E+01,  3.9415E+10,  1.0598E+09,  4.6926E-01,  5.9790E-01,  3.3429E+01,  1.1369E+07,  4.6533E+06,  2.9711E+07,  1.2535E+03,  6.1171E+09,  1.9409E+08,  8.6095E-02,  1.0971E-01,  5.0519E+00,  1.7188E+06,  6.0694E+05,  5.2102E+06,  2.0980E+02
  1.1000E+01,  3.3768E+10,  8.8656E+08,  3.9244E-01,  5.0002E-01,  2.8843E+01,  9.8091E+06,  4.1018E+06,  2.5044E+07,  1.0651E+03,  5.0462E+09,  1.5456E+08,  6.8504E-02,  8.7260E-02,  4.1621E+00,  1.4156E+06,  5.0109E+05,  4.1773E+06,  1.6910E+02
  1.2000E+01,  2.9323E+10,  7.5302E+08,  3.3329E-01,  4.2470E-01,  2.5150E+01,  8.5534E+06,  3.6565E+06,  2.1415E+07,  9.1763E+02,  4.0451E+09,  1.1504E+08,  5.0914E-02,  6.4811E-02,  3.2724E+00,  1.1124E+06,  3.9524E+05,  3.1443E+06,  1.2839E+02
  1.4000E+01,  2.2835E+10,  5.5589E+08,  2.4604E-01,  3.1361E-01,  1.9432E+01,  6.6097E+06,  2.9548E+06,  1.5995E+07,  6.9674E+02,  2.7782E+09,  8.4457E+07,  3.7380E-02,  4.7603E-02,  2.5000E+00,  8.4987E+05,  3.1186E+05,  2.3371E+06,  9.5021E+01
  1.6000E+01,  1.8210E+10,  4.1421E+08,  1.8331E-01,  2.3368E-01,  1.5141E+01,  5.1506E+06,  2.4046E+06,  1.2040E+07,  5.3698E+02,  2.0139E+09,  5.9266E+07,  2.6251E-02,  3.3471E-02,  1.8394E+00,  6.2560E+05,  2.4274E+05,  1.6696E+06,  6.6988E+01
  1.8000E+01,  1.4779E+10,  3.1681E+08,  1.4015E-01,  1.7862E-01,  1.2024E+01,  4.0902E+06,  1.9792E+06,  9.2640E+06,  4.2622E+02,  1.4871E+09,  3.9800E+07,  1.7641E-02,  2.2522E-02,  1.3171E+00,  4.4811E+05,  1.8628E+05,  1.1490E+06,  4.5568E+01
  2.0000E+01,  1.2262E+10,  2.4657E+08,  1.0904E-01,  1.3892E-01,  9.6700E+00,  3.2896E+06,  1.6413E+06,  7.2285E+06,  3.4472E+02,  1.1323E+09,  3.0967E+07,  1.3708E-02,  1.7484E-02,  1.0514E+00,  3.5748E+05,  1.5333E+05,  9.0091E+05,  3.6428E+01
  2.2000E+01,  1.0250E+10,  1.9410E+08,  8.5839E-02,  1.0935E-01,  7.8501E+00,  2.6711E+06,  1.3694E+06,  5.6920E+06,  2.8159E+02,  8.9560E+08,  2.2135E+07,  9.7759E-03,  1.2445E-02,  7.8562E-01,  2.6685E+05,  1.2038E+05,  6.5283E+05,  2.7288E+01
  2.5000E+01,  8.0594E+09,  1.3880E+08,  6.1410E-02,  7.8250E-02,  5.8468E+00,  1.9905E+06,  1.0559E+06,  4.0516E+06,  2.1190E+02,  6.3439E+08,  1.5297E+07,  6.7591E-03,  8.6064E-03,  5.6647E-01,  1.9251E+05,  9.0670E+04,  4.5656E+05,  1.9737E+01
  2.8000E+01,  6.4432E+09,  1.0146E+08,  4.4896E-02,  5.7210E-02,  4.4279E+00,  1.5080E+06,  8.2306E+05,  2.9300E+06,  1.6235E+02,  4.7050E+08,  1.0058E+07,  4.4536E-03,  5.6781E-03,  3.9327E-01,  1.3383E+05,  6.6275E+04,  3.0434E+05,  1.3767E+01
  3.2000E+01,  4.9251E+09,  6.9390E+07,  3.0696E-02,  3.9112E-02,  3.1454E+00,  1.0714E+06,  6.0209E+05,  1.9594E+06,  1.1725E+02,  3.2022E+08,  6.3447E+06,  2.8085E-03,  3.5786E-03,  2.6009E-01,  8.8547E+04,  4.5907E+04,  1.9200E+05,  9.1924E+00
  3.5000E+01,  4.0979E+09,  5.2965E+07,  2.3428E-02,  2.9849E-02,  2.4630E+00,  8.3907E+05,  4.8000E+05,  1.4635E+06,  9.3035E+01,  2.4776E+08,  4.7106E+06,  2.0838E-03,  2.6557E-03,  1.9850E-01,  6.7623E+04,  3.6028E+04,  1.4187E+05,  7.0749E+00
  4.0000E+01,  3.0923E+09,  3.4579E+07,  1.5298E-02,  1.9489E-02,  1.6706E+00,  5.6906E+05,  3.3322E+05,  9.1416E+05,  6.4562E+01,  1.7043E+08,  2.8422E+06,  1.2562E-03,  1.6005E-03,  1.2563E-01,  4.2813E+04,  2.3800E+04,  8.4160E+04,  4.5547E+00
  4.5000E+01,  2.3936E+09,  2.3278E+07,  1.0300E-02,  1.3126E-02,  1.1612E+00,  3.9544E+05,  2.3534E+05,  5.8383E+05,  4.5928E+01,  1.1972E+08,  1.7811E+06,  7.8818E-04,  1.0027E-03,  8.2077E-02,  2.7975E+04,  1.6016E+04,  5.1313E+04,  3.0317E+00
  5.0000E+01,  1.8950E+09,  1.6090E+07,  7.1177E-03,  9.0774E-03,  8.2417E-01,  2.8061E+05,  1.6882E+05,  3.8041E+05,  3.3369E+01,  8.6726E+07,  1.1508E+06,  5.0983E-04,  6.4873E-04,  5.5002E-02,  1.8734E+04,  1.0995E+04,  3.1923E+04,  2.0695E+00
  5.5000E+01,  1.5263E+09,  1.1383E+07,  5.0339E-03,  6.4225E-03,  5.9605E-01,  2.0294E+05,  1.2278E+05,  2.5276E+05,  2.4709E+01,  6.5284E+07,  7.6467E+05,  3.3811E-04,  4.3142E-04,  3.7619E-02,  1.2803E+04,  7.6726E+03,  2.0209E+04,  1.4422E+00
  6.3000E+01,  1.1123E+09,  6.7930E+06,  3.0046E-03,  3.8314E-03,  3.6633E-01,  1.2473E+05,  7.5557E+04,  1.3642E+05,  1.5766E+01,  4.3041E+07,  4.2372E+05,  1.8734E-04,  2.3941E-04,  2.1637E-02,  7.3698E+03,  4.4876E+03,  1.0227E+04,  8.5718E-01
  7.1000E+01,  8.3768E+08,  4.1758E+06,  1.8470E-03,  2.3531E-03,  2.3069E-01,  7.8533E+04,  4.7316E+04,  7.6073E+04,  1.0318E+01,  2.9212E+07,  2.4938E+05,  1.1036E-04,  1.4078E-04,  1.3144E-02,  4.4755E+03,  2.7485E+03,  5.4513E+03,  5.3612E-01
  8.0000E+01,  6.2656E+08,  2.4933E+06,  1.1024E-03,  1.4039E-03,  1.4069E-01,  4.7886E+04,  2.8466E+04,  4.1614E+04,  6.5812E+00,  1.9898E+07,  1.3770E+05,  6.0938E-05,  7.7630E-05,  7.4940E-03,  2.5520E+03,  1.5724E+03,  2.6082E+03,  3.1762E-01
  9.0000E+01,  4.6714E+08,  1.4695E+06,  6.4956E-04,  8.2699E-04,  8.4318E-02,  2.8693E+04,  1.6688E+04,  2.3367E+04,  4.1404E+00,  1.3460E+07,  7.4679E+04,  3.3006E-05,  4.2061E-05,  4.1681E-03,  1.4189E+03,  8.6663E+02,  1.2368E+03,  1.8502E-01
  1.0000E+02,  3.5736E+08,  8.9175E+05,  3.9429E-04,  5.0187E-04,  5.1809E-02,  1.7626E+04,  9.9688E+03,  1.3987E+04,  2.6690E+00,  8.9609E+06,  4.4083E+04,  1.9469E-05,  2.4781E-05,  2.5035E-03,  8.5243E+02,  5.1398E+02,  6.9932E+02,  1.1584E-01
  1.1000E+02,  2.8792E+08,  5.5496E+05,  2.4553E-04,  3.1249E-04,  3.2540E-02,  1.1070E+04,  6.0547E+03,  8.6999E+03,  1.7583E+00,  6.0489E+06,  2.5300E+04,  1.1177E-05,  1.4233E-05,  1.4602E-03,  4.9623E+02,  2.9294E+02,  3.9237E+02,  7.0718E-02
  1.2000E+02,  2.3638E+08,  3.4863E+05,  1.5436E-04,  1.9639E-04,  2.0579E-02,  7.0062E+03,  3.6774E+03,  5.5183E+03,  1.1699E+00,  4.6364E+06,  1.6686E+04,  7.3749E-06,  9.3906E-06,  9.7196E-04,  3.3023E+02,  1.9120E+02,  2.5565E+02,  4.8657E-02
  1.4000E+02,  1.6436E+08,  1.4447E+05,  6.4033E-05,  8.1465E-05,  8.5867E-03,  2.9256E+03,  1.3973E+03,  2.4138E+03,  5.4096E-01,  2.9364E+06,  5.8575E+03,  2.5956E-06,  3.2987E-06,  3.4800E-04,  1.1865E+02,  6.3181E+01,  8.8171E+01,  1.9395E-02
  1.6000E+02,  1.1893E+08,  6.6715E+04,  2.9551E-05,  3.7621E-05,  3.9511E-03,  1.3451E+03,  5.8498E+02,  1.2215E+03,  2.7258E-01,  1.8863E+06,  2.4732E+03,  1.0977E-06,  1.3966E-06,  1.4808E-04,  5.0490E+01,  2.4795E+01,  3.8817E+01,  8.9918E-03
  1.8000E+02,  8.8904E+07,  3.2162E+04,  1.4228E-05,  1.8118E-05,  1.8841E-03,  6.4078E+02,  2.5106E+02,  6.6357E+02,  1.4262E-01,  1.2667E+06,  1.1688E+03,  5.1783E-07,  6.5931E-07,  6.9848E-05,  2.3778E+01,  1.0789E+01,  1.9541E+01,  4.5813E-03
  2.0000E+02,  6.8255E+07,  1.5908E+04,  7.0347E-06,  8.9580E-06,  9.1664E-04,  3.1162E+02,  1.0827E+02,  3.7997E+02,  7.6568E-02,  8.8782E+05,  5.4571E+02,  2.4119E-07,  3.0722E-07,  3.2321E-05,  1.0989E+01,  4.5030E+00,  1.0033E+01,  2.3185E-03
  2.2000E+02,  5.3392E+07,  8.2618E+03,  3.6548E-06,  4.6531E-06,  4.6659E-04,  1.5857E+02,  4.8752E+01,  2.3142E+02,  4.2873E-02,  6.4797E+05,  2.5880E+02,  1.1441E-07,  1.4571E-07,  1.5114E-05,  5.1414E+00,  1.8708E+00,  5.3765E+00,  1.1926E-03
  2.5000E+02,  3.8237E+07,  3.3913E+03,  1.5005E-06,  1.9101E-06,  1.8506E-04,  6.2880E+01,  1.6183E+01,  1.2121E+02,  1.9406E-02,  4.2351E+05,  9.5849E+01,  4.2429E-08,  5.4000E-08,  5.4650E-06,  1.8555E+00,  5.7595E-01,  2.4214E+00,  4.8962E-04
  2.8000E+02,  2.7981E+07,  1.5500E+03,  6.8568E-07,  8.7303E-07,  8.1671E-05,  2.7761E+01,  6.0846E+00,  6.9873E+01,  9.5969E-03,  2.8792E+05,  3.7141E+01,  1.6426E-08,  2.0909E-08,  2.0431E-06,  6.9448E-01,  1.7976E-01,  1.1739E+00,  2.0892E-04
  3.2000E+02,  1.9342E+07,  5.7114E+02,  2.5291E-07,  3.2206E-07,  2.8524E-05,  9.6980E+00,  1.6702E+00,  3.6157E+01,  3.9287E-03,  1.7342E+05,  1.5419E+01,  6.8146E-09,  8.6778E-09,  8.2326E-07,  2.7976E-01,  6.3368E-02,  5.9090E-01,  9.2637E-05
  3.5000E+02,  1.5097E+07,  2.9240E+02,  1.2957E-07,  1.6503E-07,  1.4023E-05,  4.7682E+00,  6.8853E-01,  2.3613E+01,  2.1579E-03,  1.2340E+05,  5.1526E+00,  2.2838E-09,  2.9066E-09,  2.5844E-07,  8.7906E-02,  1.4429E-02,  2.8631E-01,  3.5327E-05
  4.0000E+02,  1.0436E+07,  1.0314E+02,  4.5693E-08,  5.8258E-08,  4.5867E-06,  1.5587E+00,  1.7024E-01,  1.2567E+01,  8.4704E-04,  7.5620E+04,  2.7268E+00,  1.2085E-09,  1.5386E-09,  1.3501E-07,  4.5915E-02,  7.2712E-03,  1.6851E-01,  1.9116E-05
  4.5000E+02,  7.5347E+06,  4.1789E+01,  1.8505E-08,  2.3604E-08,  1.7111E-06,  5.8129E-01,  4.4715E-02,  7.4951E+00,  3.8120E-04,  4.8053E+04,  4.3479E-01,  1.9260E-10,  2.4599E-10,  1.8468E-08,  6.2703E-03,  5.2715E-04,  5.6519E-02,  3.7786E-06
  5.0000E+02,  5.6304E+06,  2.5517E+01,  1.1298E-08,  1.4401E-08,  1.0257E-06,  3.4856E-01,  2.5568E-02,  5.2421E+00,  2.3826E-04,  2.8122E+04,  2.3894E-01,  1.0583E-10,  1.3507E-10,  9.9636E-09,  3.3839E-03,  2.7129E-04,  3.5577E-02,  2.1255E-06
'End of File'
