Energy
(MeV)	Elec. Stopping Power
(MeV cm2 g-1)	Ionizing Dose*
(MeV g-1)	Ionizing Dose*
(Gy)
1.0000e-05	4.3240e+00	4.3240e+00	6.9295e-10
1.5000e-05	5.2960e+00	5.2960e+00	8.4872e-10
2.0000e-05	6.1150e+00	6.1150e+00	9.7997e-10
2.5000e-05	6.8370e+00	6.8370e+00	1.0957e-09
3.0000e-05	7.4900e+00	7.4900e+00	1.2003e-09
3.5000e-05	8.0900e+00	8.0900e+00	1.2965e-09
4.0000e-05	8.6480e+00	8.6480e+00	1.3859e-09
4.5000e-05	9.1730e+00	9.1730e+00	1.4700e-09
5.0000e-05	9.6690e+00	9.6690e+00	1.5495e-09
5.5000e-05	1.0140e+01	1.0140e+01	1.6250e-09
6.0000e-05	1.0590e+01	1.0590e+01	1.6971e-09
6.5000e-05	1.1020e+01	1.1020e+01	1.7660e-09
7.0000e-05	1.1440e+01	1.1440e+01	1.8333e-09
7.5000e-05	1.1840e+01	1.1840e+01	1.8974e-09
8.0000e-05	1.2230e+01	1.2230e+01	1.9599e-09
8.5000e-05	1.2610e+01	1.2610e+01	2.0208e-09
9.0000e-05	1.2970e+01	1.2970e+01	2.0785e-09
9.5000e-05	1.3330e+01	1.3330e+01	2.1362e-09
1.0000e-04	1.3670e+01	1.3670e+01	2.1907e-09
1.5000e-04	1.6750e+01	1.6750e+01	2.6843e-09
2.0000e-04	1.9340e+01	1.9340e+01	3.0994e-09
2.5000e-04	2.1620e+01	2.1620e+01	3.4647e-09
3.0000e-04	2.3680e+01	2.3680e+01	3.7949e-09
3.5000e-04	2.5580e+01	2.5580e+01	4.0994e-09
4.0000e-04	2.7350e+01	2.7350e+01	4.3830e-09
4.5000e-04	2.9010e+01	2.9010e+01	4.6490e-09
5.0000e-04	3.0580e+01	3.0580e+01	4.9006e-09
5.5000e-04	3.2070e+01	3.2070e+01	5.1394e-09
6.0000e-04	3.3490e+01	3.3490e+01	5.3670e-09
6.5000e-04	3.4860e+01	3.4860e+01	5.5865e-09
7.0000e-04	3.6180e+01	3.6180e+01	5.7981e-09
7.5000e-04	3.7450e+01	3.7450e+01	6.0016e-09
8.0000e-04	3.8680e+01	3.8680e+01	6.1987e-09
8.5000e-04	3.9870e+01	3.9870e+01	6.3894e-09
9.0000e-04	4.1020e+01	4.1020e+01	6.5737e-09
9.5000e-04	4.2150e+01	4.2150e+01	6.7548e-09
1.0000e-03	4.3240e+01	4.3240e+01	6.9295e-09
1.5000e-03	5.2960e+01	5.2960e+01	8.4872e-09
2.0000e-03	6.1150e+01	6.1150e+01	9.7997e-09
2.5000e-03	6.8370e+01	6.8370e+01	1.0957e-08
3.0000e-03	7.4900e+01	7.4900e+01	1.2003e-08
3.5000e-03	8.0900e+01	8.0900e+01	1.2965e-08
4.0000e-03	8.6480e+01	8.6480e+01	1.3859e-08
4.5000e-03	9.1730e+01	9.1730e+01	1.4700e-08
5.0000e-03	9.6690e+01	9.6690e+01	1.5495e-08
5.5000e-03	1.0140e+02	1.0140e+02	1.6250e-08
6.0000e-03	1.0590e+02	1.0590e+02	1.6971e-08
6.5000e-03	1.1020e+02	1.1020e+02	1.7660e-08
7.0000e-03	1.1440e+02	1.1440e+02	1.8333e-08
7.5000e-03	1.1840e+02	1.1840e+02	1.8974e-08
8.0000e-03	1.2230e+02	1.2230e+02	1.9599e-08
8.5000e-03	1.2620e+02	1.2620e+02	2.0224e-08
9.0000e-03	1.2980e+02	1.2980e+02	2.0801e-08
9.5000e-03	1.3320e+02	1.3320e+02	2.1346e-08
1.0000e-02	1.3650e+02	1.3650e+02	2.1875e-08
1.5000e-02	1.6970e+02	1.6970e+02	2.7196e-08
2.0000e-02	2.0450e+02	2.0450e+02	3.2772e-08
2.5000e-02	2.3610e+02	2.3610e+02	3.7837e-08
3.0000e-02	2.6480e+02	2.6480e+02	4.2436e-08
3.5000e-02	2.9120e+02	2.9120e+02	4.6667e-08
4.0000e-02	3.1580e+02	3.1580e+02	5.0609e-08
4.5000e-02	3.3880e+02	3.3880e+02	5.4295e-08
5.0000e-02	3.6040e+02	3.6040e+02	5.7756e-08
5.5000e-02	3.8090e+02	3.8090e+02	6.1042e-08
6.0000e-02	4.0020e+02	4.0020e+02	6.4135e-08
6.5000e-02	4.1860e+02	4.1860e+02	6.7083e-08
7.0000e-02	4.3620e+02	4.3620e+02	6.9904e-08
7.5000e-02	4.5290e+02	4.5290e+02	7.2580e-08
8.0000e-02	4.6880e+02	4.6880e+02	7.5128e-08
8.5000e-02	4.8410e+02	4.8410e+02	7.7580e-08
9.0000e-02	4.9880e+02	4.9880e+02	7.9936e-08
9.5000e-02	5.1280e+02	5.1280e+02	8.2179e-08
1.0000e-01	5.2630e+02	5.2630e+02	8.4343e-08
1.5000e-01	6.3590e+02	6.3590e+02	1.0191e-07
2.0000e-01	7.1240e+02	7.1240e+02	1.1417e-07
2.5000e-01	7.6720e+02	7.6720e+02	1.2295e-07
3.0000e-01	8.0680e+02	8.0680e+02	1.2929e-07
3.5000e-01	8.3540e+02	8.3540e+02	1.3388e-07
4.0000e-01	8.5590e+02	8.5590e+02	1.3716e-07
4.5000e-01	8.7010e+02	8.7010e+02	1.3944e-07
5.0000e-01	8.7970e+02	8.7970e+02	1.4098e-07
5.5000e-01	8.8560e+02	8.8560e+02	1.4192e-07
6.0000e-01	8.8870e+02	8.8870e+02	1.4242e-07
6.5000e-01	8.8950e+02	8.8950e+02	1.4255e-07
7.0000e-01	8.8840e+02	8.8840e+02	1.4237e-07
7.5000e-01	8.8600e+02	8.8600e+02	1.4199e-07
8.0000e-01	8.8240e+02	8.8240e+02	1.4141e-07
8.5000e-01	8.7780e+02	8.7780e+02	1.4067e-07
9.0000e-01	8.7260e+02	8.7260e+02	1.3984e-07
9.5000e-01	8.6670e+02	8.6670e+02	1.3889e-07
1.0000e+00	8.6040e+02	8.6040e+02	1.3788e-07
1.5000e+00	7.8750e+02	7.8750e+02	1.2620e-07
2.0000e+00	7.1660e+02	7.1660e+02	1.1484e-07
2.5000e+00	6.5550e+02	6.5550e+02	1.0505e-07
3.0000e+00	6.0390e+02	6.0390e+02	9.6779e-08
3.5000e+00	5.6020e+02	5.6020e+02	8.9776e-08
4.0000e+00	5.2300e+02	5.2300e+02	8.3814e-08
4.5000e+00	4.9090e+02	4.9090e+02	7.8670e-08
5.0000e+00	4.6300e+02	4.6300e+02	7.4199e-08
5.5000e+00	4.3860e+02	4.3860e+02	7.0288e-08
6.0000e+00	4.1690e+02	4.1690e+02	6.6811e-08
6.5000e+00	3.9760e+02	3.9760e+02	6.3718e-08
7.0000e+00	3.8030e+02	3.8030e+02	6.0946e-08
7.5000e+00	3.6460e+02	3.6460e+02	5.8429e-08
8.0000e+00	3.5040e+02	3.5040e+02	5.6154e-08
8.5000e+00	3.3870e+02	3.3870e+02	5.4279e-08
9.0000e+00	3.2700e+02	3.2700e+02	5.2404e-08
9.5000e+00	3.1530e+02	3.1530e+02	5.0529e-08
1.0000e+01	3.0470e+02	3.0470e+02	4.8830e-08
1.5000e+01	2.3180e+02	2.3180e+02	3.7147e-08
2.0000e+01	1.8960e+02	1.8960e+02	3.0385e-08
2.5000e+01	1.6160e+02	1.6160e+02	2.5897e-08
3.0000e+01	1.4160e+02	1.4160e+02	2.2692e-08
3.5000e+01	1.2640e+02	1.2640e+02	2.0256e-08
4.0000e+01	1.1450e+02	1.1450e+02	1.8349e-08
4.5000e+01	1.0480e+02	1.0480e+02	1.6795e-08
5.0000e+01	9.6830e+01	9.6830e+01	1.5518e-08
5.5000e+01	9.0100e+01	9.0100e+01	1.4439e-08
6.0000e+01	8.4340e+01	8.4340e+01	1.3516e-08
6.5000e+01	7.9350e+01	7.9350e+01	1.2716e-08
7.0000e+01	7.4990e+01	7.4990e+01	1.2018e-08
7.5000e+01	7.1130e+01	7.1130e+01	1.1399e-08
8.0000e+01	6.7700e+01	6.7700e+01	1.0849e-08
8.5000e+01	6.4620e+01	6.4620e+01	1.0356e-08
9.0000e+01	6.1840e+01	6.1840e+01	9.9103e-09
9.5000e+01	5.9320e+01	5.9320e+01	9.5064e-09
1.0000e+02	5.7020e+01	5.7020e+01	9.1378e-09
1.5000e+02	4.1730e+01	4.1730e+01	6.6875e-09
2.0000e+02	3.3484e+01	3.3484e+01	5.3660e-09
2.5000e+02	2.8272e+01	2.8272e+01	4.5308e-09
3.0000e+02	2.4664e+01	2.4664e+01	3.9525e-09
3.5000e+02	2.2008e+01	2.2008e+01	3.5269e-09
4.0000e+02	1.9969e+01	1.9969e+01	3.2002e-09
4.5000e+02	1.8353e+01	1.8353e+01	2.9412e-09
5.0000e+02	1.7041e+01	1.7041e+01	2.7309e-09
5.5000e+02	1.5954e+01	1.5954e+01	2.5567e-09
6.0000e+02	1.5038e+01	1.5038e+01	2.4100e-09
6.5000e+02	1.4256e+01	1.4256e+01	2.2847e-09
7.0000e+02	1.3581e+01	1.3581e+01	2.1764e-09
7.5000e+02	1.2991e+01	1.2991e+01	2.0819e-09
8.0000e+02	1.2472e+01	1.2472e+01	1.9987e-09
8.5000e+02	1.2012e+01	1.2012e+01	1.9250e-09
9.0000e+02	1.1601e+01	1.1601e+01	1.8591e-09
9.5000e+02	1.1232e+01	1.1232e+01	1.8000e-09
1.0000e+03	1.0899e+01	1.0899e+01	1.7466e-09
1.5000e+03	8.7761e+00	8.7761e+00	1.4064e-09
2.0000e+03	7.7233e+00	7.7233e+00	1.2377e-09
2.5000e+03	7.1103e+00	7.1103e+00	1.1395e-09
3.0000e+03	6.7201e+00	6.7201e+00	1.0769e-09
3.5000e+03	6.4584e+00	6.4584e+00	1.0350e-09
4.0000e+03	6.2738e+00	6.2738e+00	1.0054e-09
4.5000e+03	6.1411e+00	6.1411e+00	9.8416e-10
5.0000e+03	6.0444e+00	6.0444e+00	9.6865e-10
5.5000e+03	5.9732e+00	5.9732e+00	9.5724e-10
6.0000e+03	5.9207e+00	5.9207e+00	9.4882e-10
6.5000e+03	5.8822e+00	5.8822e+00	9.4265e-10
7.0000e+03	5.8543e+00	5.8543e+00	9.3819e-10
7.5000e+03	5.8347e+00	5.8347e+00	9.3504e-10
8.0000e+03	5.8215e+00	5.8215e+00	9.3293e-10
8.5000e+03	5.8133e+00	5.8133e+00	9.3163e-10
9.0000e+03	5.8093e+00	5.8093e+00	9.3097e-10
9.5000e+03	5.8084e+00	5.8084e+00	9.3084e-10
1.0000e+04	5.8102e+00	5.8102e+00	9.3113e-10
1.5000e+04	5.8984e+00	5.8984e+00	9.4525e-10
2.0000e+04	6.0211e+00	6.0211e+00	9.6492e-10
2.5000e+04	6.1393e+00	6.1393e+00	9.8387e-10
3.0000e+04	6.2464e+00	6.2464e+00	1.0010e-09
3.5000e+04	6.3424e+00	6.3424e+00	1.0164e-09
4.0000e+04	6.4285e+00	6.4285e+00	1.0302e-09
4.5000e+04	6.5061e+00	6.5061e+00	1.0426e-09
5.0000e+04	6.5766e+00	6.5766e+00	1.0539e-09
5.5000e+04	6.6409e+00	6.6409e+00	1.0642e-09
6.0000e+04	6.7000e+00	6.7000e+00	1.0737e-09
6.5000e+04	6.7546e+00	6.7546e+00	1.0825e-09
7.0000e+04	6.8052e+00	6.8052e+00	1.0906e-09
7.5000e+04	6.8524e+00	6.8524e+00	1.0981e-09
8.0000e+04	6.8966e+00	6.8966e+00	1.1052e-09
8.5000e+04	6.9381e+00	6.9381e+00	1.1119e-09
9.0000e+04	6.9772e+00	6.9772e+00	1.1181e-09
9.5000e+04	7.0141e+00	7.0141e+00	1.1241e-09
1.0000e+05	7.0491e+00	7.0491e+00	1.1297e-09
1.5000e+05	7.3228e+00	7.3228e+00	1.1735e-09
2.0000e+05	7.5132e+00	7.5132e+00	1.2040e-09
2.5000e+05	7.6581e+00	7.6581e+00	1.2273e-09
3.0000e+05	7.7746e+00	7.7746e+00	1.2459e-09
3.5000e+05	7.8718e+00	7.8718e+00	1.2615e-09
4.0000e+05	7.9551e+00	7.9551e+00	1.2748e-09
4.5000e+05	8.0277e+00	8.0277e+00	1.2865e-09
5.0000e+05	8.0921e+00	8.0921e+00	1.2968e-09
5.5000e+05	8.1498e+00	8.1498e+00	1.3061e-09
6.0000e+05	8.2021e+00	8.2021e+00	1.3144e-09
6.5000e+05	8.2499e+00	8.2499e+00	1.3221e-09
7.0000e+05	8.2939e+00	8.2939e+00	1.3291e-09
7.5000e+05	8.3345e+00	8.3345e+00	1.3357e-09
8.0000e+05	8.3724e+00	8.3724e+00	1.3417e-09
8.5000e+05	8.4077e+00	8.4077e+00	1.3474e-09
9.0000e+05	8.4409e+00	8.4409e+00	1.3527e-09
9.5000e+05	8.4721e+00	8.4721e+00	1.3577e-09
1.0000e+06	8.5016e+00	8.5016e+00	1.3624e-09
1.5000e+06	8.7301e+00	8.7301e+00	1.3991e-09
2.0000e+06	8.8874e+00	8.8874e+00	1.4243e-09
2.5000e+06	9.0065e+00	9.0065e+00	1.4434e-09
3.0000e+06	9.1020e+00	9.1020e+00	1.4587e-09
3.5000e+06	9.1814e+00	9.1814e+00	1.4714e-09
4.0000e+06	9.2490e+00	9.2490e+00	1.4822e-09
4.5000e+06	9.3078e+00	9.3078e+00	1.4916e-09
5.0000e+06	9.3596e+00	9.3596e+00	1.4999e-09
5.5000e+06	9.4059e+00	9.4059e+00	1.5074e-09
6.0000e+06	9.4477e+00	9.4477e+00	1.5141e-09
6.5000e+06	9.4857e+00	9.4857e+00	1.5201e-09
7.0000e+06	9.5205e+00	9.5205e+00	1.5257e-09
7.5000e+06	9.5525e+00	9.5525e+00	1.5309e-09
8.0000e+06	9.5822e+00	9.5822e+00	1.5356e-09
8.5000e+06	9.6098e+00	9.6098e+00	1.5400e-09
9.0000e+06	9.6356e+00	9.6356e+00	1.5442e-09
9.5000e+06	9.6598e+00	9.6598e+00	1.5481e-09
1.0000e+07	9.6826e+00	9.6826e+00	1.5517e-09