Energy
(MeV)	Elec. Stopping Power
(MeV cm2 g-1)	Ionizing Dose*
(MeV g-1)	Ionizing Dose*
(Gy)
1.0000e-05	2.8510e+00	2.8510e+00	4.5689e-10
1.5000e-05	3.4920e+00	3.4920e+00	5.5962e-10
2.0000e-05	4.0330e+00	4.0330e+00	6.4631e-10
2.5000e-05	4.5090e+00	4.5090e+00	7.2260e-10
3.0000e-05	4.9390e+00	4.9390e+00	7.9151e-10
3.5000e-05	5.3350e+00	5.3350e+00	8.5497e-10
4.0000e-05	5.7030e+00	5.7030e+00	9.1394e-10
4.5000e-05	6.0490e+00	6.0490e+00	9.6939e-10
5.0000e-05	6.3760e+00	6.3760e+00	1.0218e-09
5.5000e-05	6.6870e+00	6.6870e+00	1.0716e-09
6.0000e-05	6.9850e+00	6.9850e+00	1.1194e-09
6.5000e-05	7.2700e+00	7.2700e+00	1.1651e-09
7.0000e-05	7.5440e+00	7.5440e+00	1.2090e-09
7.5000e-05	7.8090e+00	7.8090e+00	1.2514e-09
8.0000e-05	8.0650e+00	8.0650e+00	1.2925e-09
8.5000e-05	8.3130e+00	8.3130e+00	1.3322e-09
9.0000e-05	8.5540e+00	8.5540e+00	1.3708e-09
9.5000e-05	8.7890e+00	8.7890e+00	1.4085e-09
1.0000e-04	9.0170e+00	9.0170e+00	1.4450e-09
1.5000e-04	1.1040e+01	1.1040e+01	1.7692e-09
2.0000e-04	1.2750e+01	1.2750e+01	2.0433e-09
2.5000e-04	1.4260e+01	1.4260e+01	2.2853e-09
3.0000e-04	1.5620e+01	1.5620e+01	2.5032e-09
3.5000e-04	1.6870e+01	1.6870e+01	2.7035e-09
4.0000e-04	1.8030e+01	1.8030e+01	2.8894e-09
4.5000e-04	1.9130e+01	1.9130e+01	3.0657e-09
5.0000e-04	2.0160e+01	2.0160e+01	3.2308e-09
5.5000e-04	2.1150e+01	2.1150e+01	3.3894e-09
6.0000e-04	2.2090e+01	2.2090e+01	3.5401e-09
6.5000e-04	2.2990e+01	2.2990e+01	3.6843e-09
7.0000e-04	2.3860e+01	2.3860e+01	3.8237e-09
7.5000e-04	2.4690e+01	2.4690e+01	3.9567e-09
8.0000e-04	2.5500e+01	2.5500e+01	4.0865e-09
8.5000e-04	2.6290e+01	2.6290e+01	4.2131e-09
9.0000e-04	2.7050e+01	2.7050e+01	4.3349e-09
9.5000e-04	2.7790e+01	2.7790e+01	4.4535e-09
1.0000e-03	2.8510e+01	2.8510e+01	4.5689e-09
1.5000e-03	3.4920e+01	3.4920e+01	5.5962e-09
2.0000e-03	4.0330e+01	4.0330e+01	6.4631e-09
2.5000e-03	4.5090e+01	4.5090e+01	7.2260e-09
3.0000e-03	4.9390e+01	4.9390e+01	7.9151e-09
3.5000e-03	5.3350e+01	5.3350e+01	8.5497e-09
4.0000e-03	5.7030e+01	5.7030e+01	9.1394e-09
4.5000e-03	6.0490e+01	6.0490e+01	9.6939e-09
5.0000e-03	6.3760e+01	6.3760e+01	1.0218e-08
5.5000e-03	6.6870e+01	6.6870e+01	1.0716e-08
6.0000e-03	6.9850e+01	6.9850e+01	1.1194e-08
6.5000e-03	7.2700e+01	7.2700e+01	1.1651e-08
7.0000e-03	7.5440e+01	7.5440e+01	1.2090e-08
7.5000e-03	7.8090e+01	7.8090e+01	1.2514e-08
8.0000e-03	8.0650e+01	8.0650e+01	1.2925e-08
8.5000e-03	8.3380e+01	8.3380e+01	1.3362e-08
9.0000e-03	8.6050e+01	8.6050e+01	1.3790e-08
9.5000e-03	8.8670e+01	8.8670e+01	1.4210e-08
1.0000e-02	9.1240e+01	9.1240e+01	1.4622e-08
1.5000e-02	1.1490e+02	1.1490e+02	1.8413e-08
2.0000e-02	1.3600e+02	1.3600e+02	2.1795e-08
2.5000e-02	1.5530e+02	1.5530e+02	2.4888e-08
3.0000e-02	1.7340e+02	1.7340e+02	2.7788e-08
3.5000e-02	1.9050e+02	1.9050e+02	3.0529e-08
4.0000e-02	2.0680e+02	2.0680e+02	3.3141e-08
4.5000e-02	2.2230e+02	2.2230e+02	3.5625e-08
5.0000e-02	2.3720e+02	2.3720e+02	3.8013e-08
5.5000e-02	2.5150e+02	2.5150e+02	4.0304e-08
6.0000e-02	2.6530e+02	2.6530e+02	4.2516e-08
6.5000e-02	2.7850e+02	2.7850e+02	4.4631e-08
7.0000e-02	2.9120e+02	2.9120e+02	4.6667e-08
7.5000e-02	3.0350e+02	3.0350e+02	4.8638e-08
8.0000e-02	3.1530e+02	3.1530e+02	5.0529e-08
8.5000e-02	3.2660e+02	3.2660e+02	5.2340e-08
9.0000e-02	3.3750e+02	3.3750e+02	5.4087e-08
9.5000e-02	3.4810e+02	3.4810e+02	5.5785e-08
1.0000e-01	3.5820e+02	3.5820e+02	5.7404e-08
1.5000e-01	4.4030e+02	4.4030e+02	7.0561e-08
2.0000e-01	4.9710e+02	4.9710e+02	7.9663e-08
2.5000e-01	5.3860e+02	5.3860e+02	8.6314e-08
3.0000e-01	5.7040e+02	5.7040e+02	9.1410e-08
3.5000e-01	5.9530e+02	5.9530e+02	9.5401e-08
4.0000e-01	6.1480e+02	6.1480e+02	9.8526e-08
4.5000e-01	6.2980e+02	6.2980e+02	1.0093e-07
5.0000e-01	6.4100e+02	6.4100e+02	1.0272e-07
5.5000e-01	6.4920e+02	6.4920e+02	1.0404e-07
6.0000e-01	6.5480e+02	6.5480e+02	1.0494e-07
6.5000e-01	6.5830e+02	6.5830e+02	1.0550e-07
7.0000e-01	6.6010e+02	6.6010e+02	1.0579e-07
7.5000e-01	6.6040e+02	6.6040e+02	1.0583e-07
8.0000e-01	6.5940e+02	6.5940e+02	1.0567e-07
8.5000e-01	6.5750e+02	6.5750e+02	1.0537e-07
9.0000e-01	6.5480e+02	6.5480e+02	1.0494e-07
9.5000e-01	6.5140e+02	6.5140e+02	1.0439e-07
1.0000e+00	6.4750e+02	6.4750e+02	1.0377e-07
1.5000e+00	5.9540e+02	5.9540e+02	9.5417e-08
2.0000e+00	5.4200e+02	5.4200e+02	8.6859e-08
2.5000e+00	4.9590e+02	4.9590e+02	7.9471e-08
3.0000e+00	4.5720e+02	4.5720e+02	7.3269e-08
3.5000e+00	4.2470e+02	4.2470e+02	6.8061e-08
4.0000e+00	3.9710e+02	3.9710e+02	6.3638e-08
4.5000e+00	3.7350e+02	3.7350e+02	5.9856e-08
5.0000e+00	3.5300e+02	3.5300e+02	5.6571e-08
5.5000e+00	3.3500e+02	3.3500e+02	5.3686e-08
6.0000e+00	3.1920e+02	3.1920e+02	5.1154e-08
6.5000e+00	3.0500e+02	3.0500e+02	4.8878e-08
7.0000e+00	2.9230e+02	2.9230e+02	4.6843e-08
7.5000e+00	2.8090e+02	2.8090e+02	4.5016e-08
8.0000e+00	2.7050e+02	2.7050e+02	4.3349e-08
8.5000e+00	2.6190e+02	2.6190e+02	4.1971e-08
9.0000e+00	2.5340e+02	2.5340e+02	4.0609e-08
9.5000e+00	2.4490e+02	2.4490e+02	3.9247e-08
1.0000e+01	2.3730e+02	2.3730e+02	3.8029e-08
1.5000e+01	1.8440e+02	1.8440e+02	2.9551e-08
2.0000e+01	1.5300e+02	1.5300e+02	2.4519e-08
2.5000e+01	1.3180e+02	1.3180e+02	2.1122e-08
3.0000e+01	1.1630e+02	1.1630e+02	1.8638e-08
3.5000e+01	1.0450e+02	1.0450e+02	1.6747e-08
4.0000e+01	9.5100e+01	9.5100e+01	1.5240e-08
4.5000e+01	8.7460e+01	8.7460e+01	1.4016e-08
5.0000e+01	8.1090e+01	8.1090e+01	1.2995e-08
5.5000e+01	7.5690e+01	7.5690e+01	1.2130e-08
6.0000e+01	7.1050e+01	7.1050e+01	1.1386e-08
6.5000e+01	6.7020e+01	6.7020e+01	1.0740e-08
7.0000e+01	6.3470e+01	6.3470e+01	1.0171e-08
7.5000e+01	6.0330e+01	6.0330e+01	9.6683e-09
8.0000e+01	5.7520e+01	5.7520e+01	9.2179e-09
8.5000e+01	5.5000e+01	5.5000e+01	8.8141e-09
9.0000e+01	5.2720e+01	5.2720e+01	8.4487e-09
9.5000e+01	5.0640e+01	5.0640e+01	8.1154e-09
1.0000e+02	4.8740e+01	4.8740e+01	7.8109e-09
1.5000e+02	3.6000e+01	3.6000e+01	5.7692e-09
2.0000e+02	2.9091e+01	2.9091e+01	4.6620e-09
2.5000e+02	2.4684e+01	2.4684e+01	3.9557e-09
3.0000e+02	2.1603e+01	2.1603e+01	3.4620e-09
3.5000e+02	1.9325e+01	1.9325e+01	3.0970e-09
4.0000e+02	1.7570e+01	1.7570e+01	2.8156e-09
4.5000e+02	1.6174e+01	1.6174e+01	2.5920e-09
5.0000e+02	1.5036e+01	1.5036e+01	2.4096e-09
5.5000e+02	1.4090e+01	1.4090e+01	2.2580e-09
6.0000e+02	1.3292e+01	1.3292e+01	2.1301e-09
6.5000e+02	1.2610e+01	1.2610e+01	2.0208e-09
7.0000e+02	1.2020e+01	1.2020e+01	1.9263e-09
7.5000e+02	1.1505e+01	1.1505e+01	1.8438e-09
8.0000e+02	1.1052e+01	1.1052e+01	1.7711e-09
8.5000e+02	1.0649e+01	1.0649e+01	1.7066e-09
9.0000e+02	1.0290e+01	1.0290e+01	1.6490e-09
9.5000e+02	9.9669e+00	9.9669e+00	1.5973e-09
1.0000e+03	9.6754e+00	9.6754e+00	1.5505e-09
1.5000e+03	7.8158e+00	7.8158e+00	1.2525e-09
2.0000e+03	6.8937e+00	6.8937e+00	1.1048e-09
2.5000e+03	6.3580e+00	6.3580e+00	1.0189e-09
3.0000e+03	6.0181e+00	6.0181e+00	9.6444e-10
3.5000e+03	5.7903e+00	5.7903e+00	9.2794e-10
4.0000e+03	5.6323e+00	5.6323e+00	9.0261e-10
4.5000e+03	5.5205e+00	5.5205e+00	8.8470e-10
5.0000e+03	5.4400e+00	5.4400e+00	8.7179e-10
5.5000e+03	5.3816e+00	5.3816e+00	8.6244e-10
6.0000e+03	5.3395e+00	5.3395e+00	8.5568e-10
6.5000e+03	5.3094e+00	5.3094e+00	8.5087e-10
7.0000e+03	5.2886e+00	5.2886e+00	8.4753e-10
7.5000e+03	5.2748e+00	5.2748e+00	8.4532e-10
8.0000e+03	5.2666e+00	5.2666e+00	8.4400e-10
8.5000e+03	5.2627e+00	5.2627e+00	8.4338e-10
9.0000e+03	5.2622e+00	5.2622e+00	8.4330e-10
9.5000e+03	5.2645e+00	5.2645e+00	8.4367e-10
1.0000e+04	5.2690e+00	5.2690e+00	8.4439e-10
1.5000e+04	5.3713e+00	5.3713e+00	8.6078e-10
2.0000e+04	5.4984e+00	5.4984e+00	8.8115e-10
2.5000e+04	5.6179e+00	5.6179e+00	9.0031e-10
3.0000e+04	5.7251e+00	5.7251e+00	9.1749e-10
3.5000e+04	5.8207e+00	5.8207e+00	9.3280e-10
4.0000e+04	5.9061e+00	5.9061e+00	9.4649e-10
4.5000e+04	5.9830e+00	5.9830e+00	9.5881e-10
5.0000e+04	6.0527e+00	6.0527e+00	9.6998e-10
5.5000e+04	6.1162e+00	6.1162e+00	9.8016e-10
6.0000e+04	6.1746e+00	6.1746e+00	9.8951e-10
6.5000e+04	6.2284e+00	6.2284e+00	9.9814e-10
7.0000e+04	6.2783e+00	6.2783e+00	1.0061e-09
7.5000e+04	6.3248e+00	6.3248e+00	1.0136e-09
8.0000e+04	6.3683e+00	6.3683e+00	1.0206e-09
8.5000e+04	6.4091e+00	6.4091e+00	1.0271e-09
9.0000e+04	6.4476e+00	6.4476e+00	1.0333e-09
9.5000e+04	6.4839e+00	6.4839e+00	1.0391e-09
1.0000e+05	6.5183e+00	6.5183e+00	1.0446e-09
1.5000e+05	6.7873e+00	6.7873e+00	1.0877e-09
2.0000e+05	6.9739e+00	6.9739e+00	1.1176e-09
2.5000e+05	7.1158e+00	7.1158e+00	1.1403e-09
3.0000e+05	7.2297e+00	7.2297e+00	1.1586e-09
3.5000e+05	7.3247e+00	7.3247e+00	1.1738e-09
4.0000e+05	7.4058e+00	7.4058e+00	1.1868e-09
4.5000e+05	7.4766e+00	7.4766e+00	1.1982e-09
5.0000e+05	7.5393e+00	7.5393e+00	1.2082e-09
5.5000e+05	7.5954e+00	7.5954e+00	1.2172e-09
6.0000e+05	7.6462e+00	7.6462e+00	1.2254e-09
6.5000e+05	7.6926e+00	7.6926e+00	1.2328e-09
7.0000e+05	7.7352e+00	7.7352e+00	1.2396e-09
7.5000e+05	7.7746e+00	7.7746e+00	1.2459e-09
8.0000e+05	7.8112e+00	7.8112e+00	1.2518e-09
8.5000e+05	7.8454e+00	7.8454e+00	1.2573e-09
9.0000e+05	7.8775e+00	7.8775e+00	1.2624e-09
9.5000e+05	7.9076e+00	7.9076e+00	1.2672e-09
1.0000e+06	7.9361e+00	7.9361e+00	1.2718e-09
1.5000e+06	8.1559e+00	8.1559e+00	1.3070e-09
2.0000e+06	8.3063e+00	8.3063e+00	1.3311e-09
2.5000e+06	8.4198e+00	8.4198e+00	1.3493e-09
3.0000e+06	8.5104e+00	8.5104e+00	1.3638e-09
3.5000e+06	8.5855e+00	8.5855e+00	1.3759e-09
4.0000e+06	8.6494e+00	8.6494e+00	1.3861e-09
4.5000e+06	8.7048e+00	8.7048e+00	1.3950e-09
5.0000e+06	8.7537e+00	8.7537e+00	1.4028e-09
5.5000e+06	8.7974e+00	8.7974e+00	1.4098e-09
6.0000e+06	8.8368e+00	8.8368e+00	1.4161e-09
6.5000e+06	8.8726e+00	8.8726e+00	1.4219e-09
7.0000e+06	8.9054e+00	8.9054e+00	1.4272e-09
7.5000e+06	8.9357e+00	8.9357e+00	1.4320e-09
8.0000e+06	8.9638e+00	8.9638e+00	1.4365e-09
8.5000e+06	8.9899e+00	8.9899e+00	1.4407e-09
9.0000e+06	9.0143e+00	9.0143e+00	1.4446e-09
9.5000e+06	9.0372e+00	9.0372e+00	1.4483e-09
1.0000e+07	9.0587e+00	9.0587e+00	1.4517e-09