Energy
(MeV)	Elec. Stopping Power
(MeV cm2 g-1)	Ionizing Dose*
(MeV g-1)	Ionizing Dose*
(Gy)
1.0000e-05	9.4970e+00	9.4970e+00	1.5220e-09
1.5000e-05	1.1630e+01	1.1630e+01	1.8638e-09
2.0000e-05	1.3430e+01	1.3430e+01	2.1522e-09
2.5000e-05	1.5020e+01	1.5020e+01	2.4071e-09
3.0000e-05	1.6450e+01	1.6450e+01	2.6362e-09
3.5000e-05	1.7770e+01	1.7770e+01	2.8478e-09
4.0000e-05	1.8990e+01	1.8990e+01	3.0433e-09
4.5000e-05	2.0150e+01	2.0150e+01	3.2292e-09
5.0000e-05	2.1240e+01	2.1240e+01	3.4038e-09
5.5000e-05	2.2270e+01	2.2270e+01	3.5689e-09
6.0000e-05	2.3260e+01	2.3260e+01	3.7276e-09
6.5000e-05	2.4210e+01	2.4210e+01	3.8798e-09
7.0000e-05	2.5130e+01	2.5130e+01	4.0272e-09
7.5000e-05	2.6010e+01	2.6010e+01	4.1683e-09
8.0000e-05	2.6860e+01	2.6860e+01	4.3045e-09
8.5000e-05	2.7690e+01	2.7690e+01	4.4375e-09
9.0000e-05	2.8490e+01	2.8490e+01	4.5657e-09
9.5000e-05	2.9270e+01	2.9270e+01	4.6907e-09
1.0000e-04	3.0030e+01	3.0030e+01	4.8125e-09
1.5000e-04	3.6780e+01	3.6780e+01	5.8942e-09
2.0000e-04	4.2470e+01	4.2470e+01	6.8061e-09
2.5000e-04	4.7480e+01	4.7480e+01	7.6090e-09
3.0000e-04	5.2020e+01	5.2020e+01	8.3365e-09
3.5000e-04	5.6180e+01	5.6180e+01	9.0032e-09
4.0000e-04	6.0060e+01	6.0060e+01	9.6250e-09
4.5000e-04	6.3710e+01	6.3710e+01	1.0210e-08
5.0000e-04	6.7150e+01	6.7150e+01	1.0761e-08
5.5000e-04	7.0430e+01	7.0430e+01	1.1287e-08
6.0000e-04	7.3560e+01	7.3560e+01	1.1788e-08
6.5000e-04	7.6560e+01	7.6560e+01	1.2269e-08
7.0000e-04	7.9450e+01	7.9450e+01	1.2732e-08
7.5000e-04	8.2240e+01	8.2240e+01	1.3179e-08
8.0000e-04	8.4940e+01	8.4940e+01	1.3612e-08
8.5000e-04	8.7560e+01	8.7560e+01	1.4032e-08
9.0000e-04	9.0090e+01	9.0090e+01	1.4438e-08
9.5000e-04	9.2560e+01	9.2560e+01	1.4833e-08
1.0000e-03	9.4970e+01	9.4970e+01	1.5220e-08
1.5000e-03	1.1630e+02	1.1630e+02	1.8638e-08
2.0000e-03	1.3430e+02	1.3430e+02	2.1522e-08
2.5000e-03	1.5020e+02	1.5020e+02	2.4071e-08
3.0000e-03	1.6450e+02	1.6450e+02	2.6362e-08
3.5000e-03	1.7770e+02	1.7770e+02	2.8478e-08
4.0000e-03	1.8990e+02	1.8990e+02	3.0433e-08
4.5000e-03	2.0150e+02	2.0150e+02	3.2292e-08
5.0000e-03	2.1240e+02	2.1240e+02	3.4038e-08
5.5000e-03	2.2270e+02	2.2270e+02	3.5689e-08
6.0000e-03	2.3260e+02	2.3260e+02	3.7276e-08
6.5000e-03	2.4210e+02	2.4210e+02	3.8798e-08
7.0000e-03	2.5130e+02	2.5130e+02	4.0272e-08
7.5000e-03	2.6010e+02	2.6010e+02	4.1683e-08
8.0000e-03	2.6860e+02	2.6860e+02	4.3045e-08
8.5000e-03	2.7650e+02	2.7650e+02	4.4311e-08
9.0000e-03	2.8420e+02	2.8420e+02	4.5545e-08
9.5000e-03	2.9160e+02	2.9160e+02	4.6731e-08
1.0000e-02	2.9880e+02	2.9880e+02	4.7885e-08
1.5000e-02	3.6260e+02	3.6260e+02	5.8109e-08
2.0000e-02	4.1570e+02	4.1570e+02	6.6619e-08
2.5000e-02	4.6210e+02	4.6210e+02	7.4054e-08
3.0000e-02	5.0360e+02	5.0360e+02	8.0705e-08
3.5000e-02	5.4150e+02	5.4150e+02	8.6779e-08
4.0000e-02	5.7640e+02	5.7640e+02	9.2372e-08
4.5000e-02	6.0890e+02	6.0890e+02	9.7580e-08
5.0000e-02	6.3940e+02	6.3940e+02	1.0247e-07
5.5000e-02	6.6810e+02	6.6810e+02	1.0707e-07
6.0000e-02	6.9530e+02	6.9530e+02	1.1143e-07
6.5000e-02	7.2120e+02	7.2120e+02	1.1558e-07
7.0000e-02	7.4580e+02	7.4580e+02	1.1952e-07
7.5000e-02	7.6930e+02	7.6930e+02	1.2329e-07
8.0000e-02	7.9190e+02	7.9190e+02	1.2691e-07
8.5000e-02	8.1350e+02	8.1350e+02	1.3037e-07
9.0000e-02	8.3430e+02	8.3430e+02	1.3370e-07
9.5000e-02	8.5440e+02	8.5440e+02	1.3692e-07
1.0000e-01	8.7370e+02	8.7370e+02	1.4002e-07
1.5000e-01	1.0360e+03	1.0360e+03	1.6603e-07
2.0000e-01	1.1570e+03	1.1570e+03	1.8542e-07
2.5000e-01	1.2510e+03	1.2510e+03	2.0048e-07
3.0000e-01	1.3240e+03	1.3240e+03	2.1218e-07
3.5000e-01	1.3810e+03	1.3810e+03	2.2131e-07
4.0000e-01	1.4250e+03	1.4250e+03	2.2837e-07
4.5000e-01	1.4590e+03	1.4590e+03	2.3381e-07
5.0000e-01	1.4830e+03	1.4830e+03	2.3766e-07
5.5000e-01	1.5010e+03	1.5010e+03	2.4054e-07
6.0000e-01	1.5110e+03	1.5110e+03	2.4215e-07
6.5000e-01	1.5170e+03	1.5170e+03	2.4311e-07
7.0000e-01	1.5180e+03	1.5180e+03	2.4327e-07
7.5000e-01	1.5160e+03	1.5160e+03	2.4295e-07
8.0000e-01	1.5110e+03	1.5110e+03	2.4215e-07
8.5000e-01	1.5030e+03	1.5030e+03	2.4087e-07
9.0000e-01	1.4930e+03	1.4930e+03	2.3926e-07
9.5000e-01	1.4820e+03	1.4820e+03	2.3750e-07
1.0000e+00	1.4690e+03	1.4690e+03	2.3542e-07
1.5000e+00	1.3140e+03	1.3140e+03	2.1058e-07
2.0000e+00	1.1660e+03	1.1660e+03	1.8686e-07
2.5000e+00	1.0420e+03	1.0420e+03	1.6699e-07
3.0000e+00	9.4190e+02	9.4190e+02	1.5095e-07
3.5000e+00	8.5930e+02	8.5930e+02	1.3771e-07
4.0000e+00	7.9070e+02	7.9070e+02	1.2671e-07
4.5000e+00	7.3290e+02	7.3290e+02	1.1745e-07
5.0000e+00	6.8350e+02	6.8350e+02	1.0954e-07
5.5000e+00	6.4090e+02	6.4090e+02	1.0271e-07
6.0000e+00	6.0380e+02	6.0380e+02	9.6763e-08
6.5000e+00	5.7100e+02	5.7100e+02	9.1506e-08
7.0000e+00	5.4190e+02	5.4190e+02	8.6843e-08
7.5000e+00	5.1590e+02	5.1590e+02	8.2676e-08
8.0000e+00	4.9250e+02	4.9250e+02	7.8926e-08
8.5000e+00	4.7470e+02	4.7470e+02	7.6074e-08
9.0000e+00	4.5700e+02	4.5700e+02	7.3237e-08
9.5000e+00	4.3920e+02	4.3920e+02	7.0385e-08
1.0000e+01	4.2300e+02	4.2300e+02	6.7788e-08
1.5000e+01	3.1390e+02	3.1390e+02	5.0304e-08
2.0000e+01	2.5280e+02	2.5280e+02	4.0513e-08
2.5000e+01	2.1320e+02	2.1320e+02	3.4167e-08
3.0000e+01	1.8520e+02	1.8520e+02	2.9679e-08
3.5000e+01	1.6420e+02	1.6420e+02	2.6314e-08
4.0000e+01	1.4790e+02	1.4790e+02	2.3702e-08
4.5000e+01	1.3480e+02	1.3480e+02	2.1603e-08
5.0000e+01	1.2400e+02	1.2400e+02	1.9872e-08
5.5000e+01	1.1500e+02	1.1500e+02	1.8429e-08
6.0000e+01	1.0730e+02	1.0730e+02	1.7196e-08
6.5000e+01	1.0070e+02	1.0070e+02	1.6138e-08
7.0000e+01	9.4890e+01	9.4890e+01	1.5207e-08
7.5000e+01	8.9800e+01	8.9800e+01	1.4391e-08
8.0000e+01	8.5290e+01	8.5290e+01	1.3668e-08
8.5000e+01	8.1260e+01	8.1260e+01	1.3022e-08
9.0000e+01	7.7630e+01	7.7630e+01	1.2441e-08
9.5000e+01	7.4340e+01	7.4340e+01	1.1913e-08
1.0000e+02	7.1350e+01	7.1350e+01	1.1434e-08
1.5000e+02	5.1640e+01	5.1640e+01	8.2756e-09
2.0000e+02	4.1115e+01	4.1115e+01	6.5889e-09
2.5000e+02	3.4530e+01	3.4530e+01	5.5336e-09
3.0000e+02	3.0009e+01	3.0009e+01	4.8092e-09
3.5000e+02	2.6700e+01	2.6700e+01	4.2788e-09
4.0000e+02	2.4174e+01	2.4174e+01	3.8740e-09
4.5000e+02	2.2178e+01	2.2178e+01	3.5541e-09
5.0000e+02	2.0563e+01	2.0563e+01	3.2953e-09
5.5000e+02	1.9229e+01	1.9229e+01	3.0816e-09
6.0000e+02	1.8107e+01	1.8107e+01	2.9018e-09
6.5000e+02	1.7150e+01	1.7150e+01	2.7484e-09
7.0000e+02	1.6324e+01	1.6324e+01	2.6161e-09
7.5000e+02	1.5604e+01	1.5604e+01	2.5007e-09
8.0000e+02	1.4971e+01	1.4971e+01	2.3992e-09
8.5000e+02	1.4410e+01	1.4410e+01	2.3092e-09
9.0000e+02	1.3909e+01	1.3909e+01	2.2290e-09
9.5000e+02	1.3460e+01	1.3460e+01	2.1570e-09
1.0000e+03	1.3054e+01	1.3054e+01	2.0920e-09
1.5000e+03	1.0475e+01	1.0475e+01	1.6786e-09
2.0000e+03	9.1987e+00	9.1987e+00	1.4741e-09
2.5000e+03	8.4567e+00	8.4567e+00	1.3552e-09
3.0000e+03	7.9886e+00	7.9886e+00	1.2802e-09
3.5000e+03	7.6754e+00	7.6754e+00	1.2300e-09
4.0000e+03	7.4560e+00	7.4560e+00	1.1949e-09
4.5000e+03	7.2985e+00	7.2985e+00	1.1696e-09
5.0000e+03	7.1836e+00	7.1836e+00	1.1512e-09
5.5000e+03	7.0991e+00	7.0991e+00	1.1377e-09
6.0000e+03	7.0369e+00	7.0369e+00	1.1277e-09
6.5000e+03	6.9913e+00	6.9913e+00	1.1204e-09
7.0000e+03	6.9583e+00	6.9583e+00	1.1151e-09
7.5000e+03	6.9352e+00	6.9352e+00	1.1114e-09
8.0000e+03	6.9197e+00	6.9197e+00	1.1089e-09
8.5000e+03	6.9102e+00	6.9102e+00	1.1074e-09
9.0000e+03	6.9056e+00	6.9056e+00	1.1067e-09
9.5000e+03	6.9049e+00	6.9049e+00	1.1066e-09
1.0000e+04	6.9073e+00	6.9073e+00	1.1069e-09
1.5000e+04	7.0154e+00	7.0154e+00	1.1243e-09
2.0000e+04	7.1654e+00	7.1654e+00	1.1483e-09
2.5000e+04	7.3104e+00	7.3104e+00	1.1715e-09
3.0000e+04	7.4424e+00	7.4424e+00	1.1927e-09
3.5000e+04	7.5611e+00	7.5611e+00	1.2117e-09
4.0000e+04	7.6681e+00	7.6681e+00	1.2289e-09
4.5000e+04	7.7650e+00	7.7650e+00	1.2444e-09
5.0000e+04	7.8532e+00	7.8532e+00	1.2585e-09
5.5000e+04	7.9341e+00	7.9341e+00	1.2715e-09
6.0000e+04	8.0087e+00	8.0087e+00	1.2834e-09
6.5000e+04	8.0778e+00	8.0778e+00	1.2945e-09
7.0000e+04	8.1421e+00	8.1421e+00	1.3048e-09
7.5000e+04	8.2022e+00	8.2022e+00	1.3145e-09
8.0000e+04	8.2586e+00	8.2586e+00	1.3235e-09
8.5000e+04	8.3117e+00	8.3117e+00	1.3320e-09
9.0000e+04	8.3619e+00	8.3619e+00	1.3400e-09
9.5000e+04	8.4094e+00	8.4094e+00	1.3477e-09
1.0000e+05	8.4545e+00	8.4545e+00	1.3549e-09
1.5000e+05	8.8117e+00	8.8117e+00	1.4121e-09
2.0000e+05	9.0643e+00	9.0643e+00	1.4526e-09
2.5000e+05	9.2461e+00	9.2461e+00	1.4817e-09
3.0000e+05	9.3895e+00	9.3895e+00	1.5047e-09
3.5000e+05	9.5085e+00	9.5085e+00	1.5238e-09
4.0000e+05	9.6099e+00	9.6099e+00	1.5400e-09
4.5000e+05	9.6981e+00	9.6981e+00	1.5542e-09
5.0000e+05	9.7761e+00	9.7761e+00	1.5667e-09
5.5000e+05	9.8458e+00	9.8458e+00	1.5779e-09
6.0000e+05	9.9088e+00	9.9088e+00	1.5879e-09
6.5000e+05	9.9662e+00	9.9662e+00	1.5972e-09
7.0000e+05	1.0019e+01	1.0019e+01	1.6056e-09
7.5000e+05	1.0068e+01	1.0068e+01	1.6134e-09
8.0000e+05	1.0113e+01	1.0113e+01	1.6207e-09
8.5000e+05	1.0155e+01	1.0155e+01	1.6274e-09
9.0000e+05	1.0195e+01	1.0195e+01	1.6337e-09
9.5000e+05	1.0232e+01	1.0232e+01	1.6397e-09
1.0000e+06	1.0267e+01	1.0267e+01	1.6453e-09
1.5000e+06	1.0537e+01	1.0537e+01	1.6886e-09
2.0000e+06	1.0721e+01	1.0721e+01	1.7181e-09
2.5000e+06	1.0860e+01	1.0860e+01	1.7403e-09
3.0000e+06	1.0970e+01	1.0970e+01	1.7581e-09
3.5000e+06	1.1062e+01	1.1062e+01	1.7727e-09
4.0000e+06	1.1139e+01	1.1139e+01	1.7852e-09
4.5000e+06	1.1207e+01	1.1207e+01	1.7959e-09
5.0000e+06	1.1266e+01	1.1266e+01	1.8054e-09
5.5000e+06	1.1319e+01	1.1319e+01	1.8139e-09
6.0000e+06	1.1366e+01	1.1366e+01	1.8215e-09
6.5000e+06	1.1409e+01	1.1409e+01	1.8284e-09
7.0000e+06	1.1449e+01	1.1449e+01	1.8347e-09
7.5000e+06	1.1485e+01	1.1485e+01	1.8405e-09
8.0000e+06	1.1518e+01	1.1518e+01	1.8459e-09
8.5000e+06	1.1550e+01	1.1550e+01	1.8509e-09
9.0000e+06	1.1579e+01	1.1579e+01	1.8555e-09
9.5000e+06	1.1606e+01	1.1606e+01	1.8599e-09
1.0000e+07	1.1631e+01	1.1631e+01	1.8640e-09