Energy
(MeV)	Elec. Stopping Power
(MeV cm2 g-1)	Ionizing Dose*
(MeV g-1)	Ionizing Dose*
(Gy)
1.0000e-05	5.2750e+00	5.2750e+00	8.4535e-10
1.5000e-05	6.4610e+00	6.4610e+00	1.0354e-09
2.0000e-05	7.4600e+00	7.4600e+00	1.1955e-09
2.5000e-05	8.3410e+00	8.3410e+00	1.3367e-09
3.0000e-05	9.1370e+00	9.1370e+00	1.4643e-09
3.5000e-05	9.8690e+00	9.8690e+00	1.5816e-09
4.0000e-05	1.0550e+01	1.0550e+01	1.6907e-09
4.5000e-05	1.1190e+01	1.1190e+01	1.7933e-09
5.0000e-05	1.1800e+01	1.1800e+01	1.8910e-09
5.5000e-05	1.2370e+01	1.2370e+01	1.9824e-09
6.0000e-05	1.2920e+01	1.2920e+01	2.0705e-09
6.5000e-05	1.3450e+01	1.3450e+01	2.1554e-09
7.0000e-05	1.3960e+01	1.3960e+01	2.2372e-09
7.5000e-05	1.4450e+01	1.4450e+01	2.3157e-09
8.0000e-05	1.4920e+01	1.4920e+01	2.3910e-09
8.5000e-05	1.5380e+01	1.5380e+01	2.4647e-09
9.0000e-05	1.5830e+01	1.5830e+01	2.5369e-09
9.5000e-05	1.6260e+01	1.6260e+01	2.6058e-09
1.0000e-04	1.6680e+01	1.6680e+01	2.6731e-09
1.5000e-04	2.0430e+01	2.0430e+01	3.2740e-09
2.0000e-04	2.3590e+01	2.3590e+01	3.7804e-09
2.5000e-04	2.6380e+01	2.6380e+01	4.2276e-09
3.0000e-04	2.8890e+01	2.8890e+01	4.6298e-09
3.5000e-04	3.1210e+01	3.1210e+01	5.0016e-09
4.0000e-04	3.3360e+01	3.3360e+01	5.3462e-09
4.5000e-04	3.5390e+01	3.5390e+01	5.6715e-09
5.0000e-04	3.7300e+01	3.7300e+01	5.9776e-09
5.5000e-04	3.9120e+01	3.9120e+01	6.2692e-09
6.0000e-04	4.0860e+01	4.0860e+01	6.5481e-09
6.5000e-04	4.2530e+01	4.2530e+01	6.8157e-09
7.0000e-04	4.4130e+01	4.4130e+01	7.0721e-09
7.5000e-04	4.5680e+01	4.5680e+01	7.3205e-09
8.0000e-04	4.7180e+01	4.7180e+01	7.5609e-09
8.5000e-04	4.8630e+01	4.8630e+01	7.7933e-09
9.0000e-04	5.0040e+01	5.0040e+01	8.0192e-09
9.5000e-04	5.1420e+01	5.1420e+01	8.2404e-09
1.0000e-03	5.2750e+01	5.2750e+01	8.4535e-09
1.5000e-03	6.4610e+01	6.4610e+01	1.0354e-08
2.0000e-03	7.4600e+01	7.4600e+01	1.1955e-08
2.5000e-03	8.3410e+01	8.3410e+01	1.3367e-08
3.0000e-03	9.1370e+01	9.1370e+01	1.4643e-08
3.5000e-03	9.8690e+01	9.8690e+01	1.5816e-08
4.0000e-03	1.0550e+02	1.0550e+02	1.6907e-08
4.5000e-03	1.1190e+02	1.1190e+02	1.7933e-08
5.0000e-03	1.1800e+02	1.1800e+02	1.8910e-08
5.5000e-03	1.2370e+02	1.2370e+02	1.9824e-08
6.0000e-03	1.2920e+02	1.2920e+02	2.0705e-08
6.5000e-03	1.3450e+02	1.3450e+02	2.1554e-08
7.0000e-03	1.3960e+02	1.3960e+02	2.2372e-08
7.5000e-03	1.4450e+02	1.4450e+02	2.3157e-08
8.0000e-03	1.4920e+02	1.4920e+02	2.3910e-08
8.5000e-03	1.5380e+02	1.5380e+02	2.4647e-08
9.0000e-03	1.5830e+02	1.5830e+02	2.5369e-08
9.5000e-03	1.6260e+02	1.6260e+02	2.6058e-08
1.0000e-02	1.6680e+02	1.6680e+02	2.6731e-08
1.5000e-02	2.0430e+02	2.0430e+02	3.2740e-08
2.0000e-02	2.3590e+02	2.3590e+02	3.7804e-08
2.5000e-02	2.6380e+02	2.6380e+02	4.2276e-08
3.0000e-02	2.9530e+02	2.9530e+02	4.7324e-08
3.5000e-02	3.2930e+02	3.2930e+02	5.2772e-08
4.0000e-02	3.5700e+02	3.5700e+02	5.7212e-08
4.5000e-02	3.8060e+02	3.8060e+02	6.0994e-08
5.0000e-02	4.0140e+02	4.0140e+02	6.4327e-08
5.5000e-02	4.2010e+02	4.2010e+02	6.7324e-08
6.0000e-02	4.3720e+02	4.3720e+02	7.0064e-08
6.5000e-02	4.5310e+02	4.5310e+02	7.2612e-08
7.0000e-02	4.6800e+02	4.6800e+02	7.5000e-08
7.5000e-02	4.8220e+02	4.8220e+02	7.7276e-08
8.0000e-02	4.9580e+02	4.9580e+02	7.9455e-08
8.5000e-02	5.0880e+02	5.0880e+02	8.1538e-08
9.0000e-02	5.2130e+02	5.2130e+02	8.3542e-08
9.5000e-02	5.3360e+02	5.3360e+02	8.5513e-08
1.0000e-01	5.4550e+02	5.4550e+02	8.7420e-08
1.5000e-01	6.5640e+02	6.5640e+02	1.0519e-07
2.0000e-01	7.6160e+02	7.6160e+02	1.2205e-07
2.5000e-01	8.6420e+02	8.6420e+02	1.3849e-07
3.0000e-01	9.6300e+02	9.6300e+02	1.5433e-07
3.5000e-01	1.0570e+03	1.0570e+03	1.6939e-07
4.0000e-01	1.1460e+03	1.1460e+03	1.8365e-07
4.5000e-01	1.2300e+03	1.2300e+03	1.9712e-07
5.0000e-01	1.3080e+03	1.3080e+03	2.0962e-07
5.5000e-01	1.3820e+03	1.3820e+03	2.2147e-07
6.0000e-01	1.4520e+03	1.4520e+03	2.3269e-07
6.5000e-01	1.5170e+03	1.5170e+03	2.4311e-07
7.0000e-01	1.5790e+03	1.5790e+03	2.5304e-07
7.5000e-01	1.6380e+03	1.6380e+03	2.6250e-07
8.0000e-01	1.6940e+03	1.6940e+03	2.7147e-07
8.5000e-01	1.7480e+03	1.7480e+03	2.8013e-07
9.0000e-01	1.7990e+03	1.7990e+03	2.8830e-07
9.5000e-01	1.8470e+03	1.8470e+03	2.9599e-07
1.0000e+00	1.8940e+03	1.8940e+03	3.0353e-07
1.5000e+00	2.2790e+03	2.2790e+03	3.6522e-07
2.0000e+00	2.5560e+03	2.5560e+03	4.0962e-07
2.5000e+00	2.7630e+03	2.7630e+03	4.4279e-07
3.0000e+00	2.9210e+03	2.9210e+03	4.6811e-07
3.5000e+00	3.0440e+03	3.0440e+03	4.8782e-07
4.0000e+00	3.1400e+03	3.1400e+03	5.0321e-07
4.5000e+00	3.2170e+03	3.2170e+03	5.1554e-07
5.0000e+00	3.2770e+03	3.2770e+03	5.2516e-07
5.5000e+00	3.3250e+03	3.3250e+03	5.3285e-07
6.0000e+00	3.3620e+03	3.3620e+03	5.3878e-07
6.5000e+00	3.3910e+03	3.3910e+03	5.4343e-07
7.0000e+00	3.4140e+03	3.4140e+03	5.4712e-07
7.5000e+00	3.4300e+03	3.4300e+03	5.4968e-07
8.0000e+00	3.4420e+03	3.4420e+03	5.5160e-07
8.5000e+00	3.4490e+03	3.4490e+03	5.5272e-07
9.0000e+00	3.4530e+03	3.4530e+03	5.5337e-07
9.5000e+00	3.4540e+03	3.4540e+03	5.5353e-07
1.0000e+01	3.4530e+03	3.4530e+03	5.5337e-07
1.5000e+01	3.3540e+03	3.3540e+03	5.3750e-07
2.0000e+01	3.1910e+03	3.1910e+03	5.1138e-07
2.5000e+01	3.0150e+03	3.0150e+03	4.8317e-07
3.0000e+01	2.8560e+03	2.8560e+03	4.5769e-07
3.5000e+01	2.6880e+03	2.6880e+03	4.3077e-07
4.0000e+01	2.5370e+03	2.5370e+03	4.0657e-07
4.5000e+01	2.3980e+03	2.3980e+03	3.8429e-07
5.0000e+01	2.2720e+03	2.2720e+03	3.6410e-07
5.5000e+01	2.1560e+03	2.1560e+03	3.4551e-07
6.0000e+01	2.0510e+03	2.0510e+03	3.2869e-07
6.5000e+01	1.9550e+03	1.9550e+03	3.1330e-07
7.0000e+01	1.8670e+03	1.8670e+03	2.9920e-07
7.5000e+01	1.7870e+03	1.7870e+03	2.8638e-07
8.0000e+01	1.7130e+03	1.7130e+03	2.7452e-07
8.5000e+01	1.6460e+03	1.6460e+03	2.6378e-07
9.0000e+01	1.5830e+03	1.5830e+03	2.5369e-07
9.5000e+01	1.5260e+03	1.5260e+03	2.4455e-07
1.0000e+02	1.4730e+03	1.4730e+03	2.3606e-07
1.5000e+02	1.1070e+03	1.1070e+03	1.7740e-07
2.0000e+02	9.0460e+02	9.0460e+02	1.4497e-07
2.5000e+02	7.7560e+02	7.7560e+02	1.2429e-07
3.0000e+02	6.8430e+02	6.8430e+02	1.0966e-07
3.5000e+02	6.1490e+02	6.1490e+02	9.8542e-08
4.0000e+02	5.5990e+02	5.5990e+02	8.9728e-08
4.5000e+02	5.1330e+02	5.1330e+02	8.2260e-08
5.0000e+02	4.7380e+02	4.7380e+02	7.5929e-08
5.5000e+02	4.4070e+02	4.4070e+02	7.0625e-08
6.0000e+02	4.1263e+02	4.1263e+02	6.6127e-08
6.5000e+02	3.8847e+02	3.8847e+02	6.2254e-08
7.0000e+02	3.6737e+02	3.6737e+02	5.8874e-08
7.5000e+02	3.4885e+02	3.4885e+02	5.5906e-08
8.0000e+02	3.3235e+02	3.3235e+02	5.3261e-08
8.5000e+02	3.1769e+02	3.1769e+02	5.0912e-08
9.0000e+02	3.0446e+02	3.0446e+02	4.8791e-08
9.5000e+02	2.9251e+02	2.9251e+02	4.6876e-08
1.0000e+03	2.8165e+02	2.8165e+02	4.5136e-08
1.5000e+03	2.1027e+02	2.1027e+02	3.3697e-08
2.0000e+03	1.7248e+02	1.7248e+02	2.7641e-08
2.5000e+03	1.4898e+02	1.4898e+02	2.3875e-08
3.0000e+03	1.3299e+02	1.3299e+02	2.1312e-08
3.5000e+03	1.2141e+02	1.2141e+02	1.9457e-08
4.0000e+03	1.1266e+02	1.1266e+02	1.8054e-08
4.5000e+03	1.0583e+02	1.0583e+02	1.6959e-08
5.0000e+03	1.0036e+02	1.0036e+02	1.6083e-08
5.5000e+03	9.5889e+01	9.5889e+01	1.5367e-08
6.0000e+03	9.2183e+01	9.2183e+01	1.4773e-08
6.5000e+03	8.9066e+01	8.9066e+01	1.4273e-08
7.0000e+03	8.6415e+01	8.6415e+01	1.3849e-08
7.5000e+03	8.4139e+01	8.4139e+01	1.3484e-08
8.0000e+03	8.2170e+01	8.2170e+01	1.3168e-08
8.5000e+03	8.0453e+01	8.0453e+01	1.2893e-08
9.0000e+03	7.8947e+01	7.8947e+01	1.2652e-08
9.5000e+03	7.7619e+01	7.7619e+01	1.2439e-08
1.0000e+04	7.6442e+01	7.6442e+01	1.2250e-08
1.5000e+04	6.9659e+01	6.9659e+01	1.1163e-08
2.0000e+04	6.7072e+01	6.7072e+01	1.0749e-08
2.5000e+04	6.6056e+01	6.6056e+01	1.0586e-08
3.0000e+04	6.5752e+01	6.5752e+01	1.0537e-08
3.5000e+04	6.5805e+01	6.5805e+01	1.0546e-08
4.0000e+04	6.6048e+01	6.6048e+01	1.0585e-08
4.5000e+04	6.6394e+01	6.6394e+01	1.0640e-08
5.0000e+04	6.6795e+01	6.6795e+01	1.0704e-08
5.5000e+04	6.7224e+01	6.7224e+01	1.0773e-08
6.0000e+04	6.7663e+01	6.7663e+01	1.0844e-08
6.5000e+04	6.8105e+01	6.8105e+01	1.0914e-08
7.0000e+04	6.8541e+01	6.8541e+01	1.0984e-08
7.5000e+04	6.8969e+01	6.8969e+01	1.1053e-08
8.0000e+04	6.9387e+01	6.9387e+01	1.1120e-08
8.5000e+04	6.9793e+01	6.9793e+01	1.1185e-08
9.0000e+04	7.0187e+01	7.0187e+01	1.1248e-08
9.5000e+04	7.0569e+01	7.0569e+01	1.1309e-08
1.0000e+05	7.0938e+01	7.0938e+01	1.1368e-08
1.5000e+05	7.4050e+01	7.4050e+01	1.1867e-08
2.0000e+05	7.6381e+01	7.6381e+01	1.2241e-08
2.5000e+05	7.8216e+01	7.8216e+01	1.2535e-08
3.0000e+05	7.9720e+01	7.9720e+01	1.2776e-08
3.5000e+05	8.0988e+01	8.0988e+01	1.2979e-08
4.0000e+05	8.2081e+01	8.2081e+01	1.3154e-08
4.5000e+05	8.3040e+01	8.3040e+01	1.3308e-08
5.0000e+05	8.3893e+01	8.3893e+01	1.3444e-08
5.5000e+05	8.4660e+01	8.4660e+01	1.3567e-08
6.0000e+05	8.5356e+01	8.5356e+01	1.3679e-08
6.5000e+05	8.5993e+01	8.5993e+01	1.3781e-08
7.0000e+05	8.6580e+01	8.6580e+01	1.3875e-08
7.5000e+05	8.7123e+01	8.7123e+01	1.3962e-08
8.0000e+05	8.7629e+01	8.7629e+01	1.4043e-08
8.5000e+05	8.8102e+01	8.8102e+01	1.4119e-08
9.0000e+05	8.8546e+01	8.8546e+01	1.4190e-08
9.5000e+05	8.8964e+01	8.8964e+01	1.4257e-08
1.0000e+06	8.9359e+01	8.9359e+01	1.4320e-08
1.5000e+06	9.2427e+01	9.2427e+01	1.4812e-08
2.0000e+06	9.4546e+01	9.4546e+01	1.5152e-08
2.5000e+06	9.6157e+01	9.6157e+01	1.5410e-08
3.0000e+06	9.7453e+01	9.7453e+01	1.5618e-08
3.5000e+06	9.8536e+01	9.8536e+01	1.5791e-08
4.0000e+06	9.9464e+01	9.9464e+01	1.5940e-08
4.5000e+06	1.0028e+02	1.0028e+02	1.6070e-08
5.0000e+06	1.0100e+02	1.0100e+02	1.6185e-08
5.5000e+06	1.0164e+02	1.0164e+02	1.6289e-08
6.0000e+06	1.0223e+02	1.0223e+02	1.6383e-08
6.5000e+06	1.0277e+02	1.0277e+02	1.6469e-08
7.0000e+06	1.0326e+02	1.0326e+02	1.6548e-08
7.5000e+06	1.0372e+02	1.0372e+02	1.6622e-08
8.0000e+06	1.0415e+02	1.0415e+02	1.6690e-08
8.5000e+06	1.0455e+02	1.0455e+02	1.6754e-08
9.0000e+06	1.0492e+02	1.0492e+02	1.6815e-08
9.5000e+06	1.0528e+02	1.0528e+02	1.6871e-08
1.0000e+07	1.0561e+02	1.0561e+02	1.6925e-08