Energy
(MeV)	Elec. Stopping Power
(MeV cm2 g-1)	Ionizing Dose*
(MeV g-1)	Ionizing Dose*
(Gy)
1.0000e-05	2.9250e+00	2.9250e+00	4.6875e-10
1.5000e-05	3.5820e+00	3.5820e+00	5.7404e-10
2.0000e-05	4.1360e+00	4.1360e+00	6.6282e-10
2.5000e-05	4.6240e+00	4.6240e+00	7.4103e-10
3.0000e-05	5.0660e+00	5.0660e+00	8.1186e-10
3.5000e-05	5.4710e+00	5.4710e+00	8.7676e-10
4.0000e-05	5.8490e+00	5.8490e+00	9.3734e-10
4.5000e-05	6.2040e+00	6.2040e+00	9.9423e-10
5.0000e-05	6.5400e+00	6.5400e+00	1.0481e-09
5.5000e-05	6.8590e+00	6.8590e+00	1.0992e-09
6.0000e-05	7.1640e+00	7.1640e+00	1.1481e-09
6.5000e-05	7.4560e+00	7.4560e+00	1.1949e-09
7.0000e-05	7.7380e+00	7.7380e+00	1.2401e-09
7.5000e-05	8.0090e+00	8.0090e+00	1.2835e-09
8.0000e-05	8.2720e+00	8.2720e+00	1.3256e-09
8.5000e-05	8.5270e+00	8.5270e+00	1.3665e-09
9.0000e-05	8.7740e+00	8.7740e+00	1.4061e-09
9.5000e-05	9.0140e+00	9.0140e+00	1.4446e-09
1.0000e-04	9.2490e+00	9.2490e+00	1.4822e-09
1.5000e-04	1.1330e+01	1.1330e+01	1.8157e-09
2.0000e-04	1.3080e+01	1.3080e+01	2.0962e-09
2.5000e-04	1.4620e+01	1.4620e+01	2.3429e-09
3.0000e-04	1.6020e+01	1.6020e+01	2.5673e-09
3.5000e-04	1.7300e+01	1.7300e+01	2.7724e-09
4.0000e-04	1.8500e+01	1.8500e+01	2.9647e-09
4.5000e-04	1.9620e+01	1.9620e+01	3.1442e-09
5.0000e-04	2.0680e+01	2.0680e+01	3.3141e-09
5.5000e-04	2.1690e+01	2.1690e+01	3.4760e-09
6.0000e-04	2.2650e+01	2.2650e+01	3.6298e-09
6.5000e-04	2.3580e+01	2.3580e+01	3.7788e-09
7.0000e-04	2.4470e+01	2.4470e+01	3.9215e-09
7.5000e-04	2.5330e+01	2.5330e+01	4.0593e-09
8.0000e-04	2.6160e+01	2.6160e+01	4.1923e-09
8.5000e-04	2.6960e+01	2.6960e+01	4.3205e-09
9.0000e-04	2.7750e+01	2.7750e+01	4.4471e-09
9.5000e-04	2.8510e+01	2.8510e+01	4.5689e-09
1.0000e-03	2.9250e+01	2.9250e+01	4.6875e-09
1.5000e-03	3.5820e+01	3.5820e+01	5.7404e-09
2.0000e-03	4.1360e+01	4.1360e+01	6.6282e-09
2.5000e-03	4.6240e+01	4.6240e+01	7.4103e-09
3.0000e-03	5.0660e+01	5.0660e+01	8.1186e-09
3.5000e-03	5.4710e+01	5.4710e+01	8.7676e-09
4.0000e-03	5.8490e+01	5.8490e+01	9.3734e-09
4.5000e-03	6.2040e+01	6.2040e+01	9.9423e-09
5.0000e-03	6.5400e+01	6.5400e+01	1.0481e-08
5.5000e-03	6.8590e+01	6.8590e+01	1.0992e-08
6.0000e-03	7.1640e+01	7.1640e+01	1.1481e-08
6.5000e-03	7.4560e+01	7.4560e+01	1.1949e-08
7.0000e-03	7.7380e+01	7.7380e+01	1.2401e-08
7.5000e-03	8.0090e+01	8.0090e+01	1.2835e-08
8.0000e-03	8.2720e+01	8.2720e+01	1.3256e-08
8.5000e-03	8.5270e+01	8.5270e+01	1.3665e-08
9.0000e-03	8.7740e+01	8.7740e+01	1.4061e-08
9.5000e-03	9.0140e+01	9.0140e+01	1.4446e-08
1.0000e-02	9.2490e+01	9.2490e+01	1.4822e-08
1.5000e-02	1.1330e+02	1.1330e+02	1.8157e-08
2.0000e-02	1.3080e+02	1.3080e+02	2.0962e-08
2.5000e-02	1.4620e+02	1.4620e+02	2.3429e-08
3.0000e-02	1.6020e+02	1.6020e+02	2.5673e-08
3.5000e-02	1.7300e+02	1.7300e+02	2.7724e-08
4.0000e-02	1.8510e+02	1.8510e+02	2.9663e-08
4.5000e-02	2.1880e+02	2.1880e+02	3.5064e-08
5.0000e-02	2.4500e+02	2.4500e+02	3.9263e-08
5.5000e-02	2.6570e+02	2.6570e+02	4.2580e-08
6.0000e-02	2.8260e+02	2.8260e+02	4.5288e-08
6.5000e-02	2.9650e+02	2.9650e+02	4.7516e-08
7.0000e-02	3.0850e+02	3.0850e+02	4.9439e-08
7.5000e-02	3.1890e+02	3.1890e+02	5.1106e-08
8.0000e-02	3.2820e+02	3.2820e+02	5.2596e-08
8.5000e-02	3.3680e+02	3.3680e+02	5.3974e-08
9.0000e-02	3.4480e+02	3.4480e+02	5.5256e-08
9.5000e-02	3.5250e+02	3.5250e+02	5.6490e-08
1.0000e-01	3.5990e+02	3.5990e+02	5.7676e-08
1.5000e-01	4.3280e+02	4.3280e+02	6.9359e-08
2.0000e-01	5.1450e+02	5.1450e+02	8.2452e-08
2.5000e-01	6.0420e+02	6.0420e+02	9.6827e-08
3.0000e-01	6.9810e+02	6.9810e+02	1.1188e-07
3.5000e-01	7.9330e+02	7.9330e+02	1.2713e-07
4.0000e-01	8.8780e+02	8.8780e+02	1.4228e-07
4.5000e-01	9.8040e+02	9.8040e+02	1.5712e-07
5.0000e-01	1.0700e+03	1.0700e+03	1.7147e-07
5.5000e-01	1.1570e+03	1.1570e+03	1.8542e-07
6.0000e-01	1.2400e+03	1.2400e+03	1.9872e-07
6.5000e-01	1.3190e+03	1.3190e+03	2.1138e-07
7.0000e-01	1.3950e+03	1.3950e+03	2.2356e-07
7.5000e-01	1.4670e+03	1.4670e+03	2.3510e-07
8.0000e-01	1.5360e+03	1.5360e+03	2.4615e-07
8.5000e-01	1.6020e+03	1.6020e+03	2.5673e-07
9.0000e-01	1.6640e+03	1.6640e+03	2.6667e-07
9.5000e-01	1.7240e+03	1.7240e+03	2.7628e-07
1.0000e+00	1.7810e+03	1.7810e+03	2.8542e-07
1.5000e+00	2.2420e+03	2.2420e+03	3.5929e-07
2.0000e+00	2.5870e+03	2.5870e+03	4.1458e-07
2.5000e+00	2.8750e+03	2.8750e+03	4.6074e-07
3.0000e+00	3.1290e+03	3.1290e+03	5.0144e-07
3.5000e+00	3.3550e+03	3.3550e+03	5.3766e-07
4.0000e+00	3.5590e+03	3.5590e+03	5.7035e-07
4.5000e+00	3.7430e+03	3.7430e+03	5.9984e-07
5.0000e+00	3.9090e+03	3.9090e+03	6.2644e-07
5.5000e+00	4.0590e+03	4.0590e+03	6.5048e-07
6.0000e+00	4.1940e+03	4.1940e+03	6.7212e-07
6.5000e+00	4.3160e+03	4.3160e+03	6.9167e-07
7.0000e+00	4.4250e+03	4.4250e+03	7.0913e-07
7.5000e+00	4.5240e+03	4.5240e+03	7.2500e-07
8.0000e+00	4.6120e+03	4.6120e+03	7.3910e-07
8.5000e+00	4.6920e+03	4.6920e+03	7.5192e-07
9.0000e+00	4.7630e+03	4.7630e+03	7.6330e-07
9.5000e+00	4.8260e+03	4.8260e+03	7.7340e-07
1.0000e+01	4.8830e+03	4.8830e+03	7.8253e-07
1.5000e+01	5.1810e+03	5.1810e+03	8.3029e-07
2.0000e+01	5.2050e+03	5.2050e+03	8.3413e-07
2.5000e+01	5.1110e+03	5.1110e+03	8.1907e-07
3.0000e+01	4.9660e+03	4.9660e+03	7.9583e-07
3.5000e+01	4.8010e+03	4.8010e+03	7.6939e-07
4.0000e+01	4.6320e+03	4.6320e+03	7.4231e-07
4.5000e+01	4.5180e+03	4.5180e+03	7.2404e-07
5.0000e+01	4.3730e+03	4.3730e+03	7.0080e-07
5.5000e+01	4.2400e+03	4.2400e+03	6.7949e-07
6.0000e+01	4.1120e+03	4.1120e+03	6.5897e-07
6.5000e+01	3.9910e+03	3.9910e+03	6.3958e-07
7.0000e+01	3.8750e+03	3.8750e+03	6.2099e-07
7.5000e+01	3.7660e+03	3.7660e+03	6.0353e-07
8.0000e+01	3.6620e+03	3.6620e+03	5.8686e-07
8.5000e+01	3.5640e+03	3.5640e+03	5.7115e-07
9.0000e+01	3.4710e+03	3.4710e+03	5.5625e-07
9.5000e+01	3.3830e+03	3.3830e+03	5.4215e-07
1.0000e+02	3.2990e+03	3.2990e+03	5.2869e-07
1.5000e+02	2.6540e+03	2.6540e+03	4.2532e-07
2.0000e+02	2.2320e+03	2.2320e+03	3.5769e-07
2.5000e+02	1.9320e+03	1.9320e+03	3.0962e-07
3.0000e+02	1.7060e+03	1.7060e+03	2.7340e-07
3.5000e+02	1.5300e+03	1.5300e+03	2.4519e-07
4.0000e+02	1.3890e+03	1.3890e+03	2.2260e-07
4.5000e+02	1.2740e+03	1.2740e+03	2.0417e-07
5.0000e+02	1.1800e+03	1.1800e+03	1.8910e-07
5.5000e+02	1.1030e+03	1.1030e+03	1.7676e-07
6.0000e+02	1.0400e+03	1.0400e+03	1.6667e-07
6.5000e+02	9.8000e+02	9.8000e+02	1.5705e-07
7.0000e+02	9.2710e+02	9.2710e+02	1.4857e-07
7.5000e+02	8.8030e+02	8.8030e+02	1.4107e-07
8.0000e+02	8.3871e+02	8.3871e+02	1.3441e-07
8.5000e+02	8.0215e+02	8.0215e+02	1.2855e-07
9.0000e+02	7.6916e+02	7.6916e+02	1.2326e-07
9.5000e+02	7.3915e+02	7.3915e+02	1.1845e-07
1.0000e+03	7.1185e+02	7.1185e+02	1.1408e-07
1.5000e+03	5.2944e+02	5.2944e+02	8.4846e-08
2.0000e+03	4.3146e+02	4.3146e+02	6.9144e-08
2.5000e+03	3.6986e+02	3.6986e+02	5.9272e-08
3.0000e+03	3.2694e+02	3.2694e+02	5.2394e-08
3.5000e+03	2.9565e+02	2.9565e+02	4.7379e-08
4.0000e+03	2.7182e+02	2.7182e+02	4.3561e-08
4.5000e+03	2.5308e+02	2.5308e+02	4.0557e-08
5.0000e+03	2.3796e+02	2.3796e+02	3.8135e-08
5.5000e+03	2.2552e+02	2.2552e+02	3.6142e-08
6.0000e+03	2.1512e+02	2.1512e+02	3.4475e-08
6.5000e+03	2.0631e+02	2.0631e+02	3.3062e-08
7.0000e+03	1.9875e+02	1.9875e+02	3.1851e-08
7.5000e+03	1.9220e+02	1.9220e+02	3.0802e-08
8.0000e+03	1.8649e+02	1.8649e+02	2.9887e-08
8.5000e+03	1.8145e+02	1.8145e+02	2.9079e-08
9.0000e+03	1.7699e+02	1.7699e+02	2.8364e-08
9.5000e+03	1.7302e+02	1.7302e+02	2.7727e-08
1.0000e+04	1.6946e+02	1.6946e+02	2.7158e-08
1.5000e+04	1.4783e+02	1.4783e+02	2.3691e-08
2.0000e+04	1.3827e+02	1.3827e+02	2.2158e-08
2.5000e+04	1.3345e+02	1.3345e+02	2.1387e-08
3.0000e+04	1.3098e+02	1.3098e+02	2.0990e-08
3.5000e+04	1.2973e+02	1.2973e+02	2.0791e-08
4.0000e+04	1.2920e+02	1.2920e+02	2.0705e-08
4.5000e+04	1.2909e+02	1.2909e+02	2.0688e-08
5.0000e+04	1.2926e+02	1.2926e+02	2.0715e-08
5.5000e+04	1.2961e+02	1.2961e+02	2.0771e-08
6.0000e+04	1.3007e+02	1.3007e+02	2.0844e-08
6.5000e+04	1.3060e+02	1.3060e+02	2.0930e-08
7.0000e+04	1.3118e+02	1.3118e+02	2.1023e-08
7.5000e+04	1.3179e+02	1.3179e+02	2.1120e-08
8.0000e+04	1.3242e+02	1.3242e+02	2.1220e-08
8.5000e+04	1.3305e+02	1.3305e+02	2.1321e-08
9.0000e+04	1.3368e+02	1.3368e+02	2.1423e-08
9.5000e+04	1.3430e+02	1.3430e+02	2.1523e-08
1.0000e+05	1.3493e+02	1.3493e+02	2.1623e-08
1.5000e+05	1.4052e+02	1.4052e+02	2.2519e-08
2.0000e+05	1.4498e+02	1.4498e+02	2.3234e-08
2.5000e+05	1.4860e+02	1.4860e+02	2.3814e-08
3.0000e+05	1.5161e+02	1.5161e+02	2.4296e-08
3.5000e+05	1.5417e+02	1.5417e+02	2.4707e-08
4.0000e+05	1.5639e+02	1.5639e+02	2.5063e-08
4.5000e+05	1.5835e+02	1.5835e+02	2.5377e-08
5.0000e+05	1.6010e+02	1.6010e+02	2.5657e-08
5.5000e+05	1.6168e+02	1.6168e+02	2.5910e-08
6.0000e+05	1.6311e+02	1.6311e+02	2.6140e-08
6.5000e+05	1.6443e+02	1.6443e+02	2.6350e-08
7.0000e+05	1.6564e+02	1.6564e+02	2.6545e-08
7.5000e+05	1.6676e+02	1.6676e+02	2.6725e-08
8.0000e+05	1.6781e+02	1.6781e+02	2.6892e-08
8.5000e+05	1.6879e+02	1.6879e+02	2.7049e-08
9.0000e+05	1.6971e+02	1.6971e+02	2.7196e-08
9.5000e+05	1.7057e+02	1.7057e+02	2.7335e-08
1.0000e+06	1.7139e+02	1.7139e+02	2.7466e-08
1.5000e+06	1.7775e+02	1.7775e+02	2.8486e-08
2.0000e+06	1.8214e+02	1.8214e+02	2.9190e-08
2.5000e+06	1.8548e+02	1.8548e+02	2.9725e-08
3.0000e+06	1.8816e+02	1.8816e+02	3.0154e-08
3.5000e+06	1.9040e+02	1.9040e+02	3.0513e-08
4.0000e+06	1.9232e+02	1.9232e+02	3.0820e-08
4.5000e+06	1.9399e+02	1.9399e+02	3.1089e-08
5.0000e+06	1.9548e+02	1.9548e+02	3.1327e-08
5.5000e+06	1.9682e+02	1.9682e+02	3.1541e-08
6.0000e+06	1.9803e+02	1.9803e+02	3.1735e-08
6.5000e+06	1.9913e+02	1.9913e+02	3.1912e-08
7.0000e+06	2.0015e+02	2.0015e+02	3.2076e-08
7.5000e+06	2.0110e+02	2.0110e+02	3.2227e-08
8.0000e+06	2.0197e+02	2.0197e+02	3.2368e-08
8.5000e+06	2.0280e+02	2.0280e+02	3.2500e-08
9.0000e+06	2.0357e+02	2.0357e+02	3.2623e-08
9.5000e+06	2.0430e+02	2.0430e+02	3.2740e-08
1.0000e+07	2.0499e+02	2.0499e+02	3.2850e-08