'*',    13,     3,     4,     0,     5,     5,    46,     2
'OMNIDIRECTIONAL FLUENCE ANALYSIS'
'MULASSIS ml-v01-19'
'geant4-09-02-ref-00 (19-December-2008)'
'FLU_BDY', 1, 2, ' '
'FLU_PAR, -1, proton  '
'FLU_AMN', 1, 0., 'deg'
'FLU_AMX', 1, 90., 'deg'
'Elo','keV', 1, ' Lower edge of energy    bin '
'Eup','keV', 1, ' Upper edge of energy    bin '
'Emean','keV', 1, ' Mean energy of bin '
'Value','particles/cm2/bin',1,             'Fluence/flux'
'Error','particles/cm2/bin',1,'Error in   fluence/flux'
  0.000000E+00,   4.000000E+01,   2.000000E+01,   2.302481E+05,   0.000000E+00
  4.000000E+01,   1.000000E+02,   7.000000E+01,   3.453722E+05,   0.000000E+00
  1.000000E+02,   2.000000E+02,   1.500000E+02,   5.756203E+05,   0.000000E+00
  2.000000E+02,   3.000000E+02,   2.500000E+02,   5.756203E+05,   0.000000E+00
  3.000000E+02,   4.000000E+02,   3.500000E+02,   5.756203E+05,   0.000000E+00
  4.000000E+02,   5.000000E+02,   4.500000E+02,   5.756203E+05,   0.000000E+00
  5.000000E+02,   6.000000E+02,   5.500000E+02,   5.905267E+05,   0.000000E+00
  6.000000E+02,   7.000000E+02,   6.500000E+02,   6.764046E+05,   0.000000E+00
  7.000000E+02,   8.000000E+02,   7.500000E+02,   6.764046E+05,   0.000000E+00
  8.000000E+02,   1.000000E+03,   9.000000E+02,   1.526851E+06,   0.000000E+00
  1.000000E+03,   1.250000E+03,   1.125000E+03,   2.203524E+06,   0.000000E+00
  1.250000E+03,   1.500000E+03,   1.375000E+03,   2.612356E+06,   0.000000E+00
  1.500000E+03,   1.750000E+03,   1.625000E+03,   2.892458E+06,   0.000000E+00
  1.750000E+03,   2.000000E+03,   1.875000E+03,   3.377457E+06,   0.000000E+00
  2.000000E+03,   2.250000E+03,   2.125000E+03,   3.578523E+06,   0.000000E+00
  2.250000E+03,   2.500000E+03,   2.375000E+03,   3.913792E+06,   0.000000E+00
  2.500000E+03,   2.750000E+03,   2.625000E+03,   4.401222E+06,   0.000000E+00
  2.750000E+03,   3.000000E+03,   2.875000E+03,   4.579730E+06,   0.000000E+00
  3.000000E+03,   3.250000E+03,   3.125000E+03,   4.992501E+06,   0.000000E+00
  3.250000E+03,   3.500000E+03,   3.375000E+03,   5.393927E+06,   0.000000E+00
  3.500000E+03,   3.750000E+03,   3.625000E+03,   5.852360E+06,   0.000000E+00
  3.750000E+03,   4.000000E+03,   3.875000E+03,   6.020545E+06,   0.000000E+00
  4.000000E+03,   4.250000E+03,   4.125000E+03,   6.542252E+06,   0.000000E+00
  4.250000E+03,   4.500000E+03,   4.375000E+03,   7.119973E+06,   0.000000E+00
  4.500000E+03,   4.750000E+03,   4.625000E+03,   7.369860E+06,   0.000000E+00
  4.750000E+03,   5.000000E+03,   4.875000E+03,   7.868026E+06,   0.000000E+00
  5.000000E+03,   5.500000E+03,   5.250000E+03,   1.747813E+07,   0.000000E+00
  5.500000E+03,   6.000000E+03,   5.750000E+03,   1.952188E+07,   0.000000E+00
  6.000000E+03,   6.500000E+03,   6.250000E+03,   2.194355E+07,   0.000000E+00
  6.500000E+03,   7.000000E+03,   6.750000E+03,   2.543982E+07,   0.000000E+00
  7.000000E+03,   1.000000E+04,   8.500000E+03,   2.092108E+08,   0.000000E+00
  1.000000E+04,   2.000000E+04,   1.500000E+04,   7.607388E+08,   0.000000E+00
  2.000000E+04,   3.000000E+04,   2.500000E+04,   5.940648E+08,   0.000000E+00
  3.000000E+04,   4.000000E+04,   3.500000E+04,   4.737362E+08,   0.000000E+00
  4.000000E+04,   5.000000E+04,   4.500000E+04,   3.664015E+08,   0.000000E+00
  5.000000E+04,   6.000000E+04,   5.500000E+04,   3.020646E+08,   0.000000E+00
  6.000000E+04,   7.000000E+04,   6.500000E+04,   2.054475E+08,   0.000000E+00
  7.000000E+04,   8.000000E+04,   7.500000E+04,   1.877494E+08,   0.000000E+00
  8.000000E+04,   1.000000E+05,   9.000000E+04,   2.680037E+08,   0.000000E+00
  1.000000E+05,   1.500000E+05,   1.250000E+05,   2.981177E+08,   0.000000E+00
  1.500000E+05,   2.000000E+05,   1.750000E+05,   1.345880E+08,   0.000000E+00
  2.000000E+05,   3.000000E+05,   2.500000E+05,   1.064639E+08,   0.000000E+00
  3.000000E+05,   4.000000E+05,   3.500000E+05,   9.877672E+06,   0.000000E+00
  4.000000E+05,   5.000000E+05,   4.500000E+05,   2.252359E+06,   0.000000E+00
  5.000000E+05,   8.000000E+05,   6.500000E+05,   8.428071E+05,   0.000000E+00
  8.000000E+05,   1.000000E+06,   0.000000E+00,   0.000000E+00,   0.000000E+00
'End of Block'
'*',    13,     3,     4,     0,     5,     5,    46,     1
'OMNIDIRECTIONAL FLUENCE ANALYSIS'
'MULASSIS ml-v01-19'
'geant4-09-02-ref-00 (19-December-2008)'
'FLU_BDY', 1, 2, ' '
'FLU_PAR, -1, e-      '
'FLU_AMN', 1, 0., 'deg'
'FLU_AMX', 1, 90., 'deg'
'Elo','keV', 1, ' Lower edge of energy    bin '
'Eup','keV', 1, ' Upper edge of energy    bin '
'Emean','keV', 1, ' Mean energy of bin '
'Value','particles/cm2/bin',1,             'Fluence/flux'
'Error','particles/cm2/bin',1,'Error in   fluence/flux'
  0.000000E+00,   4.000000E+01,   2.000000E+01,   9.597331E+10,   0.000000E+00
  4.000000E+01,   1.000000E+02,   7.000000E+01,   1.052720E+11,   0.000000E+00
  1.000000E+02,   2.000000E+02,   1.500000E+02,   1.502544E+11,   0.000000E+00
  2.000000E+02,   3.000000E+02,   2.500000E+02,   1.810200E+11,   0.000000E+00
  3.000000E+02,   4.000000E+02,   3.500000E+02,   2.173448E+11,   0.000000E+00
  4.000000E+02,   5.000000E+02,   4.500000E+02,   2.419529E+11,   0.000000E+00
  5.000000E+02,   6.000000E+02,   5.500000E+02,   2.487615E+11,   0.000000E+00
  6.000000E+02,   7.000000E+02,   6.500000E+02,   2.372382E+11,   0.000000E+00
  7.000000E+02,   8.000000E+02,   7.500000E+02,   2.193820E+11,   0.000000E+00
  8.000000E+02,   1.000000E+03,   9.000000E+02,   3.771281E+11,   0.000000E+00
  1.000000E+03,   1.250000E+03,   1.125000E+03,   3.671477E+11,   0.000000E+00
  1.250000E+03,   1.500000E+03,   1.375000E+03,   2.502023E+11,   0.000000E+00
  1.500000E+03,   1.750000E+03,   1.625000E+03,   1.540139E+11,   0.000000E+00
  1.750000E+03,   2.000000E+03,   1.875000E+03,   9.011968E+10,   0.000000E+00
  2.000000E+03,   2.250000E+03,   2.125000E+03,   5.333163E+10,   0.000000E+00
  2.250000E+03,   2.500000E+03,   2.375000E+03,   2.982710E+10,   0.000000E+00
  2.500000E+03,   2.750000E+03,   2.625000E+03,   1.628148E+10,   0.000000E+00
  2.750000E+03,   3.000000E+03,   2.875000E+03,   9.108382E+09,   0.000000E+00
  3.000000E+03,   3.250000E+03,   3.125000E+03,   4.998885E+09,   0.000000E+00
  3.250000E+03,   3.500000E+03,   3.375000E+03,   2.696762E+09,   0.000000E+00
  3.500000E+03,   3.750000E+03,   3.625000E+03,   1.410495E+09,   0.000000E+00
  3.750000E+03,   4.000000E+03,   3.875000E+03,   6.541288E+08,   0.000000E+00
  4.000000E+03,   4.250000E+03,   4.125000E+03,   2.068838E+08,   0.000000E+00
  4.250000E+03,   4.500000E+03,   4.375000E+03,   4.916315E+07,   0.000000E+00
  4.500000E+03,   4.750000E+03,   4.625000E+03,   1.069357E+07,   0.000000E+00
  4.750000E+03,   5.000000E+03,   4.875000E+03,   2.168524E+06,   0.000000E+00
  5.000000E+03,   5.500000E+03,   5.250000E+03,   7.138465E+05,   0.000000E+00
  5.500000E+03,   6.000000E+03,   5.750000E+03,   8.381033E+04,   0.000000E+00
  6.000000E+03,   6.500000E+03,   6.250000E+03,   1.969895E+04,   0.000000E+00
  6.500000E+03,   7.000000E+03,   6.750000E+03,   1.832626E+04,   0.000000E+00
  7.000000E+03,   1.000000E+04,   8.500000E+03,   1.099575E+05,   0.000000E+00
  1.000000E+04,   2.000000E+04,   1.500000E+04,   3.665251E+05,   0.000000E+00
  2.000000E+04,   3.000000E+04,   2.500000E+04,   2.203379E+05,   0.000000E+00
  3.000000E+04,   4.000000E+04,   3.500000E+04,   7.706860E+04,   0.000000E+00
  4.000000E+04,   5.000000E+04,   4.500000E+04,   3.612311E+04,   0.000000E+00
  5.000000E+04,   6.000000E+04,   5.500000E+04,   2.118332E+04,   0.000000E+00
  6.000000E+04,   7.000000E+04,   6.500000E+04,   1.357960E+04,   0.000000E+00
  7.000000E+04,   8.000000E+04,   7.500000E+04,   8.661443E+03,   0.000000E+00
  8.000000E+04,   1.000000E+05,   9.000000E+04,   1.047114E+04,   0.000000E+00
  1.000000E+05,   1.500000E+05,   1.250000E+05,   1.115192E+04,   0.000000E+00
  1.500000E+05,   2.000000E+05,   1.750000E+05,   3.377346E+03,   0.000000E+00
  2.000000E+05,   3.000000E+05,   2.500000E+05,   1.302637E+03,   0.000000E+00
  3.000000E+05,   4.000000E+05,   3.500000E+05,   2.195003E+01,   0.000000E+00
  4.000000E+05,   5.000000E+05,   4.500000E+05,   4.877504E+01,   0.000000E+00
  5.000000E+05,   8.000000E+05,   6.500000E+05,   6.310852E+00,   0.000000E+00
  8.000000E+05,   1.000000E+06,   0.000000E+00,   0.000000E+00,   0.000000E+00
'End of Block'
'*',    13,     3,     4,     0,     5,     5,    46,    -1
'OMNIDIRECTIONAL FLUENCE ANALYSIS'
'MULASSIS ml-v01-19'
'geant4-09-02-ref-00 (19-December-2008)'
'FLU_BDY', 1, 2, ' '
'FLU_PAR, -1, neutron '
'FLU_AMN', 1, 0., 'deg'
'FLU_AMX', 1, 90., 'deg'
'Elo','keV', 1, ' Lower edge of energy    bin '
'Eup','keV', 1, ' Upper edge of energy    bin '
'Emean','keV', 1, ' Mean energy of bin '
'Value','particles/cm2/bin',1,             'Fluence/flux'
'Error','particles/cm2/bin',1,'Error in   fluence/flux'
  0.000000E+00,   4.000000E+01,   2.000000E+01,   2.590965E+05,   0.000000E+00
  4.000000E+01,   1.000000E+02,   7.000000E+01,   3.886447E+05,   0.000000E+00
  1.000000E+02,   2.000000E+02,   1.500000E+02,   6.477412E+05,   0.000000E+00
  2.000000E+02,   3.000000E+02,   2.500000E+02,   6.477412E+05,   0.000000E+00
  3.000000E+02,   4.000000E+02,   3.500000E+02,   6.477412E+05,   0.000000E+00
  4.000000E+02,   5.000000E+02,   4.500000E+02,   6.477412E+05,   0.000000E+00
  5.000000E+02,   6.000000E+02,   5.500000E+02,   6.451595E+05,   0.000000E+00
  6.000000E+02,   7.000000E+02,   6.500000E+02,   6.302865E+05,   0.000000E+00
  7.000000E+02,   8.000000E+02,   7.500000E+02,   6.302865E+05,   0.000000E+00
  8.000000E+02,   1.000000E+03,   9.000000E+02,   1.230444E+06,   0.000000E+00
  1.000000E+03,   1.250000E+03,   1.125000E+03,   1.487810E+06,   0.000000E+00
  1.250000E+03,   1.500000E+03,   1.375000E+03,   1.418688E+06,   0.000000E+00
  1.500000E+03,   1.750000E+03,   1.625000E+03,   1.362820E+06,   0.000000E+00
  1.750000E+03,   2.000000E+03,   1.875000E+03,   1.275342E+06,   0.000000E+00
  2.000000E+03,   2.250000E+03,   2.125000E+03,   1.217578E+06,   0.000000E+00
  2.250000E+03,   2.500000E+03,   2.375000E+03,   1.155342E+06,   0.000000E+00
  2.500000E+03,   2.750000E+03,   2.625000E+03,   1.073190E+06,   0.000000E+00
  2.750000E+03,   3.000000E+03,   2.875000E+03,   1.033286E+06,   0.000000E+00
  3.000000E+03,   3.250000E+03,   3.125000E+03,   9.602095E+05,   0.000000E+00
  3.250000E+03,   3.500000E+03,   3.375000E+03,   9.080751E+05,   0.000000E+00
  3.500000E+03,   3.750000E+03,   3.625000E+03,   8.623856E+05,   0.000000E+00
  3.750000E+03,   4.000000E+03,   3.875000E+03,   8.162203E+05,   0.000000E+00
  4.000000E+03,   4.250000E+03,   4.125000E+03,   7.756384E+05,   0.000000E+00
  4.250000E+03,   4.500000E+03,   4.375000E+03,   7.227874E+05,   0.000000E+00
  4.500000E+03,   4.750000E+03,   4.625000E+03,   6.987172E+05,   0.000000E+00
  4.750000E+03,   5.000000E+03,   4.875000E+03,   6.523339E+05,   0.000000E+00
  5.000000E+03,   5.500000E+03,   5.250000E+03,   1.216380E+06,   0.000000E+00
  5.500000E+03,   6.000000E+03,   5.750000E+03,   1.109527E+06,   0.000000E+00
  6.000000E+03,   6.500000E+03,   6.250000E+03,   9.974723E+05,   0.000000E+00
  6.500000E+03,   7.000000E+03,   6.750000E+03,   9.080574E+05,   0.000000E+00
  7.000000E+03,   1.000000E+04,   8.500000E+03,   4.127134E+06,   0.000000E+00
  1.000000E+04,   2.000000E+04,   1.500000E+04,   6.635214E+06,   0.000000E+00
  2.000000E+04,   3.000000E+04,   2.500000E+04,   3.127519E+06,   0.000000E+00
  3.000000E+04,   4.000000E+04,   3.500000E+04,   1.856017E+06,   0.000000E+00
  4.000000E+04,   5.000000E+04,   4.500000E+04,   1.197459E+06,   0.000000E+00
  5.000000E+04,   6.000000E+04,   5.500000E+04,   8.168352E+05,   0.000000E+00
  6.000000E+04,   7.000000E+04,   6.500000E+04,   5.663355E+05,   0.000000E+00
  7.000000E+04,   8.000000E+04,   7.500000E+04,   4.086773E+05,   0.000000E+00
  8.000000E+04,   1.000000E+05,   9.000000E+04,   5.437040E+05,   0.000000E+00
  1.000000E+05,   1.500000E+05,   1.250000E+05,   6.663050E+05,   0.000000E+00
  1.500000E+05,   2.000000E+05,   1.750000E+05,   2.682510E+05,   0.000000E+00
  2.000000E+05,   3.000000E+05,   2.500000E+05,   1.322191E+05,   0.000000E+00
  3.000000E+05,   4.000000E+05,   0.000000E+00,  -2.373938E+02,   0.000000E+00
  4.000000E+05,   5.000000E+05,   4.500000E+05,   2.326733E+03,   0.000000E+00
  5.000000E+05,   8.000000E+05,   6.500000E+05,   1.904789E+02,   0.000000E+00
  8.000000E+05,   1.000000E+06,   0.000000E+00,   0.000000E+00,   0.000000E+00
'End of File'
