'*',    13,     3,     4,     0,     5,     5,    46,     2
'OMNIDIRECTIONAL FLUENCE ANALYSIS'
'MULASSIS ml-v01-19'
'geant4-09-02-ref-00 (19-December-2008)'
'FLU_BDY', 1, 2, ' '
'FLU_PAR, -1, proton  '
'FLU_AMN', 1, 0., 'deg'
'FLU_AMX', 1, 90., 'deg'
'Elo','keV', 1, ' Lower edge of energy    bin '
'Eup','keV', 1, ' Upper edge of energy    bin '
'Emean','keV', 1, ' Mean energy of bin '
'Value','particles/cm2/bin',1,             'Fluence/flux'
'Error','particles/cm2/bin',1,'Error in   fluence/flux'
  0.000000E+00,   4.000000E+01,   2.000000E+01,   9.431498E+04,   0.000000E+00
  4.000000E+01,   1.000000E+02,   7.000000E+01,   1.414725E+05,   0.000000E+00
  1.000000E+02,   2.000000E+02,   1.500000E+02,   2.357875E+05,   0.000000E+00
  2.000000E+02,   3.000000E+02,   2.500000E+02,   2.357875E+05,   0.000000E+00
  3.000000E+02,   4.000000E+02,   3.500000E+02,   2.357875E+05,   0.000000E+00
  4.000000E+02,   5.000000E+02,   4.500000E+02,   2.357875E+05,   0.000000E+00
  5.000000E+02,   6.000000E+02,   5.500000E+02,   2.357875E+05,   0.000000E+00
  6.000000E+02,   7.000000E+02,   6.500000E+02,   2.357875E+05,   0.000000E+00
  7.000000E+02,   8.000000E+02,   7.500000E+02,   2.357875E+05,   0.000000E+00
  8.000000E+02,   1.000000E+03,   9.000000E+02,   5.307945E+05,   0.000000E+00
  1.000000E+03,   1.250000E+03,   1.125000E+03,   7.509530E+05,   0.000000E+00
  1.250000E+03,   1.500000E+03,   1.375000E+03,   8.424149E+05,   0.000000E+00
  1.500000E+03,   1.750000E+03,   1.625000E+03,   8.947989E+05,   0.000000E+00
  1.750000E+03,   2.000000E+03,   1.875000E+03,   1.045227E+06,   0.000000E+00
  2.000000E+03,   2.250000E+03,   2.125000E+03,   1.137760E+06,   0.000000E+00
  2.250000E+03,   2.500000E+03,   2.375000E+03,   1.187895E+06,   0.000000E+00
  2.500000E+03,   2.750000E+03,   2.625000E+03,   1.303933E+06,   0.000000E+00
  2.750000E+03,   3.000000E+03,   2.875000E+03,   1.469402E+06,   0.000000E+00
  3.000000E+03,   3.250000E+03,   3.125000E+03,   1.504013E+06,   0.000000E+00
  3.250000E+03,   3.500000E+03,   3.375000E+03,   1.570712E+06,   0.000000E+00
  3.500000E+03,   3.750000E+03,   3.625000E+03,   1.656540E+06,   0.000000E+00
  3.750000E+03,   4.000000E+03,   3.875000E+03,   1.833098E+06,   0.000000E+00
  4.000000E+03,   4.250000E+03,   4.125000E+03,   1.893564E+06,   0.000000E+00
  4.250000E+03,   4.500000E+03,   4.375000E+03,   1.894512E+06,   0.000000E+00
  4.500000E+03,   4.750000E+03,   4.625000E+03,   2.051884E+06,   0.000000E+00
  4.750000E+03,   5.000000E+03,   4.875000E+03,   2.153795E+06,   0.000000E+00
  5.000000E+03,   5.500000E+03,   5.250000E+03,   4.569686E+06,   0.000000E+00
  5.500000E+03,   6.000000E+03,   5.750000E+03,   4.964342E+06,   0.000000E+00
  6.000000E+03,   6.500000E+03,   6.250000E+03,   5.284969E+06,   0.000000E+00
  6.500000E+03,   7.000000E+03,   6.750000E+03,   5.803635E+06,   0.000000E+00
  7.000000E+03,   1.000000E+04,   8.500000E+03,   4.379439E+07,   0.000000E+00
  1.000000E+04,   2.000000E+04,   1.500000E+04,   2.232150E+08,   0.000000E+00
  2.000000E+04,   3.000000E+04,   2.500000E+04,   2.572851E+08,   0.000000E+00
  3.000000E+04,   4.000000E+04,   3.500000E+04,   2.350689E+08,   0.000000E+00
  4.000000E+04,   5.000000E+04,   4.500000E+04,   1.908986E+08,   0.000000E+00
  5.000000E+04,   6.000000E+04,   5.500000E+04,   1.358537E+08,   0.000000E+00
  6.000000E+04,   7.000000E+04,   6.500000E+04,   1.172363E+08,   0.000000E+00
  7.000000E+04,   8.000000E+04,   7.500000E+04,   9.100336E+07,   0.000000E+00
  8.000000E+04,   1.000000E+05,   9.000000E+04,   1.063437E+08,   0.000000E+00
  1.000000E+05,   1.500000E+05,   1.250000E+05,   9.830438E+07,   0.000000E+00
  1.500000E+05,   2.000000E+05,   1.750000E+05,   4.024194E+07,   0.000000E+00
  2.000000E+05,   3.000000E+05,   2.500000E+05,   3.334075E+07,   0.000000E+00
  3.000000E+05,   4.000000E+05,   3.500000E+05,   8.738475E+06,   0.000000E+00
  4.000000E+05,   5.000000E+05,   4.500000E+05,   2.376998E+06,   0.000000E+00
  5.000000E+05,   8.000000E+05,   6.500000E+05,   8.598141E+05,   0.000000E+00
  8.000000E+05,   1.000000E+06,   0.000000E+00,   0.000000E+00,   0.000000E+00
'End of Block'
'*',    13,     3,     4,     0,     5,     5,    46,     1
'OMNIDIRECTIONAL FLUENCE ANALYSIS'
'MULASSIS ml-v01-19'
'geant4-09-02-ref-00 (19-December-2008)'
'FLU_BDY', 1, 2, ' '
'FLU_PAR, -1, e-      '
'FLU_AMN', 1, 0., 'deg'
'FLU_AMX', 1, 90., 'deg'
'Elo','keV', 1, ' Lower edge of energy    bin '
'Eup','keV', 1, ' Upper edge of energy    bin '
'Emean','keV', 1, ' Mean energy of bin '
'Value','particles/cm2/bin',1,             'Fluence/flux'
'Error','particles/cm2/bin',1,'Error in   fluence/flux'
  0.000000E+00,   4.000000E+01,   2.000000E+01,   3.423380E+10,   0.000000E+00
  4.000000E+01,   1.000000E+02,   7.000000E+01,   4.584719E+10,   0.000000E+00
  1.000000E+02,   2.000000E+02,   1.500000E+02,   9.104886E+10,   0.000000E+00
  2.000000E+02,   3.000000E+02,   2.500000E+02,   9.433487E+10,   0.000000E+00
  3.000000E+02,   4.000000E+02,   3.500000E+02,   8.653201E+10,   0.000000E+00
  4.000000E+02,   5.000000E+02,   4.500000E+02,   7.544283E+10,   0.000000E+00
  5.000000E+02,   6.000000E+02,   5.500000E+02,   6.332719E+10,   0.000000E+00
  6.000000E+02,   7.000000E+02,   6.500000E+02,   5.082321E+10,   0.000000E+00
  7.000000E+02,   8.000000E+02,   7.500000E+02,   3.980340E+10,   0.000000E+00
  8.000000E+02,   1.000000E+03,   9.000000E+02,   5.405371E+10,   0.000000E+00
  1.000000E+03,   1.250000E+03,   1.125000E+03,   3.713542E+10,   0.000000E+00
  1.250000E+03,   1.500000E+03,   1.375000E+03,   1.906905E+10,   0.000000E+00
  1.500000E+03,   1.750000E+03,   1.625000E+03,   1.039172E+10,   0.000000E+00
  1.750000E+03,   2.000000E+03,   1.875000E+03,   6.330798E+09,   0.000000E+00
  2.000000E+03,   2.250000E+03,   2.125000E+03,   4.025920E+09,   0.000000E+00
  2.250000E+03,   2.500000E+03,   2.375000E+03,   2.351658E+09,   0.000000E+00
  2.500000E+03,   2.750000E+03,   2.625000E+03,   1.322387E+09,   0.000000E+00
  2.750000E+03,   3.000000E+03,   2.875000E+03,   7.286196E+08,   0.000000E+00
  3.000000E+03,   3.250000E+03,   3.125000E+03,   3.348251E+08,   0.000000E+00
  3.250000E+03,   3.500000E+03,   3.375000E+03,   8.435011E+07,   0.000000E+00
  3.500000E+03,   3.750000E+03,   3.625000E+03,   1.288916E+07,   0.000000E+00
  3.750000E+03,   4.000000E+03,   3.875000E+03,   1.111630E+06,   0.000000E+00
  4.000000E+03,   4.250000E+03,   4.125000E+03,   1.156978E+05,   0.000000E+00
  4.250000E+03,   4.500000E+03,   4.375000E+03,   1.961792E+04,   0.000000E+00
  4.500000E+03,   4.750000E+03,   4.625000E+03,   8.966351E+03,   0.000000E+00
  4.750000E+03,   5.000000E+03,   4.875000E+03,   4.676006E+03,   0.000000E+00
  5.000000E+03,   5.500000E+03,   5.250000E+03,   7.554439E+03,   0.000000E+00
  5.500000E+03,   6.000000E+03,   5.750000E+03,   7.538214E+03,   0.000000E+00
  6.000000E+03,   6.500000E+03,   6.250000E+03,   7.538214E+03,   0.000000E+00
  6.500000E+03,   7.000000E+03,   6.750000E+03,   7.538214E+03,   0.000000E+00
  7.000000E+03,   1.000000E+04,   8.500000E+03,   4.522928E+04,   0.000000E+00
  1.000000E+04,   2.000000E+04,   1.500000E+04,   1.507643E+05,   0.000000E+00
  2.000000E+04,   3.000000E+04,   2.500000E+04,   1.507643E+05,   0.000000E+00
  3.000000E+04,   4.000000E+04,   3.500000E+04,   1.031863E+05,   0.000000E+00
  4.000000E+04,   5.000000E+04,   4.500000E+04,   4.752971E+04,   0.000000E+00
  5.000000E+04,   6.000000E+04,   5.500000E+04,   2.433443E+04,   0.000000E+00
  6.000000E+04,   7.000000E+04,   6.500000E+04,   1.420627E+04,   0.000000E+00
  7.000000E+04,   8.000000E+04,   7.500000E+04,   8.998074E+03,   0.000000E+00
  8.000000E+04,   1.000000E+05,   9.000000E+04,   1.115530E+04,   0.000000E+00
  1.000000E+05,   1.500000E+05,   1.250000E+05,   1.110591E+04,   0.000000E+00
  1.500000E+05,   2.000000E+05,   1.750000E+05,   3.221269E+03,   0.000000E+00
  2.000000E+05,   3.000000E+05,   2.500000E+05,   1.672017E+03,   0.000000E+00
  3.000000E+05,   4.000000E+05,   3.500000E+05,   4.316887E+02,   0.000000E+00
  4.000000E+05,   5.000000E+05,   4.500000E+05,   1.291404E+02,   0.000000E+00
  5.000000E+05,   8.000000E+05,   6.500000E+05,   1.668728E+01,   0.000000E+00
  8.000000E+05,   1.000000E+06,   0.000000E+00,   0.000000E+00,   0.000000E+00
'End of Block'
'*',    13,     3,     4,     0,     5,     5,    46,    -1
'OMNIDIRECTIONAL FLUENCE ANALYSIS'
'MULASSIS ml-v01-19'
'geant4-09-02-ref-00 (19-December-2008)'
'FLU_BDY', 1, 2, ' '
'FLU_PAR, -1, neutron '
'FLU_AMN', 1, 0., 'deg'
'FLU_AMX', 1, 90., 'deg'
'Elo','keV', 1, ' Lower edge of energy    bin '
'Eup','keV', 1, ' Upper edge of energy    bin '
'Emean','keV', 1, ' Mean energy of bin '
'Value','particles/cm2/bin',1,             'Fluence/flux'
'Error','particles/cm2/bin',1,'Error in   fluence/flux'
  0.000000E+00,   4.000000E+01,   2.000000E+01,   1.903278E+05,   0.000000E+00
  4.000000E+01,   1.000000E+02,   7.000000E+01,   2.854917E+05,   0.000000E+00
  1.000000E+02,   2.000000E+02,   1.500000E+02,   4.758195E+05,   0.000000E+00
  2.000000E+02,   3.000000E+02,   2.500000E+02,   4.758195E+05,   0.000000E+00
  3.000000E+02,   4.000000E+02,   3.500000E+02,   4.758195E+05,   0.000000E+00
  4.000000E+02,   5.000000E+02,   4.500000E+02,   4.758195E+05,   0.000000E+00
  5.000000E+02,   6.000000E+02,   5.500000E+02,   4.758195E+05,   0.000000E+00
  6.000000E+02,   7.000000E+02,   6.500000E+02,   4.758195E+05,   0.000000E+00
  7.000000E+02,   8.000000E+02,   7.500000E+02,   4.758195E+05,   0.000000E+00
  8.000000E+02,   1.000000E+03,   9.000000E+02,   9.445922E+05,   0.000000E+00
  1.000000E+03,   1.250000E+03,   1.125000E+03,   1.170333E+06,   0.000000E+00
  1.250000E+03,   1.500000E+03,   1.375000E+03,   1.132900E+06,   0.000000E+00
  1.500000E+03,   1.750000E+03,   1.625000E+03,   1.102446E+06,   0.000000E+00
  1.750000E+03,   2.000000E+03,   1.875000E+03,   1.053035E+06,   0.000000E+00
  2.000000E+03,   2.250000E+03,   2.125000E+03,   1.005263E+06,   0.000000E+00
  2.250000E+03,   2.500000E+03,   2.375000E+03,   9.623389E+05,   0.000000E+00
  2.500000E+03,   2.750000E+03,   2.625000E+03,   9.081109E+05,   0.000000E+00
  2.750000E+03,   3.000000E+03,   2.875000E+03,   8.532737E+05,   0.000000E+00
  3.000000E+03,   3.250000E+03,   3.125000E+03,   8.182940E+05,   0.000000E+00
  3.250000E+03,   3.500000E+03,   3.375000E+03,   7.787552E+05,   0.000000E+00
  3.500000E+03,   3.750000E+03,   3.625000E+03,   7.367550E+05,   0.000000E+00
  3.750000E+03,   4.000000E+03,   3.875000E+03,   6.931818E+05,   0.000000E+00
  4.000000E+03,   4.250000E+03,   4.125000E+03,   6.437520E+05,   0.000000E+00
  4.250000E+03,   4.500000E+03,   4.375000E+03,   6.412488E+05,   0.000000E+00
  4.500000E+03,   4.750000E+03,   4.625000E+03,   5.893118E+05,   0.000000E+00
  4.750000E+03,   5.000000E+03,   4.875000E+03,   5.591856E+05,   0.000000E+00
  5.000000E+03,   5.500000E+03,   5.250000E+03,   1.029464E+06,   0.000000E+00
  5.500000E+03,   6.000000E+03,   5.750000E+03,   9.355404E+05,   0.000000E+00
  6.000000E+03,   6.500000E+03,   6.250000E+03,   8.504194E+05,   0.000000E+00
  6.500000E+03,   7.000000E+03,   6.750000E+03,   7.860321E+05,   0.000000E+00
  7.000000E+03,   1.000000E+04,   8.500000E+03,   3.549089E+06,   0.000000E+00
  1.000000E+04,   2.000000E+04,   1.500000E+04,   5.843210E+06,   0.000000E+00
  2.000000E+04,   3.000000E+04,   2.500000E+04,   2.795889E+06,   0.000000E+00
  3.000000E+04,   4.000000E+04,   3.500000E+04,   1.633583E+06,   0.000000E+00
  4.000000E+04,   5.000000E+04,   4.500000E+04,   9.966303E+05,   0.000000E+00
  5.000000E+04,   6.000000E+04,   5.500000E+04,   6.396464E+05,   0.000000E+00
  6.000000E+04,   7.000000E+04,   6.500000E+04,   4.271854E+05,   0.000000E+00
  7.000000E+04,   8.000000E+04,   7.500000E+04,   2.934608E+05,   0.000000E+00
  8.000000E+04,   1.000000E+05,   9.000000E+04,   3.715612E+05,   0.000000E+00
  1.000000E+05,   1.500000E+05,   1.250000E+05,   4.464714E+05,   0.000000E+00
  1.500000E+05,   2.000000E+05,   1.750000E+05,   1.800058E+05,   0.000000E+00
  2.000000E+05,   3.000000E+05,   2.500000E+05,   1.101025E+05,   0.000000E+00
  3.000000E+05,   4.000000E+05,   3.500000E+05,   1.834850E+04,   0.000000E+00
  4.000000E+05,   5.000000E+05,   4.500000E+05,   4.245721E+03,   0.000000E+00
  5.000000E+05,   8.000000E+05,   6.500000E+05,   2.822582E+02,   0.000000E+00
  8.000000E+05,   1.000000E+06,   0.000000E+00,   0.000000E+00,   0.000000E+00
'End of File'
