'*',    13,     3,     4,     0,     5,     5,    46,     2
'OMNIDIRECTIONAL FLUENCE ANALYSIS'
'MULASSIS ml-v01-19'
'geant4-09-02-ref-00 (19-December-2008)'
'FLU_BDY', 1, 2, ' '
'FLU_PAR, -1, proton  '
'FLU_AMN', 1, 0., 'deg'
'FLU_AMX', 1, 90., 'deg'
'Elo','keV', 1, ' Lower edge of energy    bin '
'Eup','keV', 1, ' Upper edge of energy    bin '
'Emean','keV', 1, ' Mean energy of bin '
'Value','particles/cm2/bin',1,             'Fluence/flux'
'Error','particles/cm2/bin',1,'Error in   fluence/flux'
  0.000000E+00,   4.000000E+01,   2.000000E+01,   1.249059E+05,   0.000000E+00
  4.000000E+01,   1.000000E+02,   7.000000E+01,   1.873588E+05,   0.000000E+00
  1.000000E+02,   2.000000E+02,   1.500000E+02,   3.122647E+05,   0.000000E+00
  2.000000E+02,   3.000000E+02,   2.500000E+02,   3.122647E+05,   0.000000E+00
  3.000000E+02,   4.000000E+02,   3.500000E+02,   3.122647E+05,   0.000000E+00
  4.000000E+02,   5.000000E+02,   4.500000E+02,   3.122647E+05,   0.000000E+00
  5.000000E+02,   6.000000E+02,   5.500000E+02,   3.122647E+05,   0.000000E+00
  6.000000E+02,   7.000000E+02,   6.500000E+02,   3.122647E+05,   0.000000E+00
  7.000000E+02,   8.000000E+02,   7.500000E+02,   3.122647E+05,   0.000000E+00
  8.000000E+02,   1.000000E+03,   9.000000E+02,   7.010609E+05,   0.000000E+00
  1.000000E+03,   1.250000E+03,   1.125000E+03,   9.893533E+05,   0.000000E+00
  1.250000E+03,   1.500000E+03,   1.375000E+03,   1.108046E+06,   0.000000E+00
  1.500000E+03,   1.750000E+03,   1.625000E+03,   1.176791E+06,   0.000000E+00
  1.750000E+03,   2.000000E+03,   1.875000E+03,   1.373062E+06,   0.000000E+00
  2.000000E+03,   2.250000E+03,   2.125000E+03,   1.496791E+06,   0.000000E+00
  2.250000E+03,   2.500000E+03,   2.375000E+03,   1.565487E+06,   0.000000E+00
  2.500000E+03,   2.750000E+03,   2.625000E+03,   1.716865E+06,   0.000000E+00
  2.750000E+03,   3.000000E+03,   2.875000E+03,   1.930785E+06,   0.000000E+00
  3.000000E+03,   3.250000E+03,   3.125000E+03,   1.975938E+06,   0.000000E+00
  3.250000E+03,   3.500000E+03,   3.375000E+03,   2.063429E+06,   0.000000E+00
  3.500000E+03,   3.750000E+03,   3.625000E+03,   2.174724E+06,   0.000000E+00
  3.750000E+03,   4.000000E+03,   3.875000E+03,   2.405470E+06,   0.000000E+00
  4.000000E+03,   4.250000E+03,   4.125000E+03,   2.487236E+06,   0.000000E+00
  4.250000E+03,   4.500000E+03,   4.375000E+03,   2.488580E+06,   0.000000E+00
  4.500000E+03,   4.750000E+03,   4.625000E+03,   2.695657E+06,   0.000000E+00
  4.750000E+03,   5.000000E+03,   4.875000E+03,   2.830332E+06,   0.000000E+00
  5.000000E+03,   5.500000E+03,   5.250000E+03,   6.002874E+06,   0.000000E+00
  5.500000E+03,   6.000000E+03,   5.750000E+03,   6.517527E+06,   0.000000E+00
  6.000000E+03,   6.500000E+03,   6.250000E+03,   6.940855E+06,   0.000000E+00
  6.500000E+03,   7.000000E+03,   6.750000E+03,   7.617479E+06,   0.000000E+00
  7.000000E+03,   1.000000E+04,   8.500000E+03,   5.747136E+07,   0.000000E+00
  1.000000E+04,   2.000000E+04,   1.500000E+04,   2.942151E+08,   0.000000E+00
  2.000000E+04,   3.000000E+04,   2.500000E+04,   3.458516E+08,   0.000000E+00
  3.000000E+04,   4.000000E+04,   3.500000E+04,   3.141268E+08,   0.000000E+00
  4.000000E+04,   5.000000E+04,   4.500000E+04,   2.516735E+08,   0.000000E+00
  5.000000E+04,   6.000000E+04,   5.500000E+04,   1.847779E+08,   0.000000E+00
  6.000000E+04,   7.000000E+04,   6.500000E+04,   1.660073E+08,   0.000000E+00
  7.000000E+04,   8.000000E+04,   7.500000E+04,   1.329432E+08,   0.000000E+00
  8.000000E+04,   1.000000E+05,   9.000000E+04,   1.683121E+08,   0.000000E+00
  1.000000E+05,   1.500000E+05,   1.250000E+05,   1.708983E+08,   0.000000E+00
  1.500000E+05,   2.000000E+05,   1.750000E+05,   7.554441E+07,   0.000000E+00
  2.000000E+05,   3.000000E+05,   2.500000E+05,   5.717045E+07,   0.000000E+00
  3.000000E+05,   4.000000E+05,   0.000000E+00,  -6.264017E+05,   0.000000E+00
  4.000000E+05,   5.000000E+05,   4.500000E+05,   2.376998E+06,   0.000000E+00
  5.000000E+05,   8.000000E+05,   6.500000E+05,   8.598141E+05,   0.000000E+00
  8.000000E+05,   1.000000E+06,   0.000000E+00,   0.000000E+00,   0.000000E+00
'End of Block'
'*',    13,     3,     4,     0,     5,     5,    46,     1
'OMNIDIRECTIONAL FLUENCE ANALYSIS'
'MULASSIS ml-v01-19'
'geant4-09-02-ref-00 (19-December-2008)'
'FLU_BDY', 1, 2, ' '
'FLU_PAR, -1, e-      '
'FLU_AMN', 1, 0., 'deg'
'FLU_AMX', 1, 90., 'deg'
'Elo','keV', 1, ' Lower edge of energy    bin '
'Eup','keV', 1, ' Upper edge of energy    bin '
'Emean','keV', 1, ' Mean energy of bin '
'Value','particles/cm2/bin',1,             'Fluence/flux'
'Error','particles/cm2/bin',1,'Error in   fluence/flux'
  0.000000E+00,   4.000000E+01,   2.000000E+01,   6.710718E+09,   0.000000E+00
  4.000000E+01,   1.000000E+02,   7.000000E+01,   8.816030E+09,   0.000000E+00
  1.000000E+02,   2.000000E+02,   1.500000E+02,   1.638195E+10,   0.000000E+00
  2.000000E+02,   3.000000E+02,   2.500000E+02,   1.731807E+10,   0.000000E+00
  3.000000E+02,   4.000000E+02,   3.500000E+02,   1.650823E+10,   0.000000E+00
  4.000000E+02,   5.000000E+02,   4.500000E+02,   1.503666E+10,   0.000000E+00
  5.000000E+02,   6.000000E+02,   5.500000E+02,   1.341916E+10,   0.000000E+00
  6.000000E+02,   7.000000E+02,   6.500000E+02,   1.174852E+10,   0.000000E+00
  7.000000E+02,   8.000000E+02,   7.500000E+02,   1.009182E+10,   0.000000E+00
  8.000000E+02,   1.000000E+03,   9.000000E+02,   1.569238E+10,   0.000000E+00
  1.000000E+03,   1.250000E+03,   1.125000E+03,   1.259844E+10,   0.000000E+00
  1.250000E+03,   1.500000E+03,   1.375000E+03,   6.961293E+09,   0.000000E+00
  1.500000E+03,   1.750000E+03,   1.625000E+03,   3.913758E+09,   0.000000E+00
  1.750000E+03,   2.000000E+03,   1.875000E+03,   2.284685E+09,   0.000000E+00
  2.000000E+03,   2.250000E+03,   2.125000E+03,   1.385111E+09,   0.000000E+00
  2.250000E+03,   2.500000E+03,   2.375000E+03,   8.288093E+08,   0.000000E+00
  2.500000E+03,   2.750000E+03,   2.625000E+03,   4.830902E+08,   0.000000E+00
  2.750000E+03,   3.000000E+03,   2.875000E+03,   2.673178E+08,   0.000000E+00
  3.000000E+03,   3.250000E+03,   3.125000E+03,   1.411528E+08,   0.000000E+00
  3.250000E+03,   3.500000E+03,   3.375000E+03,   7.120953E+07,   0.000000E+00
  3.500000E+03,   3.750000E+03,   3.625000E+03,   3.435001E+07,   0.000000E+00
  3.750000E+03,   4.000000E+03,   3.875000E+03,   1.614937E+07,   0.000000E+00
  4.000000E+03,   4.250000E+03,   4.125000E+03,   7.222168E+06,   0.000000E+00
  4.250000E+03,   4.500000E+03,   4.375000E+03,   2.935112E+06,   0.000000E+00
  4.500000E+03,   4.750000E+03,   4.625000E+03,   1.145153E+06,   0.000000E+00
  4.750000E+03,   5.000000E+03,   4.875000E+03,   4.015864E+05,   0.000000E+00
  5.000000E+03,   5.500000E+03,   5.250000E+03,   1.299840E+05,   0.000000E+00
  5.500000E+03,   6.000000E+03,   5.750000E+03,   6.029771E+02,   0.000000E+00
  6.000000E+03,   6.500000E+03,   6.250000E+03,   9.960622E+03,   0.000000E+00
  6.500000E+03,   7.000000E+03,   6.750000E+03,   1.002435E+04,   0.000000E+00
  7.000000E+03,   1.000000E+04,   8.500000E+03,   6.019421E+04,   0.000000E+00
  1.000000E+04,   2.000000E+04,   1.500000E+04,   2.006476E+05,   0.000000E+00
  2.000000E+04,   3.000000E+04,   2.500000E+04,   2.006476E+05,   0.000000E+00
  3.000000E+04,   4.000000E+04,   3.500000E+04,   1.390160E+05,   0.000000E+00
  4.000000E+04,   5.000000E+04,   4.500000E+04,   6.535849E+04,   0.000000E+00
  5.000000E+04,   6.000000E+04,   5.500000E+04,   3.428380E+04,   0.000000E+00
  6.000000E+04,   7.000000E+04,   6.500000E+04,   2.110379E+04,   0.000000E+00
  7.000000E+04,   8.000000E+04,   7.500000E+04,   1.405929E+04,   0.000000E+00
  8.000000E+04,   1.000000E+05,   9.000000E+04,   1.833473E+04,   0.000000E+00
  1.000000E+05,   1.500000E+05,   1.250000E+05,   1.920841E+04,   0.000000E+00
  1.500000E+05,   2.000000E+05,   1.750000E+05,   5.295460E+03,   0.000000E+00
  2.000000E+05,   3.000000E+05,   2.500000E+05,   1.761402E+03,   0.000000E+00
  3.000000E+05,   4.000000E+05,   0.000000E+00,  -1.934929E+02,   0.000000E+00
  4.000000E+05,   5.000000E+05,   4.500000E+05,   1.291404E+02,   0.000000E+00
  5.000000E+05,   8.000000E+05,   6.500000E+05,   1.668728E+01,   0.000000E+00
  8.000000E+05,   1.000000E+06,   0.000000E+00,   0.000000E+00,   0.000000E+00
'End of Block'
'*',    13,     3,     4,     0,     5,     5,    46,    -1
'OMNIDIRECTIONAL FLUENCE ANALYSIS'
'MULASSIS ml-v01-19'
'geant4-09-02-ref-00 (19-December-2008)'
'FLU_BDY', 1, 2, ' '
'FLU_PAR, -1, neutron '
'FLU_AMN', 1, 0., 'deg'
'FLU_AMX', 1, 90., 'deg'
'Elo','keV', 1, ' Lower edge of energy    bin '
'Eup','keV', 1, ' Upper edge of energy    bin '
'Emean','keV', 1, ' Mean energy of bin '
'Value','particles/cm2/bin',1,             'Fluence/flux'
'Error','particles/cm2/bin',1,'Error in   fluence/flux'
  0.000000E+00,   4.000000E+01,   2.000000E+01,   2.592531E+05,   0.000000E+00
  4.000000E+01,   1.000000E+02,   7.000000E+01,   3.888796E+05,   0.000000E+00
  1.000000E+02,   2.000000E+02,   1.500000E+02,   6.481327E+05,   0.000000E+00
  2.000000E+02,   3.000000E+02,   2.500000E+02,   6.481327E+05,   0.000000E+00
  3.000000E+02,   4.000000E+02,   3.500000E+02,   6.481327E+05,   0.000000E+00
  4.000000E+02,   5.000000E+02,   4.500000E+02,   6.481327E+05,   0.000000E+00
  5.000000E+02,   6.000000E+02,   5.500000E+02,   6.481327E+05,   0.000000E+00
  6.000000E+02,   7.000000E+02,   6.500000E+02,   6.481327E+05,   0.000000E+00
  7.000000E+02,   8.000000E+02,   7.500000E+02,   6.481327E+05,   0.000000E+00
  8.000000E+02,   1.000000E+03,   9.000000E+02,   1.287159E+06,   0.000000E+00
  1.000000E+03,   1.250000E+03,   1.125000E+03,   1.595499E+06,   0.000000E+00
  1.250000E+03,   1.500000E+03,   1.375000E+03,   1.546921E+06,   0.000000E+00
  1.500000E+03,   1.750000E+03,   1.625000E+03,   1.506942E+06,   0.000000E+00
  1.750000E+03,   2.000000E+03,   1.875000E+03,   1.441800E+06,   0.000000E+00
  2.000000E+03,   2.250000E+03,   2.125000E+03,   1.376986E+06,   0.000000E+00
  2.250000E+03,   2.500000E+03,   2.375000E+03,   1.318171E+06,   0.000000E+00
  2.500000E+03,   2.750000E+03,   2.625000E+03,   1.247077E+06,   0.000000E+00
  2.750000E+03,   3.000000E+03,   2.875000E+03,   1.176159E+06,   0.000000E+00
  3.000000E+03,   3.250000E+03,   3.125000E+03,   1.130627E+06,   0.000000E+00
  3.250000E+03,   3.500000E+03,   3.375000E+03,   1.078866E+06,   0.000000E+00
  3.500000E+03,   3.750000E+03,   3.625000E+03,   1.023945E+06,   0.000000E+00
  3.750000E+03,   4.000000E+03,   3.875000E+03,   9.661279E+05,   0.000000E+00
  4.000000E+03,   4.250000E+03,   4.125000E+03,   8.987779E+05,   0.000000E+00
  4.250000E+03,   4.500000E+03,   4.375000E+03,   8.952309E+05,   0.000000E+00
  4.500000E+03,   4.750000E+03,   4.625000E+03,   8.235113E+05,   0.000000E+00
  4.750000E+03,   5.000000E+03,   4.875000E+03,   7.831592E+05,   0.000000E+00
  5.000000E+03,   5.500000E+03,   5.250000E+03,   1.444780E+06,   0.000000E+00
  5.500000E+03,   6.000000E+03,   5.750000E+03,   1.317127E+06,   0.000000E+00
  6.000000E+03,   6.500000E+03,   6.250000E+03,   1.199094E+06,   0.000000E+00
  6.500000E+03,   7.000000E+03,   6.750000E+03,   1.109279E+06,   0.000000E+00
  7.000000E+03,   1.000000E+04,   8.500000E+03,   5.021299E+06,   0.000000E+00
  1.000000E+04,   2.000000E+04,   1.500000E+04,   8.262352E+06,   0.000000E+00
  2.000000E+04,   3.000000E+04,   2.500000E+04,   3.991898E+06,   0.000000E+00
  3.000000E+04,   4.000000E+04,   3.500000E+04,   2.390375E+06,   0.000000E+00
  4.000000E+04,   5.000000E+04,   4.500000E+04,   1.496762E+06,   0.000000E+00
  5.000000E+04,   6.000000E+04,   5.500000E+04,   9.944513E+05,   0.000000E+00
  6.000000E+04,   7.000000E+04,   6.500000E+04,   6.811395E+05,   0.000000E+00
  7.000000E+04,   8.000000E+04,   7.500000E+04,   4.809853E+05,   0.000000E+00
  8.000000E+04,   1.000000E+05,   9.000000E+04,   6.209128E+05,   0.000000E+00
  1.000000E+05,   1.500000E+05,   1.250000E+05,   7.459092E+05,   0.000000E+00
  1.500000E+05,   2.000000E+05,   1.750000E+05,   2.764203E+05,   0.000000E+00
  2.000000E+05,   3.000000E+05,   2.500000E+05,   1.218796E+05,   0.000000E+00
  3.000000E+05,   4.000000E+05,   0.000000E+00,  -1.178717E+04,   0.000000E+00
  4.000000E+05,   5.000000E+05,   4.500000E+05,   4.245721E+03,   0.000000E+00
  5.000000E+05,   8.000000E+05,   6.500000E+05,   2.822582E+02,   0.000000E+00
  8.000000E+05,   1.000000E+06,   0.000000E+00,   0.000000E+00,   0.000000E+00
'End of File'
