'*',    13,     3,     4,     0,     5,     5,    46,     2
'OMNIDIRECTIONAL FLUENCE ANALYSIS'
'MULASSIS ml-v01-19'
'geant4-09-02-ref-00 (19-December-2008)'
'FLU_BDY', 1, 2, ' '
'FLU_PAR, -1, proton  '
'FLU_AMN', 1, 0., 'deg'
'FLU_AMX', 1, 90., 'deg'
'Elo','keV', 1, ' Lower edge of energy    bin '
'Eup','keV', 1, ' Upper edge of energy    bin '
'Emean','keV', 1, ' Mean energy of bin '
'Value','particles/cm2/bin',1,             'Fluence/flux'
'Error','particles/cm2/bin',1,'Error in   fluence/flux'
  0.000000E+00,   4.000000E+01,   2.000000E+01,   2.087847E+05,   0.000000E+00
  4.000000E+01,   1.000000E+02,   7.000000E+01,   3.131770E+05,   0.000000E+00
  1.000000E+02,   2.000000E+02,   1.500000E+02,   5.219617E+05,   0.000000E+00
  2.000000E+02,   3.000000E+02,   2.500000E+02,   5.219617E+05,   0.000000E+00
  3.000000E+02,   4.000000E+02,   3.500000E+02,   5.219617E+05,   0.000000E+00
  4.000000E+02,   5.000000E+02,   4.500000E+02,   5.219617E+05,   0.000000E+00
  5.000000E+02,   6.000000E+02,   5.500000E+02,   5.219617E+05,   0.000000E+00
  6.000000E+02,   7.000000E+02,   6.500000E+02,   5.219617E+05,   0.000000E+00
  7.000000E+02,   8.000000E+02,   7.500000E+02,   5.219617E+05,   0.000000E+00
  8.000000E+02,   1.000000E+03,   9.000000E+02,   1.131199E+06,   0.000000E+00
  1.000000E+03,   1.250000E+03,   1.125000E+03,   1.542893E+06,   0.000000E+00
  1.250000E+03,   1.500000E+03,   1.375000E+03,   1.684225E+06,   0.000000E+00
  1.500000E+03,   1.750000E+03,   1.625000E+03,   1.770435E+06,   0.000000E+00
  1.750000E+03,   2.000000E+03,   1.875000E+03,   2.005007E+06,   0.000000E+00
  2.000000E+03,   2.250000E+03,   2.125000E+03,   2.165974E+06,   0.000000E+00
  2.250000E+03,   2.500000E+03,   2.375000E+03,   2.269631E+06,   0.000000E+00
  2.500000E+03,   2.750000E+03,   2.625000E+03,   2.468744E+06,   0.000000E+00
  2.750000E+03,   3.000000E+03,   2.875000E+03,   2.749032E+06,   0.000000E+00
  3.000000E+03,   3.250000E+03,   3.125000E+03,   2.832172E+06,   0.000000E+00
  3.250000E+03,   3.500000E+03,   3.375000E+03,   2.953842E+06,   0.000000E+00
  3.500000E+03,   3.750000E+03,   3.625000E+03,   3.122730E+06,   0.000000E+00
  3.750000E+03,   4.000000E+03,   3.875000E+03,   3.406240E+06,   0.000000E+00
  4.000000E+03,   4.250000E+03,   4.125000E+03,   3.549669E+06,   0.000000E+00
  4.250000E+03,   4.500000E+03,   4.375000E+03,   3.554790E+06,   0.000000E+00
  4.500000E+03,   4.750000E+03,   4.625000E+03,   3.841920E+06,   0.000000E+00
  4.750000E+03,   5.000000E+03,   4.875000E+03,   4.015808E+06,   0.000000E+00
  5.000000E+03,   5.500000E+03,   5.250000E+03,   8.519198E+06,   0.000000E+00
  5.500000E+03,   6.000000E+03,   5.750000E+03,   9.221428E+06,   0.000000E+00
  6.000000E+03,   6.500000E+03,   6.250000E+03,   9.828027E+06,   0.000000E+00
  6.500000E+03,   7.000000E+03,   6.750000E+03,   1.068808E+07,   0.000000E+00
  7.000000E+03,   1.000000E+04,   8.500000E+03,   8.016699E+07,   0.000000E+00
  1.000000E+04,   2.000000E+04,   1.500000E+04,   4.224929E+08,   0.000000E+00
  2.000000E+04,   3.000000E+04,   2.500000E+04,   5.649015E+08,   0.000000E+00
  3.000000E+04,   4.000000E+04,   3.500000E+04,   6.253577E+08,   0.000000E+00
  4.000000E+04,   5.000000E+04,   4.500000E+04,   6.406524E+08,   0.000000E+00
  5.000000E+04,   6.000000E+04,   5.500000E+04,   6.062286E+08,   0.000000E+00
  6.000000E+04,   7.000000E+04,   6.500000E+04,   6.422277E+08,   0.000000E+00
  7.000000E+04,   8.000000E+04,   7.500000E+04,   5.872951E+08,   0.000000E+00
  8.000000E+04,   1.000000E+05,   9.000000E+04,   9.987367E+08,   0.000000E+00
  1.000000E+05,   1.500000E+05,   1.250000E+05,   1.408323E+09,   0.000000E+00
  1.500000E+05,   2.000000E+05,   1.750000E+05,   8.426822E+08,   0.000000E+00
  2.000000E+05,   3.000000E+05,   2.500000E+05,   8.146384E+08,   0.000000E+00
  3.000000E+05,   4.000000E+05,   3.500000E+05,   1.966761E+08,   0.000000E+00
  4.000000E+05,   5.000000E+05,   4.500000E+05,   2.376998E+06,   0.000000E+00
  5.000000E+05,   8.000000E+05,   6.500000E+05,   8.598141E+05,   0.000000E+00
  8.000000E+05,   1.000000E+06,   0.000000E+00,   0.000000E+00,   0.000000E+00
'End of Block'
'*',    13,     3,     4,     0,     5,     5,    46,     1
'OMNIDIRECTIONAL FLUENCE ANALYSIS'
'MULASSIS ml-v01-19'
'geant4-09-02-ref-00 (19-December-2008)'
'FLU_BDY', 1, 2, ' '
'FLU_PAR, -1, e-      '
'FLU_AMN', 1, 0., 'deg'
'FLU_AMX', 1, 90., 'deg'
'Elo','keV', 1, ' Lower edge of energy    bin '
'Eup','keV', 1, ' Upper edge of energy    bin '
'Emean','keV', 1, ' Mean energy of bin '
'Value','particles/cm2/bin',1,             'Fluence/flux'
'Error','particles/cm2/bin',1,'Error in   fluence/flux'
  0.000000E+00,   4.000000E+01,   2.000000E+01,   9.346706E+08,   0.000000E+00
  4.000000E+01,   1.000000E+02,   7.000000E+01,   9.256264E+08,   0.000000E+00
  1.000000E+02,   2.000000E+02,   1.500000E+02,   1.479568E+09,   0.000000E+00
  2.000000E+02,   3.000000E+02,   2.500000E+02,   1.510261E+09,   0.000000E+00
  3.000000E+02,   4.000000E+02,   3.500000E+02,   1.437439E+09,   0.000000E+00
  4.000000E+02,   5.000000E+02,   4.500000E+02,   1.317215E+09,   0.000000E+00
  5.000000E+02,   6.000000E+02,   5.500000E+02,   1.187337E+09,   0.000000E+00
  6.000000E+02,   7.000000E+02,   6.500000E+02,   1.052871E+09,   0.000000E+00
  7.000000E+02,   8.000000E+02,   7.500000E+02,   9.159230E+08,   0.000000E+00
  8.000000E+02,   1.000000E+03,   9.000000E+02,   1.449896E+09,   0.000000E+00
  1.000000E+03,   1.250000E+03,   1.125000E+03,   1.181552E+09,   0.000000E+00
  1.250000E+03,   1.500000E+03,   1.375000E+03,   6.507265E+08,   0.000000E+00
  1.500000E+03,   1.750000E+03,   1.625000E+03,   3.643643E+08,   0.000000E+00
  1.750000E+03,   2.000000E+03,   1.875000E+03,   2.124411E+08,   0.000000E+00
  2.000000E+03,   2.250000E+03,   2.125000E+03,   1.293321E+08,   0.000000E+00
  2.250000E+03,   2.500000E+03,   2.375000E+03,   7.803402E+07,   0.000000E+00
  2.500000E+03,   2.750000E+03,   2.625000E+03,   4.589162E+07,   0.000000E+00
  2.750000E+03,   3.000000E+03,   2.875000E+03,   2.558350E+07,   0.000000E+00
  3.000000E+03,   3.250000E+03,   3.125000E+03,   1.370969E+07,   0.000000E+00
  3.250000E+03,   3.500000E+03,   3.375000E+03,   7.215992E+06,   0.000000E+00
  3.500000E+03,   3.750000E+03,   3.625000E+03,   3.528218E+06,   0.000000E+00
  3.750000E+03,   4.000000E+03,   3.875000E+03,   1.628058E+06,   0.000000E+00
  4.000000E+03,   4.250000E+03,   4.125000E+03,   7.019209E+05,   0.000000E+00
  4.250000E+03,   4.500000E+03,   4.375000E+03,   2.419397E+05,   0.000000E+00
  4.500000E+03,   4.750000E+03,   4.625000E+03,   6.294884E+04,   0.000000E+00
  4.750000E+03,   5.000000E+03,   4.875000E+03,   1.443931E+04,   0.000000E+00
  5.000000E+03,   5.500000E+03,   5.250000E+03,   1.891114E+04,   0.000000E+00
  5.500000E+03,   6.000000E+03,   5.750000E+03,   1.803733E+04,   0.000000E+00
  6.000000E+03,   6.500000E+03,   6.250000E+03,   1.802415E+04,   0.000000E+00
  6.500000E+03,   7.000000E+03,   6.750000E+03,   1.802415E+04,   0.000000E+00
  7.000000E+03,   1.000000E+04,   8.500000E+03,   1.081449E+05,   0.000000E+00
  1.000000E+04,   2.000000E+04,   1.500000E+04,   3.604830E+05,   0.000000E+00
  2.000000E+04,   3.000000E+04,   2.500000E+04,   3.604830E+05,   0.000000E+00
  3.000000E+04,   4.000000E+04,   3.500000E+04,   2.887599E+05,   0.000000E+00
  4.000000E+04,   5.000000E+04,   4.500000E+04,   1.943606E+05,   0.000000E+00
  5.000000E+04,   6.000000E+04,   5.500000E+04,   1.422032E+05,   0.000000E+00
  6.000000E+04,   7.000000E+04,   6.500000E+04,   1.118408E+05,   0.000000E+00
  7.000000E+04,   8.000000E+04,   7.500000E+04,   8.969305E+04,   0.000000E+00
  8.000000E+04,   1.000000E+05,   9.000000E+04,   1.403297E+05,   0.000000E+00
  1.000000E+05,   1.500000E+05,   1.250000E+05,   1.897582E+05,   0.000000E+00
  1.500000E+05,   2.000000E+05,   1.750000E+05,   7.082367E+04,   0.000000E+00
  2.000000E+05,   3.000000E+05,   2.500000E+05,   3.487126E+04,   0.000000E+00
  3.000000E+05,   4.000000E+05,   3.500000E+05,   5.549900E+03,   0.000000E+00
  4.000000E+05,   5.000000E+05,   4.500000E+05,   1.291404E+02,   0.000000E+00
  5.000000E+05,   8.000000E+05,   6.500000E+05,   1.668728E+01,   0.000000E+00
  8.000000E+05,   1.000000E+06,   0.000000E+00,   0.000000E+00,   0.000000E+00
'End of Block'
'*',    13,     3,     4,     0,     5,     5,    46,    -1
'OMNIDIRECTIONAL FLUENCE ANALYSIS'
'MULASSIS ml-v01-19'
'geant4-09-02-ref-00 (19-December-2008)'
'FLU_BDY', 1, 2, ' '
'FLU_PAR, -1, neutron '
'FLU_AMN', 1, 0., 'deg'
'FLU_AMX', 1, 90., 'deg'
'Elo','keV', 1, ' Lower edge of energy    bin '
'Eup','keV', 1, ' Upper edge of energy    bin '
'Emean','keV', 1, ' Mean energy of bin '
'Value','particles/cm2/bin',1,             'Fluence/flux'
'Error','particles/cm2/bin',1,'Error in   fluence/flux'
  0.000000E+00,   4.000000E+01,   2.000000E+01,   6.774084E+05,   0.000000E+00
  4.000000E+01,   1.000000E+02,   7.000000E+01,   1.016113E+06,   0.000000E+00
  1.000000E+02,   2.000000E+02,   1.500000E+02,   1.693521E+06,   0.000000E+00
  2.000000E+02,   3.000000E+02,   2.500000E+02,   1.693521E+06,   0.000000E+00
  3.000000E+02,   4.000000E+02,   3.500000E+02,   1.693521E+06,   0.000000E+00
  4.000000E+02,   5.000000E+02,   4.500000E+02,   1.693521E+06,   0.000000E+00
  5.000000E+02,   6.000000E+02,   5.500000E+02,   1.693521E+06,   0.000000E+00
  6.000000E+02,   7.000000E+02,   6.500000E+02,   1.693521E+06,   0.000000E+00
  7.000000E+02,   8.000000E+02,   7.500000E+02,   1.693521E+06,   0.000000E+00
  8.000000E+02,   1.000000E+03,   9.000000E+02,   3.376657E+06,   0.000000E+00
  1.000000E+03,   1.250000E+03,   1.125000E+03,   4.205483E+06,   0.000000E+00
  1.250000E+03,   1.500000E+03,   1.375000E+03,   4.147640E+06,   0.000000E+00
  1.500000E+03,   1.750000E+03,   1.625000E+03,   4.097429E+06,   0.000000E+00
  1.750000E+03,   2.000000E+03,   1.875000E+03,   4.015904E+06,   0.000000E+00
  2.000000E+03,   2.250000E+03,   2.125000E+03,   3.927241E+06,   0.000000E+00
  2.250000E+03,   2.500000E+03,   2.375000E+03,   3.838494E+06,   0.000000E+00
  2.500000E+03,   2.750000E+03,   2.625000E+03,   3.734515E+06,   0.000000E+00
  2.750000E+03,   3.000000E+03,   2.875000E+03,   3.616405E+06,   0.000000E+00
  3.000000E+03,   3.250000E+03,   3.125000E+03,   3.523967E+06,   0.000000E+00
  3.250000E+03,   3.500000E+03,   3.375000E+03,   3.443496E+06,   0.000000E+00
  3.500000E+03,   3.750000E+03,   3.625000E+03,   3.309216E+06,   0.000000E+00
  3.750000E+03,   4.000000E+03,   3.875000E+03,   3.224802E+06,   0.000000E+00
  4.000000E+03,   4.250000E+03,   4.125000E+03,   3.062279E+06,   0.000000E+00
  4.250000E+03,   4.500000E+03,   4.375000E+03,   3.048762E+06,   0.000000E+00
  4.500000E+03,   4.750000E+03,   4.625000E+03,   2.865920E+06,   0.000000E+00
  4.750000E+03,   5.000000E+03,   4.875000E+03,   2.810436E+06,   0.000000E+00
  5.000000E+03,   5.500000E+03,   5.250000E+03,   5.278644E+06,   0.000000E+00
  5.500000E+03,   6.000000E+03,   5.750000E+03,   4.937741E+06,   0.000000E+00
  6.000000E+03,   6.500000E+03,   6.250000E+03,   4.603550E+06,   0.000000E+00
  6.500000E+03,   7.000000E+03,   6.750000E+03,   4.339207E+06,   0.000000E+00
  7.000000E+03,   1.000000E+04,   8.500000E+03,   2.069877E+07,   0.000000E+00
  1.000000E+04,   2.000000E+04,   1.500000E+04,   3.672649E+07,   0.000000E+00
  2.000000E+04,   3.000000E+04,   2.500000E+04,   1.901001E+07,   0.000000E+00
  3.000000E+04,   4.000000E+04,   3.500000E+04,   1.280009E+07,   0.000000E+00
  4.000000E+04,   5.000000E+04,   4.500000E+04,   9.227164E+06,   0.000000E+00
  5.000000E+04,   6.000000E+04,   5.500000E+04,   6.955165E+06,   0.000000E+00
  6.000000E+04,   7.000000E+04,   6.500000E+04,   5.375188E+06,   0.000000E+00
  7.000000E+04,   8.000000E+04,   7.500000E+04,   4.246934E+06,   0.000000E+00
  8.000000E+04,   1.000000E+05,   9.000000E+04,   6.221572E+06,   0.000000E+00
  1.000000E+05,   1.500000E+05,   1.250000E+05,   8.826044E+06,   0.000000E+00
  1.500000E+05,   2.000000E+05,   1.750000E+05,   4.076267E+06,   0.000000E+00
  2.000000E+05,   3.000000E+05,   2.500000E+05,   2.293270E+06,   0.000000E+00
  3.000000E+05,   4.000000E+05,   3.500000E+05,   2.336562E+05,   0.000000E+00
  4.000000E+05,   5.000000E+05,   4.500000E+05,   4.245721E+03,   0.000000E+00
  5.000000E+05,   8.000000E+05,   6.500000E+05,   2.822582E+02,   0.000000E+00
  8.000000E+05,   1.000000E+06,   0.000000E+00,   0.000000E+00,   0.000000E+00
'End of File'
