Energy
(MeV)	NIEL
(MeV cm2 g-1)	NIEL Dose*
(MeV g-1)	NIEL Dose*
(Gy)
1.0000e-05	0.0000e+00	0.0000e+00	0.0000e+00
1.5000e-05	0.0000e+00	0.0000e+00	0.0000e+00
2.0000e-05	0.0000e+00	0.0000e+00	0.0000e+00
2.5000e-05	0.0000e+00	0.0000e+00	0.0000e+00
3.0000e-05	0.0000e+00	0.0000e+00	0.0000e+00
3.5000e-05	0.0000e+00	0.0000e+00	0.0000e+00
4.0000e-05	0.0000e+00	0.0000e+00	0.0000e+00
4.5000e-05	1.5368e+00	1.5368e+00	2.4628e-10
5.0000e-05	4.0628e+00	4.0628e+00	6.5109e-10
5.5000e-05	6.6092e+00	6.6092e+00	1.0592e-09
6.0000e-05	8.9753e+00	8.9753e+00	1.4383e-09
6.5000e-05	1.1187e+01	1.1187e+01	1.7928e-09
7.0000e-05	1.3265e+01	1.3265e+01	2.1258e-09
7.5000e-05	1.5226e+01	1.5226e+01	2.4401e-09
8.0000e-05	1.7084e+01	1.7084e+01	2.7378e-09
8.5000e-05	1.8849e+01	1.8849e+01	3.0206e-09
9.0000e-05	2.0531e+01	2.0531e+01	3.2902e-09
9.5000e-05	2.2138e+01	2.2138e+01	3.5478e-09
1.0000e-04	2.3677e+01	2.3677e+01	3.7944e-09
1.5000e-04	3.6319e+01	3.6319e+01	5.8203e-09
2.0000e-04	4.5765e+01	4.5765e+01	7.3341e-09
2.5000e-04	5.3325e+01	5.3325e+01	8.5457e-09
3.0000e-04	5.9625e+01	5.9625e+01	9.5553e-09
3.5000e-04	6.5019e+01	6.5019e+01	1.0420e-08
4.0000e-04	6.9726e+01	6.9726e+01	1.1174e-08
4.5000e-04	7.3894e+01	7.3894e+01	1.1842e-08
5.0000e-04	7.7628e+01	7.7628e+01	1.2440e-08
5.5000e-04	8.1004e+01	8.1004e+01	1.2981e-08
6.0000e-04	8.4079e+01	8.4079e+01	1.3474e-08
6.5000e-04	8.6897e+01	8.6897e+01	1.3926e-08
7.0000e-04	8.9495e+01	8.9495e+01	1.4342e-08
7.5000e-04	9.1901e+01	9.1901e+01	1.4728e-08
8.0000e-04	9.4138e+01	9.4138e+01	1.5086e-08
8.5000e-04	9.6225e+01	9.6225e+01	1.5421e-08
9.0000e-04	9.8179e+01	9.8179e+01	1.5734e-08
9.5000e-04	1.0001e+02	1.0001e+02	1.6028e-08
1.0000e-03	1.0174e+02	1.0174e+02	1.6304e-08
1.5000e-03	1.1477e+02	1.1477e+02	1.8392e-08
2.0000e-03	1.2311e+02	1.2311e+02	1.9729e-08
2.5000e-03	1.2889e+02	1.2889e+02	2.0655e-08
3.0000e-03	1.3306e+02	1.3306e+02	2.1324e-08
3.5000e-03	1.3616e+02	1.3616e+02	2.1821e-08
4.0000e-03	1.3850e+02	1.3850e+02	2.2195e-08
4.5000e-03	1.4026e+02	1.4026e+02	2.2478e-08
5.0000e-03	1.4159e+02	1.4159e+02	2.2691e-08
5.5000e-03	1.4258e+02	1.4258e+02	2.2850e-08
6.0000e-03	1.4330e+02	1.4330e+02	2.2965e-08
6.5000e-03	1.4381e+02	1.4381e+02	2.3047e-08
7.0000e-03	1.4414e+02	1.4414e+02	2.3099e-08
7.5000e-03	1.4432e+02	1.4432e+02	2.3129e-08
8.0000e-03	1.4438e+02	1.4438e+02	2.3139e-08
8.5000e-03	1.4434e+02	1.4434e+02	2.3132e-08
9.0000e-03	1.4422e+02	1.4422e+02	2.3112e-08
9.5000e-03	1.4402e+02	1.4402e+02	2.3080e-08
1.0000e-02	1.4376e+02	1.4376e+02	2.3039e-08
1.5000e-02	1.3925e+02	1.3925e+02	2.2315e-08
2.0000e-02	1.3346e+02	1.3346e+02	2.1388e-08
2.5000e-02	1.2763e+02	1.2763e+02	2.0454e-08
3.0000e-02	1.2212e+02	1.2212e+02	1.9570e-08
3.5000e-02	1.1701e+02	1.1701e+02	1.8751e-08
4.0000e-02	1.1196e+02	1.1196e+02	1.7943e-08
4.5000e-02	1.0695e+02	1.0695e+02	1.7139e-08
5.0000e-02	1.0249e+02	1.0249e+02	1.6425e-08
5.5000e-02	9.8621e+01	9.8621e+01	1.5805e-08
6.0000e-02	9.5214e+01	9.5214e+01	1.5259e-08
6.5000e-02	9.2185e+01	9.2185e+01	1.4773e-08
7.0000e-02	8.9466e+01	8.9466e+01	1.4337e-08
7.5000e-02	8.7006e+01	8.7006e+01	1.3943e-08
8.0000e-02	8.4767e+01	8.4767e+01	1.3585e-08
8.5000e-02	8.2716e+01	8.2716e+01	1.3256e-08
9.0000e-02	8.0828e+01	8.0828e+01	1.2953e-08
9.5000e-02	7.9082e+01	7.9082e+01	1.2673e-08
1.0000e-01	7.7460e+01	7.7460e+01	1.2413e-08
1.5000e-01	6.4710e+01	6.4710e+01	1.0370e-08
2.0000e-01	5.5509e+01	5.5509e+01	8.8957e-09
2.5000e-01	4.8725e+01	4.8725e+01	7.8084e-09
3.0000e-01	4.3529e+01	4.3529e+01	6.9759e-09
3.5000e-01	3.9420e+01	3.9420e+01	6.3172e-09
4.0000e-01	3.6081e+01	3.6081e+01	5.7823e-09
4.5000e-01	3.3311e+01	3.3311e+01	5.3383e-09
5.0000e-01	3.0971e+01	3.0971e+01	4.9634e-09
5.5000e-01	2.8966e+01	2.8966e+01	4.6421e-09
6.0000e-01	2.7227e+01	2.7227e+01	4.3633e-09
6.5000e-01	2.5702e+01	2.5702e+01	4.1189e-09
7.0000e-01	2.4353e+01	2.4353e+01	3.9027e-09
7.5000e-01	2.3150e+01	2.3150e+01	3.7099e-09
8.0000e-01	2.2070e+01	2.2070e+01	3.5368e-09
8.5000e-01	2.1094e+01	2.1094e+01	3.3804e-09
9.0000e-01	2.0207e+01	2.0207e+01	3.2384e-09
9.5000e-01	1.9398e+01	1.9398e+01	3.1087e-09
1.0000e+00	1.8656e+01	1.8656e+01	2.9898e-09
1.5000e+00	1.3606e+01	1.3606e+01	2.1804e-09
2.0000e+00	1.0793e+01	1.0793e+01	1.7297e-09
2.5000e+00	8.9820e+00	8.9820e+00	1.4394e-09
3.0000e+00	7.7100e+00	7.7100e+00	1.2356e-09
3.5000e+00	6.7641e+00	6.7641e+00	1.0840e-09
4.0000e+00	6.0312e+00	6.0312e+00	9.6653e-10
4.5000e+00	5.4456e+00	5.4456e+00	8.7268e-10
5.0000e+00	4.9662e+00	4.9662e+00	7.9587e-10
5.5000e+00	4.5663e+00	4.5663e+00	7.3177e-10
6.0000e+00	4.2272e+00	4.2272e+00	6.7744e-10
6.5000e+00	3.9360e+00	3.9360e+00	6.3076e-10
7.0000e+00	3.6829e+00	3.6829e+00	5.9021e-10
7.5000e+00	3.4610e+00	3.4610e+00	5.5465e-10
8.0000e+00	3.2647e+00	3.2647e+00	5.2319e-10
8.5000e+00	3.0898e+00	3.0898e+00	4.9516e-10
9.0000e+00	2.9329e+00	2.9329e+00	4.7002e-10
9.5000e+00	2.7914e+00	2.7914e+00	4.4735e-10
1.0000e+01	2.6631e+00	2.6631e+00	4.2678e-10
1.5000e+01	1.8274e+00	1.8274e+00	2.9286e-10
2.0000e+01	1.3929e+00	1.3929e+00	2.2321e-10
2.5000e+01	1.1260e+00	1.1260e+00	1.8045e-10
3.0000e+01	9.4535e-01	9.4535e-01	1.5150e-10
3.5000e+01	8.1487e-01	8.1487e-01	1.3059e-10
4.0000e+01	7.1620e-01	7.1620e-01	1.1478e-10
4.5000e+01	6.3896e-01	6.3896e-01	1.0240e-10
5.0000e+01	5.7685e-01	5.7685e-01	9.2444e-11
5.5000e+01	5.2581e-01	5.2581e-01	8.4265e-11
6.0000e+01	4.8313e-01	4.8313e-01	7.7425e-11
6.5000e+01	4.4691e-01	4.4691e-01	7.1620e-11
7.0000e+01	4.1578e-01	4.1578e-01	6.6631e-11
7.5000e+01	3.8874e-01	3.8874e-01	6.2298e-11
8.0000e+01	3.6503e-01	3.6503e-01	5.8498e-11
8.5000e+01	3.4408e-01	3.4408e-01	5.5140e-11
9.0000e+01	3.2542e-01	3.2542e-01	5.2151e-11
9.5000e+01	3.0871e-01	3.0871e-01	4.9472e-11
1.0000e+02	2.9365e-01	2.9365e-01	4.7059e-11
1.5000e+02	1.9784e-01	1.9784e-01	3.1704e-11
2.0000e+02	1.4965e-01	1.4965e-01	2.3983e-11
2.5000e+02	1.2066e-01	1.2066e-01	1.9336e-11
3.0000e+02	1.0129e-01	1.0129e-01	1.6232e-11
3.5000e+02	8.7432e-02	8.7432e-02	1.4012e-11
4.0000e+02	7.7032e-02	7.7032e-02	1.2345e-11
4.5000e+02	6.8937e-02	6.8937e-02	1.1048e-11
5.0000e+02	6.2458e-02	6.2458e-02	1.0009e-11
5.5000e+02	5.7155e-02	5.7155e-02	9.1595e-12
6.0000e+02	5.2735e-02	5.2735e-02	8.4511e-12
6.5000e+02	4.8993e-02	4.8993e-02	7.8515e-12
7.0000e+02	4.5786e-02	4.5786e-02	7.3375e-12
7.5000e+02	4.3006e-02	4.3006e-02	6.8920e-12
8.0000e+02	4.0573e-02	4.0573e-02	6.5021e-12
8.5000e+02	3.8426e-02	3.8426e-02	6.1581e-12
9.0000e+02	3.6518e-02	3.6518e-02	5.8523e-12
9.5000e+02	3.4811e-02	3.4811e-02	5.5787e-12
1.0000e+03	3.3274e-02	3.3274e-02	5.3324e-12
5.0000e+03	1.0037e-02	1.0037e-02	1.6085e-12
1.0000e+04	7.2720e-03	7.2720e-03	1.1654e-12
5.0000e+04	5.4278e-03	5.4278e-03	8.6983e-13
1.0000e+05	5.3002e-03	5.3002e-03	8.4939e-13
* The mediun has to to be thick enough to fully absorb the kinetic energy of recoil nuclei.