'*',    54,     1,    25,    22,     5,     5,    75,     1
'SPENVIS 4.6.10.3408          -  5-Apr-2020 03:06:09'
'PRJ_DEF', -1,'TESTING'
'PRJ_HDR', -1,'test1'
'MOD_ABB', -1,'SEP'
'MIS_PLA',  1,    3,' '
'MIS_NTR',  1,    1,' '
'MIS_STA',  1,  25567.00000000,' '
'MIS_END',  1,  29217.00000000,' '
'MIS_DUR',  1, 3.650000E+03,'days'
'SEP_IEL',  1,  1,' '
'SEP_JEL',  1,  9,' '
'SEP_MOD', -1,'ESP-PSYCHIC total fluence'
'SEP_TMI',  1,  7.0,'years'
'SEP_TMA',  1,  3.0,'years'
'SEP_DUR',  1, 10.0,'years'
'SEP_NCY',  1,  2,' '
'SEP_NOR',  1,  0,' '
'SEP_NAL',  1,  0,' '
'SEP_PRB',  1,  50.0,'%'
'SEP_OMN',  1, 1, ' '
'SEP_ABS', -1,'Energy'
'SEP_IGC',  1,  1,' '
'SEP_IGV',  1,  1,' '
'SEP_IST',  1,  0,' '
'PLT_HDR', -1,'ESP-PSYCHIC total fluence: solar protons'
'SPECIES', -1,'proton'
'PS Annotation',  8,  1
'Mission start: 01/01/2020 00:00:00'
 0.05, 0.00, 0.00
'Mission end: 29/12/2029 00:00:00'
 0.95, 0.00, 1.00
'Nr. of segments:   1'
 0.05, 1.50, 0.00
'Duration: 3650.00 days'
 0.95, 0.00, 1.00
'PS Annotation', 12,  0
'Solar particle model: ESP-PSYCHIC total fluence'
 0.05, 2.00, 0.00
'Mission duration: 10.00 years, spanning 2 solar cycles'
 0.10, 1.50, 0.00
'7.00 years in solar maximum'
 0.15, 1.50, 0.00
'3.00 years in solar minimum'
 0.15, 1.50, 0.00
'Confidence level: 50.000%'
 0.10, 1.50, 0.00
'Magnetic shielding:    quiet magnetosphere'
 0.10, 1.50, 0.00
'Energy','MeV', 1,'Energy'
'IFlux','cm!u-2!n', 1,'Integral Fluence'
'DFlux','cm!u-2!n MeV!u-1!n', 1,'Differential Fluence'
'Attenuation',' ', 1,'Orbit Averaged Proton Attenuation Factor'
'Exposure','hrs', 1,'Proton Exposure Time'
  1.0000E-01,  6.0290E+12,  5.8702E+13, 0.9943, 8.7600E+04
  1.1000E-01,  5.4872E+12,  4.9640E+13, 0.9943, 8.7600E+04
  1.2000E-01,  5.0297E+12,  4.1875E+13, 0.9943, 8.7600E+04
  1.4000E-01,  4.3013E+12,  3.0966E+13, 0.9943, 8.7600E+04
  1.6000E-01,  3.7559E+12,  2.3566E+13, 0.9943, 8.7600E+04
  1.8000E-01,  3.3349E+12,  1.8540E+13, 0.9943, 8.7600E+04
  2.0000E-01,  2.9998E+12,  1.4969E+13, 0.9943, 8.7600E+04
  2.2000E-01,  2.7263E+12,  1.2384E+13, 0.9943, 8.7600E+04
  2.5000E-01,  2.3964E+12,  9.6052E+12, 0.9943, 8.7600E+04
  2.8000E-01,  2.1375E+12,  7.6530E+12, 0.9943, 8.7600E+04
  3.2000E-01,  1.8677E+12,  5.8369E+12, 0.9943, 8.7600E+04
  3.5000E-01,  1.7071E+12,  4.8730E+12, 0.9943, 8.7600E+04
  4.0000E-01,  1.4917E+12,  3.7422E+12, 0.9943, 8.7600E+04
  4.5000E-01,  1.3246E+12,  2.9440E+12, 0.9943, 8.7600E+04
  5.0000E-01,  1.1915E+12,  2.3769E+12, 0.9943, 8.7600E+04
  5.5000E-01,  1.0829E+12,  1.9679E+12, 0.9943, 8.7600E+04
  6.3000E-01,  9.4406E+11,  1.5037E+12, 0.9943, 8.7600E+04
  7.1000E-01,  8.3670E+11,  1.1803E+12, 0.9943, 8.7600E+04
  8.0000E-01,  7.4180E+11,  9.2856E+11, 0.9943, 8.7600E+04
  9.0000E-01,  6.5878E+11,  7.3181E+11, 0.9943, 8.7600E+04
  1.0000E+00,  5.9265E+11,  5.9084E+11, 0.9943, 8.7600E+04
  1.1000E+00,  5.3876E+11,  4.8705E+11, 0.9943, 8.7600E+04
  1.2000E+00,  4.9386E+11,  4.1086E+11, 0.9943, 8.7600E+04
  1.4000E+00,  4.2239E+11,  3.0383E+11, 0.9943, 8.7600E+04
  1.6000E+00,  3.6889E+11,  2.3122E+11, 0.9943, 8.7600E+04
  1.8000E+00,  3.2757E+11,  1.8191E+11, 0.9943, 8.7600E+04
  2.0000E+00,  2.9469E+11,  1.4687E+11, 0.9943, 8.7600E+04
  2.2000E+00,  2.6786E+11,  1.2151E+11, 0.9943, 8.7600E+04
  2.5000E+00,  2.3549E+11,  9.4243E+10, 0.9943, 8.7600E+04
  2.8000E+00,  2.0974E+11,  7.7456E+10, 0.9943, 8.7600E+04
  3.2000E+00,  1.8134E+11,  6.4533E+10, 0.9943, 8.7600E+04
  3.5000E+00,  1.6336E+11,  5.5356E+10, 0.9943, 8.7600E+04
  4.0000E+00,  1.3915E+11,  4.1465E+10, 0.9943, 8.7600E+04
  4.5000E+00,  1.2082E+11,  3.1875E+10, 0.9943, 8.7600E+04
  5.0000E+00,  1.0624E+11,  2.6437E+10, 0.9943, 8.7600E+04
  5.5000E+00,  9.3974E+10,  2.2626E+10, 0.9943, 8.7600E+04
  6.3000E+00,  7.8276E+10,  1.6619E+10, 0.9943, 8.7600E+04
  7.1000E+00,  6.6438E+10,  1.2976E+10, 0.9943, 8.7600E+04
  8.0000E+00,  5.6023E+10,  1.0168E+10, 0.9943, 8.7600E+04
  9.0000E+00,  4.7145E+10,  7.5878E+09, 0.9943, 8.7600E+04
  1.0000E+01,  4.0310E+10,  6.0820E+09, 0.9943, 8.7600E+04
  1.1000E+01,  3.4761E+10,  5.0172E+09, 0.9943, 8.7600E+04
  1.2000E+01,  3.0241E+10,  4.0219E+09, 0.9943, 8.7600E+04
  1.4000E+01,  2.3457E+10,  2.7623E+09, 0.9943, 8.7600E+04
  1.6000E+01,  1.8692E+10,  2.0023E+09, 0.9943, 8.7600E+04
  1.8000E+01,  1.5211E+10,  1.4785E+09, 0.9943, 8.7600E+04
  2.0000E+01,  1.2607E+10,  1.1258E+09, 0.9943, 8.7600E+04
  2.2000E+01,  1.0591E+10,  8.9046E+08, 0.9943, 8.7600E+04
  2.5000E+01,  8.3088E+09,  6.3075E+08, 0.9943, 8.7600E+04
  2.8000E+01,  6.6610E+09,  4.6780E+08, 0.9943, 8.7600E+04
  3.2000E+01,  5.0887E+09,  3.1838E+08, 0.9943, 8.7600E+04
  3.5000E+01,  4.2416E+09,  2.4634E+08, 0.9943, 8.7600E+04
  4.0000E+01,  3.2021E+09,  1.6945E+08, 0.9943, 8.7600E+04
  4.5000E+01,  2.4809E+09,  1.1903E+08, 0.9943, 8.7600E+04
  5.0000E+01,  1.9677E+09,  8.6228E+07, 0.9943, 8.7600E+04
  5.5000E+01,  1.5899E+09,  6.4909E+07, 0.9943, 8.7600E+04
  6.3000E+01,  1.1591E+09,  4.2794E+07, 0.9943, 8.7600E+04
  7.1000E+01,  8.7174E+08,  2.9045E+07, 0.9943, 8.7600E+04
  8.0000E+01,  6.5202E+08,  1.9784E+07, 0.9943, 8.7600E+04
  9.0000E+01,  4.8618E+08,  1.3383E+07, 0.9943, 8.7600E+04
  1.0000E+02,  3.7472E+08,  8.9094E+06, 0.9943, 8.7600E+04
  1.1000E+02,  3.0011E+08,  6.0142E+06, 0.9943, 8.7600E+04
  1.2000E+02,  2.4699E+08,  4.6098E+06, 0.9943, 8.7600E+04
  1.4000E+02,  1.7169E+08,  2.9195E+06, 0.9943, 8.7600E+04
  1.6000E+02,  1.2374E+08,  1.8754E+06, 0.9943, 8.7600E+04
  1.8000E+02,  9.2395E+07,  1.2595E+06, 0.9943, 8.7600E+04
  2.0000E+02,  7.0973E+07,  8.8272E+05, 0.9943, 8.7600E+04
  2.2000E+02,  5.5703E+07,  6.4425E+05, 0.9943, 8.7600E+04
  2.5000E+02,  3.9723E+07,  4.2108E+05, 0.9943, 8.7600E+04
  2.8000E+02,  2.9113E+07,  2.8626E+05, 0.9943, 8.7600E+04
  3.2000E+02,  1.9939E+07,  1.7243E+05, 0.9943, 8.7600E+04
  3.5000E+02,  1.5512E+07,  1.2269E+05, 0.9943, 8.7600E+04
  4.0000E+02,  1.0566E+07,  7.5185E+04, 0.9943, 8.7600E+04
  4.5000E+02,  7.4915E+06,  4.7777E+04, 0.9943, 8.7600E+04
  5.0000E+02,  5.5980E+06,  2.7961E+04, 0.9943, 8.7600E+04
'End of Block'
'*',    52,     1,    25,    22,     3,    19,    75,     0
'SPENVIS 4.6.10.3408          -  5-Apr-2020 03:06:09'
'PRJ_DEF', -1,'TESTING'
'PRJ_HDR', -1,'test1'
'MOD_ABB', -1,'SEP'
'MIS_PLA',  1,    3,' '
'MIS_NTR',  1,    1,' '
'MIS_STA',  1,  25567.00000000,' '
'MIS_END',  1,  29217.00000000,' '
'MIS_DUR',  1, 3.650000E+03,'days'
'SEP_IEL',  1,  1,' '
'SEP_JEL',  1,  9,' '
'SEP_MOD', -1,'ESP-PSYCHIC total fluence'
'SEP_TMI',  1,  7.0,'years'
'SEP_TMA',  1,  3.0,'years'
'SEP_DUR',  1, 10.0,'years'
'SEP_NCY',  1,  2,' '
'SEP_NOR',  1,  0,' '
'SEP_NAL',  1,  0,' '
'SEP_PRB',  1,  50.0,'%'
'SEP_OMN',  1, 1, ' '
'SEP_ABS', -1,'Energy'
'SEP_IGC',  1,  1,' '
'SEP_IGV',  1,  1,' '
'SEP_IST',  1,  0,' '
'PLT_HDR', -1,'ESP-PSYCHIC total fluence: solar ions'
'SPECIES', -9,'H ','He','Li','Be','B ','C ','N ','O ','F '
'PS Annotation',  8,  1
'Mission start: 01/01/2020 00:00:00'
 0.05, 0.00, 0.00
'Mission end: 29/12/2029 00:00:00'
 0.95, 0.00, 1.00
'Nr. of segments:   1'
 0.05, 1.50, 0.00
'Duration: 3650.00 days'
 0.95, 0.00, 1.00
'PS Annotation', 12,  0
'Solar particle model: ESP-PSYCHIC total fluence'
 0.05, 2.00, 0.00
'Mission duration: 10.00 years, spanning 2 solar cycles'
 0.10, 1.50, 0.00
'7.00 years in solar maximum'
 0.15, 1.50, 0.00
'3.00 years in solar minimum'
 0.15, 1.50, 0.00
'Confidence level: 50.000%'
 0.10, 1.50, 0.00
'Magnetic shielding:    quiet magnetosphere'
 0.10, 1.50, 0.00
'Energy','MeV/n', 1,'Energy'
'IFlux','cm!u-2!n',  9,'Integral Fluence of ','SPECIES'
'DFlux','cm!u-2!n (MeV/n)!u-1!n',  9,'Differential Fluence of ','SPECIES'
  1.0000E-01,  6.0290E+12,  1.3229E+11,  5.8683E+01,  7.4691E+01,  1.8600E+03,  6.3329E+08,  2.3486E+08,  2.3069E+09,  9.8049E+04,  5.8702E+13,  4.9577E+11,  2.1991E+02,  2.7978E+02,  6.0582E+03,  2.0631E+09,  7.7151E+08,  7.6924E+09,  3.3667E+05
  1.1000E-01,  5.4872E+12,  1.2740E+11,  5.6515E+01,  7.1933E+01,  1.8002E+03,  6.1294E+08,  2.2725E+08,  2.2311E+09,  9.4729E+04,  4.9640E+13,  4.8174E+11,  2.1368E+02,  2.7186E+02,  5.8925E+03,  2.0067E+09,  7.5039E+08,  7.4815E+09,  3.2736E+05
  1.2000E-01,  5.0297E+12,  1.2266E+11,  5.4409E+01,  6.9254E+01,  1.7421E+03,  5.9316E+08,  2.1985E+08,  2.1573E+09,  9.1502E+04,  4.1875E+13,  4.6771E+11,  2.0746E+02,  2.6394E+02,  5.7268E+03,  1.9503E+09,  7.2926E+08,  7.2707E+09,  3.1806E+05
  1.4000E-01,  4.3013E+12,  1.1358E+11,  5.0384E+01,  6.4133E+01,  1.6309E+03,  5.5528E+08,  2.0569E+08,  2.0161E+09,  8.5327E+04,  3.0966E+13,  4.3965E+11,  1.9501E+02,  2.4811E+02,  5.3954E+03,  1.8374E+09,  6.8700E+08,  6.8490E+09,  2.9944E+05
  1.6000E-01,  3.7559E+12,  1.0507E+11,  4.6608E+01,  5.9330E+01,  1.5263E+03,  5.1966E+08,  1.9237E+08,  1.8834E+09,  7.9524E+04,  2.3566E+13,  4.1158E+11,  1.8256E+02,  2.3228E+02,  5.0640E+03,  1.7246E+09,  6.4474E+08,  6.4274E+09,  2.8082E+05
  1.8000E-01,  3.3349E+12,  9.7120E+10,  4.3082E+01,  5.4842E+01,  1.4283E+03,  4.8630E+08,  1.7990E+08,  1.7590E+09,  7.4094E+04,  1.8540E+13,  3.8352E+11,  1.7012E+02,  2.1644E+02,  4.7326E+03,  1.6118E+09,  6.0249E+08,  6.0057E+09,  2.6220E+05
  2.0000E-01,  2.9998E+12,  8.9730E+10,  3.9804E+01,  5.0672E+01,  1.3370E+03,  4.5519E+08,  1.6827E+08,  1.6431E+09,  6.9036E+04,  1.4969E+13,  3.5546E+11,  1.5767E+02,  2.0061E+02,  4.4013E+03,  1.4989E+09,  5.6023E+08,  5.5841E+09,  2.4359E+05
  2.2000E-01,  2.7263E+12,  8.2902E+10,  3.6775E+01,  4.6818E+01,  1.2523E+03,  4.2634E+08,  1.5749E+08,  1.5357E+09,  6.4351E+04,  1.2384E+13,  3.2740E+11,  1.4522E+02,  1.8478E+02,  4.0699E+03,  1.3861E+09,  5.1797E+08,  5.1624E+09,  2.2497E+05
  2.5000E-01,  2.3964E+12,  7.3711E+10,  3.2698E+01,  4.1631E+01,  1.1376E+03,  3.8730E+08,  1.4290E+08,  1.3903E+09,  5.8020E+04,  9.6052E+12,  2.8530E+11,  1.2655E+02,  1.6103E+02,  3.5728E+03,  1.2169E+09,  4.5459E+08,  4.5299E+09,  1.9704E+05
  2.8000E-01,  2.1375E+12,  6.5783E+10,  2.9182E+01,  3.7156E+01,  1.0379E+03,  3.5333E+08,  1.3021E+08,  1.2639E+09,  5.2528E+04,  7.6530E+12,  2.4321E+11,  1.0788E+02,  1.3728E+02,  3.0757E+03,  1.0476E+09,  3.9120E+08,  3.8974E+09,  1.6912E+05
  3.2000E-01,  1.8677E+12,  5.7177E+10,  2.5365E+01,  3.2298E+01,  9.2814E+02,  3.1594E+08,  1.1625E+08,  1.1248E+09,  4.6508E+04,  5.8369E+12,  1.8709E+11,  8.2982E+01,  1.0562E+02,  2.4129E+03,  8.2196E+08,  3.0669E+08,  3.0541E+09,  1.3188E+05
  3.5000E-01,  1.7071E+12,  5.2196E+10,  2.3155E+01,  2.9486E+01,  8.6321E+02,  2.9382E+08,  1.0800E+08,  1.0427E+09,  4.2970E+04,  4.8730E+12,  1.4499E+11,  6.4310E+01,  8.1866E+01,  1.9158E+03,  6.5271E+08,  2.4330E+08,  2.4216E+09,  1.0396E+05
  4.0000E-01,  1.4917E+12,  4.6323E+10,  2.0551E+01,  2.6169E+01,  7.8378E+02,  2.6675E+08,  9.7924E+07,  9.4244E+08,  3.8690E+04,  3.7422E+12,  8.9929E+10,  3.9884E+01,  5.0797E+01,  1.2613E+03,  4.2989E+08,  1.5987E+08,  1.5890E+09,  6.7257E+04
  4.5000E-01,  1.3246E+12,  4.2129E+10,  1.8691E+01,  2.3800E+01,  7.2469E+02,  2.4661E+08,  9.0437E+07,  8.6803E+08,  3.5544E+04,  2.9440E+12,  7.7819E+10,  3.4507E+01,  4.3958E+01,  1.1022E+03,  3.7575E+08,  1.3963E+08,  1.3872E+09,  5.8566E+04
  5.0000E-01,  1.1915E+12,  3.8541E+10,  1.7100E+01,  2.1774E+01,  6.7355E+02,  2.2918E+08,  8.3961E+07,  8.0372E+08,  3.2833E+04,  2.3769E+12,  6.5708E+10,  2.9131E+01,  3.7119E+01,  9.4313E+02,  3.2161E+08,  1.1940E+08,  1.1853E+09,  4.9874E+04
  5.5000E-01,  1.0829E+12,  3.5559E+10,  1.5778E+01,  2.0089E+01,  6.3037E+02,  2.1445E+08,  7.8497E+07,  7.4950E+08,  3.0557E+04,  1.9679E+12,  5.3597E+10,  2.3755E+01,  3.0280E+01,  7.8403E+02,  2.6747E+08,  9.9169E+07,  9.8350E+08,  4.1183E+04
  6.3000E-01,  9.4406E+11,  3.1803E+10,  1.4114E+01,  1.7967E+01,  5.7475E+02,  1.9547E+08,  7.1467E+07,  6.7982E+08,  2.7648E+04,  1.5037E+12,  4.0283E+10,  1.7849E+01,  2.2762E+01,  6.0659E+02,  2.0695E+08,  7.6586E+07,  7.5838E+08,  3.1532E+04
  7.1000E-01,  8.3670E+11,  2.8845E+10,  1.2803E+01,  1.6295E+01,  5.2991E+02,  1.8018E+08,  6.5810E+07,  6.2383E+08,  2.5324E+04,  1.1803E+12,  3.3670E+10,  1.4925E+01,  1.9030E+01,  5.1439E+02,  1.7528E+08,  6.4823E+07,  6.4138E+08,  2.6586E+04
  8.0000E-01,  7.4180E+11,  2.6150E+10,  1.1607E+01,  1.4771E+01,  4.8828E+02,  1.6601E+08,  6.0572E+07,  5.7203E+08,  2.3181E+04,  9.2856E+11,  2.6231E+10,  1.1634E+01,  1.4831E+01,  4.1067E+02,  1.3966E+08,  5.1590E+07,  5.0976E+08,  2.1020E+04
  9.0000E-01,  6.5878E+11,  2.3740E+10,  1.0538E+01,  1.3409E+01,  4.5026E+02,  1.5309E+08,  5.5800E+07,  5.2490E+08,  2.1241E+04,  7.3181E+11,  2.1973E+10,  9.7498E+00,  1.2426E+01,  3.4981E+02,  1.1883E+08,  4.3851E+07,  4.3285E+08,  1.7786E+04
  1.0000E+00,  5.9265E+11,  2.1638E+10,  9.6054E+00,  1.2220E+01,  4.1672E+02,  1.4170E+08,  5.1597E+07,  4.8343E+08,  1.9538E+04,  5.9084E+11,  2.0069E+10,  8.9059E+00,  1.1349E+01,  3.2090E+02,  1.0902E+08,  4.0203E+07,  3.9665E+08,  1.6284E+04
  1.1000E+00,  5.3876E+11,  1.9726E+10,  8.7570E+00,  1.1139E+01,  3.8608E+02,  1.3128E+08,  4.7759E+07,  4.4557E+08,  1.7984E+04,  4.8705E+11,  1.8166E+10,  8.0620E+00,  1.0272E+01,  2.9198E+02,  9.9206E+07,  3.6555E+07,  3.6046E+08,  1.4781E+04
  1.2000E+00,  4.9386E+11,  1.8004E+10,  7.9930E+00,  1.0165E+01,  3.5833E+02,  1.2185E+08,  4.4286E+07,  4.1133E+08,  1.6581E+04,  4.1086E+11,  1.6262E+10,  7.2182E+00,  9.1947E+00,  2.6307E+02,  8.9394E+07,  3.2907E+07,  3.2426E+08,  1.3279E+04
  1.4000E+00,  4.2239E+11,  1.5133E+10,  6.7181E+00,  8.5419E+00,  3.1150E+02,  1.0594E+08,  3.8434E+07,  3.5372E+08,  1.4226E+04,  3.0383E+11,  1.2455E+10,  5.5304E+00,  7.0403E+00,  2.0524E+02,  6.9768E+07,  2.5611E+07,  2.5186E+08,  1.0274E+04
  1.6000E+00,  3.6889E+11,  1.3023E+10,  5.7808E+00,  7.3492E+00,  2.7623E+02,  9.3947E+07,  3.4041E+07,  3.1059E+08,  1.2472E+04,  2.3122E+11,  8.6475E+09,  3.8427E+00,  4.8859E+00,  1.4741E+02,  5.0143E+07,  1.8315E+07,  1.7947E+08,  7.2691E+03
  1.8000E+00,  3.2757E+11,  1.1557E+10,  5.1294E+00,  6.5214E+00,  2.5077E+02,  8.5285E+07,  3.0886E+07,  2.7973E+08,  1.1227E+04,  1.8191E+11,  6.0079E+09,  2.6722E+00,  3.3924E+00,  1.0715E+02,  3.6476E+07,  1.3237E+07,  1.2911E+08,  5.1828E+03
  2.0000E+00,  2.9469E+11,  1.0403E+10,  4.6159E+00,  5.8695E+00,  2.3011E+02,  7.8250E+07,  2.8334E+07,  2.5485E+08,  1.0228E+04,  1.4687E+11,  5.5369E+09,  2.4626E+00,  3.1264E+00,  9.9506E+01,  3.3871E+07,  1.2280E+07,  1.1969E+08,  4.8023E+03
  2.2000E+00,  2.6786E+11,  9.3422E+09,  4.1443E+00,  5.2709E+00,  2.1097E+02,  7.1736E+07,  2.5974E+07,  2.3186E+08,  9.3056E+03,  1.2151E+11,  5.0660E+09,  2.2529E+00,  2.8603E+00,  9.1863E+01,  3.1267E+07,  1.1323E+07,  1.1026E+08,  4.4217E+03
  2.5000E+00,  2.3549E+11,  7.9284E+09,  3.5156E+00,  4.4726E+00,  1.8513E+02,  6.2942E+07,  2.2793E+07,  2.0090E+08,  8.0647E+03,  9.4243E+10,  4.3595E+09,  1.9385E+00,  2.4612E+00,  8.0398E+01,  2.7361E+07,  9.8869E+06,  9.6119E+07,  3.8509E+03
  2.8000E+00,  2.0974E+11,  6.7265E+09,  2.9812E+00,  3.7941E+00,  1.6273E+02,  5.5320E+07,  2.0042E+07,  1.7418E+08,  6.9951E+03,  7.7456E+10,  3.6530E+09,  1.6240E+00,  2.0621E+00,  6.8932E+01,  2.3455E+07,  8.4510E+06,  8.1979E+07,  3.2801E+03
  3.2000E+00,  1.8134E+11,  5.4537E+09,  2.4155E+00,  3.0757E+00,  1.3822E+02,  4.6980E+07,  1.7045E+07,  1.4516E+08,  5.8352E+03,  6.4533E+10,  2.7111E+09,  1.2047E+00,  1.5300E+00,  5.3646E+01,  1.8246E+07,  6.5366E+06,  6.3125E+07,  2.5191E+03
  3.5000E+00,  1.6336E+11,  4.7463E+09,  2.1012E+00,  2.6766E+00,  1.2384E+02,  4.2092E+07,  1.5299E+07,  1.2835E+08,  5.1651E+03,  5.5356E+10,  2.0046E+09,  8.9024E-01,  1.1309E+00,  4.2181E+01,  1.4340E+07,  5.1007E+06,  4.8985E+07,  1.9483E+03
  4.0000E+00,  1.3915E+11,  3.9715E+09,  1.7574E+00,  2.2396E+00,  1.0652E+02,  3.6206E+07,  1.3220E+07,  1.0849E+08,  4.3780E+03,  4.1465E+10,  1.0948E+09,  4.8522E-01,  6.1696E-01,  2.7106E+01,  9.2047E+06,  3.2151E+06,  3.0430E+07,  1.2005E+03
  4.5000E+00,  1.2082E+11,  3.4612E+09,  1.5313E+00,  1.9520E+00,  9.3867E+01,  3.1908E+07,  1.1723E+07,  9.4350E+07,  3.8199E+03,  3.1875E+10,  9.4659E+08,  4.1921E-01,  5.3337E-01,  2.3510E+01,  7.9841E+06,  2.7739E+06,  2.6142E+07,  1.0318E+03
  5.0000E+00,  1.0624E+11,  3.0249E+09,  1.3382E+00,  1.7062E+00,  8.3011E+01,  2.8222E+07,  1.0446E+07,  8.2352E+07,  3.3461E+03,  2.6437E+10,  7.9841E+08,  3.5319E-01,  4.4978E-01,  1.9915E+01,  6.7635E+06,  2.3326E+06,  2.1853E+07,  8.6325E+02
  5.5000E+00,  9.3974E+10,  2.6628E+09,  1.1781E+00,  1.5022E+00,  7.3952E+01,  2.5145E+07,  9.3901E+06,  7.2497E+07,  2.9566E+03,  2.2626E+10,  6.5023E+08,  2.8718E-01,  3.6620E-01,  1.6320E+01,  5.5429E+06,  1.8914E+06,  1.7564E+07,  6.9464E+02
  6.3000E+00,  7.8276E+10,  2.2090E+09,  9.7782E-01,  1.2467E+00,  6.2529E+01,  2.1265E+07,  8.0715E+06,  6.0328E+07,  2.4748E+03,  1.6619E+10,  4.8408E+08,  2.1348E-01,  2.7263E-01,  1.2240E+01,  4.1582E+06,  1.4051E+06,  1.2859E+07,  5.0983E+02
  7.1000E+00,  6.6438E+10,  1.8569E+09,  8.2240E-01,  1.0482E+00,  5.3630E+01,  1.8241E+07,  7.0448E+06,  5.0969E+07,  2.1034E+03,  1.2976E+10,  3.9633E+08,  1.7508E-01,  2.2348E-01,  1.0008E+01,  3.4016E+06,  1.1616E+06,  1.0539E+07,  4.1890E+02
  8.0000E+00,  5.6023E+10,  1.5446E+09,  6.8427E-01,  8.7198E-01,  4.5753E+01,  1.5562E+07,  6.1227E+06,  4.2659E+07,  1.7724E+03,  1.0168E+10,  2.9762E+08,  1.3187E-01,  1.6819E-01,  7.4970E+00,  2.5503E+06,  8.8763E+05,  7.9277E+06,  3.1661E+02
  9.0000E+00,  4.7145E+10,  1.2796E+09,  5.6679E-01,  7.2219E-01,  3.9050E+01,  1.3282E+07,  5.3245E+06,  3.5591E+07,  1.4895E+03,  7.5878E+09,  2.3228E+08,  1.0309E-01,  1.3140E-01,  5.9075E+00,  2.0104E+06,  7.0870E+05,  6.2073E+06,  2.4907E+02
  1.0000E+01,  4.0310E+10,  1.0670E+09,  4.7245E-01,  6.0195E-01,  3.3585E+01,  1.1422E+07,  4.6684E+06,  2.9898E+07,  1.2607E+03,  6.0820E+09,  1.9298E+08,  8.5600E-02,  1.0908E-01,  5.0229E+00,  1.7090E+06,  6.0346E+05,  5.1803E+06,  2.0860E+02
  1.1000E+01,  3.4761E+10,  8.9369E+08,  3.9559E-01,  5.0403E-01,  2.9005E+01,  9.8640E+06,  4.1176E+06,  2.5231E+07,  1.0723E+03,  5.0172E+09,  1.5368E+08,  6.8111E-02,  8.6759E-02,  4.1382E+00,  1.4075E+06,  4.9821E+05,  4.1533E+06,  1.6812E+02
  1.2000E+01,  3.0241E+10,  7.5967E+08,  3.3623E-01,  4.2843E-01,  2.5309E+01,  8.6073E+06,  3.6720E+06,  2.1591E+07,  9.2445E+02,  4.0219E+09,  1.1437E+08,  5.0621E-02,  6.4439E-02,  3.2536E+00,  1.1060E+06,  3.9297E+05,  3.1263E+06,  1.2765E+02
  1.4000E+01,  2.3457E+10,  5.6132E+08,  2.4844E-01,  3.1666E-01,  1.9570E+01,  6.6563E+06,  2.9690E+06,  1.6141E+07,  7.0232E+02,  2.7623E+09,  8.3972E+07,  3.7165E-02,  4.7329E-02,  2.4856E+00,  8.4499E+05,  3.1007E+05,  2.3236E+06,  9.4476E+01
  1.6000E+01,  1.8692E+10,  4.1842E+08,  1.8517E-01,  2.3606E-01,  1.5255E+01,  5.1893E+06,  2.4176E+06,  1.2157E+07,  5.4124E+02,  2.0023E+09,  5.8925E+07,  2.6100E-02,  3.3279E-02,  1.8289E+00,  6.2201E+05,  2.4134E+05,  1.6600E+06,  6.6603E+01
  1.8000E+01,  1.5211E+10,  3.1993E+08,  1.4154E-01,  1.8038E-01,  1.2117E+01,  4.1217E+06,  1.9910E+06,  9.3550E+06,  4.2933E+02,  1.4785E+09,  3.9571E+07,  1.7539E-02,  2.2393E-02,  1.3095E+00,  4.4554E+05,  1.8521E+05,  1.1424E+06,  4.5306E+01
  2.0000E+01,  1.2607E+10,  2.4957E+08,  1.1037E-01,  1.4061E-01,  9.7618E+00,  3.3208E+06,  1.6534E+06,  7.3169E+06,  3.4780E+02,  1.1258E+09,  3.0789E+07,  1.3630E-02,  1.7383E-02,  1.0453E+00,  3.5543E+05,  1.5245E+05,  8.9573E+05,  3.6219E+01
  2.2000E+01,  1.0591E+10,  1.9677E+08,  8.7017E-02,  1.1085E-01,  7.9353E+00,  2.7000E+06,  1.3812E+06,  5.7721E+06,  2.8445E+02,  8.9046E+08,  2.2008E+07,  9.7198E-03,  1.2374E-02,  7.8111E-01,  2.6532E+05,  1.1969E+05,  6.4908E+05,  2.7132E+01
  2.5000E+01,  8.3088E+09,  1.4094E+08,  6.2357E-02,  7.9456E-02,  5.9188E+00,  2.0149E+06,  1.0665E+06,  4.1175E+06,  2.1432E+02,  6.3075E+08,  1.5209E+07,  6.7203E-03,  8.5570E-03,  5.6322E-01,  1.9141E+05,  9.0150E+04,  4.5394E+05,  1.9624E+01
  2.8000E+01,  6.6610E+09,  1.0313E+08,  4.5634E-02,  5.8152E-02,  4.4875E+00,  1.5282E+06,  8.3240E+05,  2.9827E+06,  1.6435E+02,  4.6780E+08,  1.0000E+07,  4.4280E-03,  5.6455E-03,  3.9101E-01,  1.3306E+05,  6.5895E+04,  3.0259E+05,  1.3688E+01
  3.2000E+01,  5.0887E+09,  7.0514E+07,  3.1194E-02,  3.9746E-02,  3.1883E+00,  1.0860E+06,  6.0932E+05,  1.9957E+06,  1.1870E+02,  3.1838E+08,  6.3083E+06,  2.7923E-03,  3.5580E-03,  2.5859E-01,  8.8039E+04,  4.5643E+04,  1.9090E+05,  9.1396E+00
  3.5000E+01,  4.2416E+09,  5.4026E+07,  2.3897E-02,  3.0448E-02,  2.5044E+00,  8.5313E+05,  4.8712E+05,  1.4978E+06,  9.4437E+01,  2.4634E+08,  4.6835E+06,  2.0719E-03,  2.6405E-03,  1.9736E-01,  6.7234E+04,  3.5822E+04,  1.4105E+05,  7.0342E+00
  4.0000E+01,  3.2021E+09,  3.5252E+07,  1.5595E-02,  1.9868E-02,  1.6987E+00,  5.7863E+05,  3.3841E+05,  9.3600E+05,  6.5530E+01,  1.6945E+08,  2.8258E+06,  1.2490E-03,  1.5913E-03,  1.2490E-01,  4.2567E+04,  2.3663E+04,  8.3677E+04,  4.5285E+00
  4.5000E+01,  2.4809E+09,  2.3761E+07,  1.0514E-02,  1.3398E-02,  1.1824E+00,  4.0268E+05,  2.3945E+05,  5.9927E+05,  4.6673E+01,  1.1903E+08,  1.7708E+06,  7.8365E-04,  9.9691E-04,  8.1605E-02,  2.7814E+04,  1.5924E+04,  5.1018E+04,  3.0143E+00
  5.0000E+01,  1.9677E+09,  1.6473E+07,  7.2873E-03,  9.2932E-03,  8.4170E-01,  2.8658E+05,  1.7231E+05,  3.9237E+05,  3.3993E+01,  8.6228E+07,  1.1442E+06,  5.0691E-04,  6.4501E-04,  5.4686E-02,  1.8627E+04,  1.0932E+04,  3.1740E+04,  2.0576E+00
  5.5000E+01,  1.5899E+09,  1.1712E+07,  5.1796E-03,  6.6083E-03,  6.1148E-01,  2.0819E+05,  1.2591E+05,  2.6279E+05,  2.5264E+01,  6.4909E+07,  7.6028E+05,  3.3617E-04,  4.2894E-04,  3.7403E-02,  1.2730E+04,  7.6285E+03,  2.0092E+04,  1.4340E+00
  6.3000E+01,  1.1591E+09,  6.9858E+06,  3.0898E-03,  3.9404E-03,  3.7582E-01,  1.2796E+05,  7.7545E+04,  1.4175E+05,  1.6119E+01,  4.2794E+07,  4.2129E+05,  1.8626E-04,  2.3804E-04,  2.1512E-02,  7.3274E+03,  4.4618E+03,  1.0168E+04,  8.5226E-01
  7.1000E+01,  8.7174E+08,  4.3088E+06,  1.9059E-03,  2.4283E-03,  2.3749E-01,  8.0849E+04,  4.8767E+04,  7.9400E+04,  1.0578E+01,  2.9045E+07,  2.4795E+05,  1.0973E-04,  1.3998E-04,  1.3069E-02,  4.4498E+03,  2.7328E+03,  5.4200E+03,  5.3304E-01
  8.0000E+01,  6.5202E+08,  2.5770E+06,  1.1394E-03,  1.4511E-03,  1.4516E-01,  4.9407E+04,  2.9434E+04,  4.3340E+04,  6.7584E+00,  1.9784E+07,  1.3690E+05,  6.0588E-05,  7.7184E-05,  7.4510E-03,  2.5374E+03,  1.5634E+03,  2.5933E+03,  3.1580E-01
  9.0000E+01,  4.8618E+08,  1.5212E+06,  6.7239E-04,  8.5611E-04,  8.7179E-02,  2.9666E+04,  1.7309E+04,  2.4225E+04,  4.2596E+00,  1.3383E+07,  7.4250E+04,  3.2817E-05,  4.1819E-05,  4.1441E-03,  1.4108E+03,  8.6166E+02,  1.2297E+03,  1.8395E-01
  1.0000E+02,  3.7472E+08,  9.3082E+05,  4.1152E-04,  5.2383E-04,  5.4013E-02,  1.8375E+04,  1.0446E+04,  1.4600E+04,  2.7639E+00,  8.9094E+06,  4.3830E+04,  1.9357E-05,  2.4639E-05,  2.4892E-03,  8.4753E+02,  5.1103E+02,  6.9530E+02,  1.1518E-01
  1.1000E+02,  3.0011E+08,  5.8590E+05,  2.5918E-04,  3.2988E-04,  3.4308E-02,  1.1670E+04,  6.4344E+03,  9.1726E+03,  1.8365E+00,  6.0142E+06,  2.5155E+04,  1.1113E-05,  1.4151E-05,  1.4518E-03,  4.9338E+02,  2.9126E+02,  3.9012E+02,  7.0311E-02
  1.2000E+02,  2.4699E+08,  3.7717E+05,  1.6695E-04,  2.1244E-04,  2.2218E-02,  7.5615E+03,  4.0276E+03,  5.9511E+03,  1.2430E+00,  4.6098E+06,  1.6591E+04,  7.3325E-06,  9.3366E-06,  9.6638E-04,  3.2834E+02,  1.9010E+02,  2.5419E+02,  4.8377E-02
  1.4000E+02,  1.7169E+08,  1.5303E+05,  6.7820E-05,  8.6274E-05,  9.0938E-03,  3.0985E+03,  1.4984E+03,  2.5326E+03,  5.6642E-01,  2.9195E+06,  5.8238E+03,  2.5806E-06,  3.2798E-06,  3.4600E-04,  1.1796E+02,  6.2818E+01,  8.7665E+01,  1.9284E-02
  1.6000E+02,  1.2374E+08,  7.0198E+04,  3.1099E-05,  3.9590E-05,  4.1615E-03,  1.4169E+03,  6.2374E+02,  1.2700E+03,  2.8418E-01,  1.8754E+06,  2.4590E+03,  1.0914E-06,  1.3886E-06,  1.4723E-04,  5.0200E+01,  2.4652E+01,  3.8594E+01,  8.9402E-03
  1.8000E+02,  9.2395E+07,  3.3987E+04,  1.5037E-05,  1.9148E-05,  1.9948E-03,  6.7849E+02,  2.6995E+02,  6.8974E+02,  1.4923E-01,  1.2595E+06,  1.1621E+03,  5.1485E-07,  6.5552E-07,  6.9447E-05,  2.3641E+01,  1.0727E+01,  1.9429E+01,  4.5550E-03
  2.0000E+02,  7.0973E+07,  1.6940E+04,  7.4905E-06,  9.5387E-06,  9.7896E-04,  3.3282E+02,  1.1790E+02,  3.9570E+02,  8.0625E-02,  8.8272E+05,  5.4258E+02,  2.3981E-07,  3.0545E-07,  3.2135E-05,  1.0926E+01,  4.4771E+00,  9.9753E+00,  2.3051E-03
  2.2000E+02,  5.5703E+07,  8.9411E+03,  3.9549E-06,  5.0354E-06,  5.0734E-04,  1.7245E+02,  5.4534E+01,  2.4249E+02,  4.5717E-02,  6.4425E+05,  2.5732E+02,  1.1375E-07,  1.4487E-07,  1.5027E-05,  5.1119E+00,  1.8600E+00,  5.3456E+00,  1.1857E-03
  2.5000E+02,  3.9723E+07,  3.6519E+03,  1.6159E-06,  2.0569E-06,  2.0043E-04,  6.8096E+01,  1.8044E+01,  1.2620E+02,  2.0629E-02,  4.2108E+05,  9.5298E+01,  4.2185E-08,  5.3689E-08,  5.4336E-06,  1.8448E+00,  5.7265E-01,  2.4075E+00,  4.8681E-04
  2.8000E+02,  2.9113E+07,  1.6685E+03,  7.3812E-07,  9.3974E-07,  8.8451E-05,  3.0066E+01,  6.7734E+00,  7.2576E+01,  1.0211E-02,  2.8626E+05,  3.6928E+01,  1.6332E-08,  2.0789E-08,  2.0314E-06,  6.9049E-01,  1.7873E-01,  1.1672E+00,  2.0772E-04
  3.2000E+02,  1.9939E+07,  6.2335E+02,  2.7597E-07,  3.5141E-07,  3.1453E-05,  1.0693E+01,  1.9388E+00,  3.7482E+01,  4.2144E-03,  1.7243E+05,  1.5330E+01,  6.7754E-09,  8.6279E-09,  8.1854E-07,  2.7815E-01,  6.3004E-02,  5.8751E-01,  9.2105E-05
  3.5000E+02,  1.5512E+07,  3.1656E+02,  1.4028E-07,  1.7864E-07,  1.5321E-05,  5.2100E+00,  7.7851E-01,  2.4400E+01,  2.3060E-03,  1.2269E+05,  5.1230E+00,  2.2706E-09,  2.8899E-09,  2.5695E-07,  8.7402E-02,  1.4347E-02,  2.8466E-01,  3.5124E-05
  4.0000E+02,  1.0566E+07,  1.2070E+02,  5.3478E-08,  6.8149E-08,  5.5413E-06,  1.8837E+00,  2.3911E-01,  1.3095E+01,  9.5273E-04,  7.5185E+04,  2.7111E+00,  1.2016E-09,  1.5298E-09,  1.3423E-07,  4.5651E-02,  7.2294E-03,  1.6754E-01,  1.9006E-05
  4.5000E+02,  7.4915E+06,  4.2116E+01,  1.8651E-08,  2.3790E-08,  1.7265E-06,  5.8653E-01,  4.5268E-02,  7.5012E+00,  3.8365E-04,  4.7777E+04,  4.3229E-01,  1.9150E-10,  2.4458E-10,  1.8361E-08,  6.2342E-03,  5.2412E-04,  5.6194E-02,  3.7569E-06
  5.0000E+02,  5.5980E+06,  2.5370E+01,  1.1233E-08,  1.4318E-08,  1.0199E-06,  3.4656E-01,  2.5421E-02,  5.2120E+00,  2.3689E-04,  2.7961E+04,  2.3756E-01,  1.0522E-10,  1.3430E-10,  9.9064E-09,  3.3645E-03,  2.6973E-04,  3.5372E-02,  2.1133E-06
'End of File'
