'*',    54,     1,    25,    22,     5,     5,    75,     1
'SPENVIS 4.6.10.3408          -  5-Apr-2020 02:53:41'
'PRJ_DEF', -1,'TESTING'
'PRJ_HDR', -1,'test1'
'MOD_ABB', -1,'SEP'
'MIS_PLA',  1,    3,' '
'MIS_NTR',  1,    1,' '
'MIS_STA',  1,  25567.00000000,' '
'MIS_END',  1,  29217.00000000,' '
'MIS_DUR',  1, 3.650000E+03,'days'
'SEP_IEL',  1,  1,' '
'SEP_JEL',  1,  9,' '
'SEP_MOD', -1,'ESP-PSYCHIC total fluence'
'SEP_TMI',  1,  7.0,'years'
'SEP_TMA',  1,  3.0,'years'
'SEP_DUR',  1, 10.0,'years'
'SEP_NCY',  1,  2,' '
'SEP_NOR',  1,  0,' '
'SEP_NAL',  1,  0,' '
'SEP_PRB',  1,  50.0,'%'
'SEP_OMN',  1, 1, ' '
'SEP_ABS', -1,'Energy'
'SEP_IGC',  1,  1,' '
'SEP_IGV',  1,  1,' '
'SEP_IST',  1,  0,' '
'PLT_HDR', -1,'ESP-PSYCHIC total fluence: solar protons'
'SPECIES', -1,'proton'
'PS Annotation',  8,  1
'Mission start: 01/01/2020 00:00:00'
 0.05, 0.00, 0.00
'Mission end: 29/12/2029 00:00:00'
 0.95, 0.00, 1.00
'Nr. of segments:   1'
 0.05, 1.50, 0.00
'Duration: 3650.00 days'
 0.95, 0.00, 1.00
'PS Annotation', 12,  0
'Solar particle model: ESP-PSYCHIC total fluence'
 0.05, 2.00, 0.00
'Mission duration: 10.00 years, spanning 2 solar cycles'
 0.10, 1.50, 0.00
'7.00 years in solar maximum'
 0.15, 1.50, 0.00
'3.00 years in solar minimum'
 0.15, 1.50, 0.00
'Confidence level: 50.000%'
 0.10, 1.50, 0.00
'Magnetic shielding:    quiet magnetosphere'
 0.10, 1.50, 0.00
'Energy','MeV', 1,'Energy'
'IFlux','cm!u-2!n', 1,'Integral Fluence'
'DFlux','cm!u-2!n MeV!u-1!n', 1,'Differential Fluence'
'Attenuation',' ', 1,'Orbit Averaged Proton Attenuation Factor'
'Exposure','hrs', 1,'Proton Exposure Time'
  1.0000E-01,  6.0630E+12,  5.9034E+13, 0.9999, 8.7600E+04
  1.1000E-01,  5.5182E+12,  4.9920E+13, 0.9999, 8.7600E+04
  1.2000E-01,  5.0580E+12,  4.2111E+13, 0.9999, 8.7600E+04
  1.4000E-01,  4.3255E+12,  3.1141E+13, 0.9999, 8.7600E+04
  1.6000E-01,  3.7771E+12,  2.3699E+13, 0.9999, 8.7600E+04
  1.8000E-01,  3.3537E+12,  1.8645E+13, 0.9999, 8.7600E+04
  2.0000E-01,  3.0167E+12,  1.5053E+13, 0.9999, 8.7600E+04
  2.2000E-01,  2.7416E+12,  1.2454E+13, 0.9999, 8.7600E+04
  2.5000E-01,  2.4099E+12,  9.6594E+12, 0.9999, 8.7600E+04
  2.8000E-01,  2.1496E+12,  7.6962E+12, 0.9999, 8.7600E+04
  3.2000E-01,  1.8783E+12,  5.8698E+12, 0.9999, 8.7600E+04
  3.5000E-01,  1.7167E+12,  4.9005E+12, 0.9999, 8.7600E+04
  4.0000E-01,  1.5001E+12,  3.7633E+12, 0.9999, 8.7600E+04
  4.5000E-01,  1.3320E+12,  2.9606E+12, 0.9999, 8.7600E+04
  5.0000E-01,  1.1983E+12,  2.3903E+12, 0.9999, 8.7600E+04
  5.5000E-01,  1.0890E+12,  1.9790E+12, 0.9999, 8.7600E+04
  6.3000E-01,  9.4938E+11,  1.5122E+12, 0.9999, 8.7600E+04
  7.1000E-01,  8.4142E+11,  1.1869E+12, 0.9999, 8.7600E+04
  8.0000E-01,  7.4599E+11,  9.3380E+11, 0.9999, 8.7600E+04
  9.0000E-01,  6.6250E+11,  7.3594E+11, 0.9999, 8.7600E+04
  1.0000E+00,  5.9599E+11,  5.9417E+11, 0.9999, 8.7600E+04
  1.1000E+00,  5.4179E+11,  4.8980E+11, 0.9999, 8.7600E+04
  1.2000E+00,  4.9665E+11,  4.1318E+11, 0.9999, 8.7600E+04
  1.4000E+00,  4.2477E+11,  3.0554E+11, 0.9999, 8.7600E+04
  1.6000E+00,  3.7097E+11,  2.3253E+11, 0.9999, 8.7600E+04
  1.8000E+00,  3.2942E+11,  1.8293E+11, 0.9999, 8.7600E+04
  2.0000E+00,  2.9636E+11,  1.4769E+11, 0.9999, 8.7600E+04
  2.2000E+00,  2.6937E+11,  1.2220E+11, 0.9999, 8.7600E+04
  2.5000E+00,  2.3682E+11,  9.4775E+10, 0.9999, 8.7600E+04
  2.8000E+00,  2.1092E+11,  7.7893E+10, 0.9999, 8.7600E+04
  3.2000E+00,  1.8236E+11,  6.4897E+10, 0.9999, 8.7600E+04
  3.5000E+00,  1.6428E+11,  5.5668E+10, 0.9999, 8.7600E+04
  4.0000E+00,  1.3994E+11,  4.1699E+10, 0.9999, 8.7600E+04
  4.5000E+00,  1.2150E+11,  3.2055E+10, 0.9999, 8.7600E+04
  5.0000E+00,  1.0684E+11,  2.6586E+10, 0.9999, 8.7600E+04
  5.5000E+00,  9.4504E+10,  2.2754E+10, 0.9999, 8.7600E+04
  6.3000E+00,  7.8717E+10,  1.6713E+10, 0.9999, 8.7600E+04
  7.1000E+00,  6.6813E+10,  1.3049E+10, 0.9999, 8.7600E+04
  8.0000E+00,  5.6339E+10,  1.0226E+10, 0.9999, 8.7600E+04
  9.0000E+00,  4.7411E+10,  7.6306E+09, 0.9999, 8.7600E+04
  1.0000E+01,  4.0538E+10,  6.1163E+09, 0.9999, 8.7600E+04
  1.1000E+01,  3.4957E+10,  5.0455E+09, 0.9999, 8.7600E+04
  1.2000E+01,  3.0412E+10,  4.0446E+09, 0.9999, 8.7600E+04
  1.4000E+01,  2.3589E+10,  2.7779E+09, 0.9999, 8.7600E+04
  1.6000E+01,  1.8798E+10,  2.0136E+09, 0.9999, 8.7600E+04
  1.8000E+01,  1.5297E+10,  1.4869E+09, 0.9999, 8.7600E+04
  2.0000E+01,  1.2678E+10,  1.1322E+09, 0.9999, 8.7600E+04
  2.2000E+01,  1.0650E+10,  8.9549E+08, 0.9999, 8.7600E+04
  2.5000E+01,  8.3557E+09,  6.3430E+08, 0.9999, 8.7600E+04
  2.8000E+01,  6.6986E+09,  4.7044E+08, 0.9999, 8.7600E+04
  3.2000E+01,  5.1174E+09,  3.2017E+08, 0.9999, 8.7600E+04
  3.5000E+01,  4.2655E+09,  2.4773E+08, 0.9999, 8.7600E+04
  4.0000E+01,  3.2202E+09,  1.7041E+08, 0.9999, 8.7600E+04
  4.5000E+01,  2.4949E+09,  1.1971E+08, 0.9999, 8.7600E+04
  5.0000E+01,  1.9789E+09,  8.6715E+07, 0.9999, 8.7600E+04
  5.5000E+01,  1.5989E+09,  6.5275E+07, 0.9999, 8.7600E+04
  6.3000E+01,  1.1656E+09,  4.3035E+07, 0.9999, 8.7600E+04
  7.1000E+01,  8.7666E+08,  2.9209E+07, 0.9999, 8.7600E+04
  8.0000E+01,  6.5569E+08,  1.9895E+07, 0.9999, 8.7600E+04
  9.0000E+01,  4.8893E+08,  1.3458E+07, 0.9999, 8.7600E+04
  1.0000E+02,  3.7684E+08,  8.9597E+06, 0.9999, 8.7600E+04
  1.1000E+02,  3.0180E+08,  6.0481E+06, 0.9999, 8.7600E+04
  1.2000E+02,  2.4838E+08,  4.6358E+06, 0.9999, 8.7600E+04
  1.4000E+02,  1.7266E+08,  2.9360E+06, 0.9999, 8.7600E+04
  1.6000E+02,  1.2444E+08,  1.8860E+06, 0.9999, 8.7600E+04
  1.8000E+02,  9.2916E+07,  1.2666E+06, 0.9999, 8.7600E+04
  2.0000E+02,  7.1373E+07,  8.8770E+05, 0.9999, 8.7600E+04
  2.2000E+02,  5.6017E+07,  6.4788E+05, 0.9999, 8.7600E+04
  2.5000E+02,  3.9947E+07,  4.2345E+05, 0.9999, 8.7600E+04
  2.8000E+02,  2.9277E+07,  2.8788E+05, 0.9999, 8.7600E+04
  3.2000E+02,  2.0052E+07,  1.7340E+05, 0.9999, 8.7600E+04
  3.5000E+02,  1.5600E+07,  1.2338E+05, 0.9999, 8.7600E+04
  4.0000E+02,  1.0625E+07,  7.5609E+04, 0.9999, 8.7600E+04
  4.5000E+02,  7.5337E+06,  4.8046E+04, 0.9999, 8.7600E+04
  5.0000E+02,  5.6296E+06,  2.8119E+04, 0.9999, 8.7600E+04
'End of Block'
'*',    52,     1,    25,    22,     3,    19,    75,     0
'SPENVIS 4.6.10.3408          -  5-Apr-2020 02:53:41'
'PRJ_DEF', -1,'TESTING'
'PRJ_HDR', -1,'test1'
'MOD_ABB', -1,'SEP'
'MIS_PLA',  1,    3,' '
'MIS_NTR',  1,    1,' '
'MIS_STA',  1,  25567.00000000,' '
'MIS_END',  1,  29217.00000000,' '
'MIS_DUR',  1, 3.650000E+03,'days'
'SEP_IEL',  1,  1,' '
'SEP_JEL',  1,  9,' '
'SEP_MOD', -1,'ESP-PSYCHIC total fluence'
'SEP_TMI',  1,  7.0,'years'
'SEP_TMA',  1,  3.0,'years'
'SEP_DUR',  1, 10.0,'years'
'SEP_NCY',  1,  2,' '
'SEP_NOR',  1,  0,' '
'SEP_NAL',  1,  0,' '
'SEP_PRB',  1,  50.0,'%'
'SEP_OMN',  1, 1, ' '
'SEP_ABS', -1,'Energy'
'SEP_IGC',  1,  1,' '
'SEP_IGV',  1,  1,' '
'SEP_IST',  1,  0,' '
'PLT_HDR', -1,'ESP-PSYCHIC total fluence: solar ions'
'SPECIES', -9,'H ','He','Li','Be','B ','C ','N ','O ','F '
'PS Annotation',  8,  1
'Mission start: 01/01/2020 00:00:00'
 0.05, 0.00, 0.00
'Mission end: 29/12/2029 00:00:00'
 0.95, 0.00, 1.00
'Nr. of segments:   1'
 0.05, 1.50, 0.00
'Duration: 3650.00 days'
 0.95, 0.00, 1.00
'PS Annotation', 12,  0
'Solar particle model: ESP-PSYCHIC total fluence'
 0.05, 2.00, 0.00
'Mission duration: 10.00 years, spanning 2 solar cycles'
 0.10, 1.50, 0.00
'7.00 years in solar maximum'
 0.15, 1.50, 0.00
'3.00 years in solar minimum'
 0.15, 1.50, 0.00
'Confidence level: 50.000%'
 0.10, 1.50, 0.00
'Magnetic shielding:    quiet magnetosphere'
 0.10, 1.50, 0.00
'Energy','MeV/n', 1,'Energy'
'IFlux','cm!u-2!n',  9,'Integral Fluence of ','SPECIES'
'DFlux','cm!u-2!n (MeV/n)!u-1!n',  9,'Differential Fluence of ','SPECIES'
  1.0000E-01,  6.0630E+12,  1.3304E+11,  5.9014E+01,  7.5113E+01,  1.8705E+03,  6.3687E+08,  2.3618E+08,  2.3200E+09,  9.8602E+04,  5.9034E+13,  4.9857E+11,  2.2115E+02,  2.8135E+02,  6.0924E+03,  2.0747E+09,  7.7587E+08,  7.7358E+09,  3.3857E+05
  1.1000E-01,  5.5182E+12,  1.2812E+11,  5.6834E+01,  7.2339E+01,  1.8104E+03,  6.1640E+08,  2.2853E+08,  2.2437E+09,  9.5263E+04,  4.9920E+13,  4.8446E+11,  2.1489E+02,  2.7339E+02,  5.9258E+03,  2.0180E+09,  7.5462E+08,  7.5237E+09,  3.2921E+05
  1.2000E-01,  5.0580E+12,  1.2335E+11,  5.4716E+01,  6.9645E+01,  1.7519E+03,  5.9651E+08,  2.2109E+08,  2.1695E+09,  9.2018E+04,  4.2111E+13,  4.7035E+11,  2.0863E+02,  2.6543E+02,  5.7591E+03,  1.9613E+09,  7.3337E+08,  7.3117E+09,  3.1985E+05
  1.4000E-01,  4.3255E+12,  1.1422E+11,  5.0669E+01,  6.4495E+01,  1.6401E+03,  5.5842E+08,  2.0685E+08,  2.0275E+09,  8.5808E+04,  3.1141E+13,  4.4213E+11,  1.9611E+02,  2.4951E+02,  5.4259E+03,  1.8478E+09,  6.9088E+08,  6.8877E+09,  3.0113E+05
  1.6000E-01,  3.7771E+12,  1.0566E+11,  4.6871E+01,  5.9664E+01,  1.5349E+03,  5.2259E+08,  1.9345E+08,  1.8940E+09,  7.9973E+04,  2.3699E+13,  4.1391E+11,  1.8359E+02,  2.3359E+02,  5.0926E+03,  1.7343E+09,  6.4838E+08,  6.4636E+09,  2.8241E+05
  1.8000E-01,  3.3537E+12,  9.7668E+10,  4.3325E+01,  5.5152E+01,  1.4364E+03,  4.8904E+08,  1.8091E+08,  1.7690E+09,  7.4512E+04,  1.8645E+13,  3.8569E+11,  1.7108E+02,  2.1767E+02,  4.7594E+03,  1.6209E+09,  6.0589E+08,  6.0396E+09,  2.6368E+05
  2.0000E-01,  3.0167E+12,  9.0236E+10,  4.0028E+01,  5.0958E+01,  1.3445E+03,  4.5776E+08,  1.6922E+08,  1.6524E+09,  6.9426E+04,  1.5053E+13,  3.5746E+11,  1.5856E+02,  2.0174E+02,  4.4261E+03,  1.5074E+09,  5.6339E+08,  5.6156E+09,  2.4496E+05
  2.2000E-01,  2.7416E+12,  8.3369E+10,  3.6982E+01,  4.7082E+01,  1.2593E+03,  4.2875E+08,  1.5838E+08,  1.5443E+09,  6.4714E+04,  1.2454E+13,  3.2924E+11,  1.4604E+02,  1.8582E+02,  4.0928E+03,  1.3939E+09,  5.2089E+08,  5.1915E+09,  2.2624E+05
  2.5000E-01,  2.4099E+12,  7.4127E+10,  3.2883E+01,  4.1866E+01,  1.1441E+03,  3.8948E+08,  1.4370E+08,  1.3981E+09,  5.8348E+04,  9.6594E+12,  2.8691E+11,  1.2726E+02,  1.6194E+02,  3.5929E+03,  1.2237E+09,  4.5715E+08,  4.5555E+09,  1.9816E+05
  2.8000E-01,  2.1496E+12,  6.6154E+10,  2.9347E+01,  3.7366E+01,  1.0438E+03,  3.5532E+08,  1.3095E+08,  1.2710E+09,  5.2824E+04,  7.6962E+12,  2.4458E+11,  1.0849E+02,  1.3806E+02,  3.0930E+03,  1.0535E+09,  3.9341E+08,  3.9194E+09,  1.7007E+05
  3.2000E-01,  1.8783E+12,  5.7500E+10,  2.5508E+01,  3.2480E+01,  9.3337E+02,  3.1772E+08,  1.1691E+08,  1.1312E+09,  4.6770E+04,  5.8698E+12,  1.8814E+11,  8.3450E+01,  1.0621E+02,  2.4265E+03,  8.2659E+08,  3.0842E+08,  3.0713E+09,  1.3263E+05
  3.5000E-01,  1.7167E+12,  5.2491E+10,  2.3286E+01,  2.9652E+01,  8.6808E+02,  2.9547E+08,  1.0861E+08,  1.0486E+09,  4.3213E+04,  4.9005E+12,  1.4581E+11,  6.4673E+01,  8.2328E+01,  1.9266E+03,  6.5639E+08,  2.4467E+08,  2.4353E+09,  1.0454E+05
  4.0000E-01,  1.5001E+12,  4.6584E+10,  2.0667E+01,  2.6317E+01,  7.8820E+02,  2.6826E+08,  9.8477E+07,  9.4776E+08,  3.8908E+04,  3.7633E+12,  9.0437E+10,  4.0109E+01,  5.1084E+01,  1.2685E+03,  4.3232E+08,  1.6077E+08,  1.5980E+09,  6.7636E+04
  4.5000E-01,  1.3320E+12,  4.2367E+10,  1.8796E+01,  2.3935E+01,  7.2878E+02,  2.4800E+08,  9.0947E+07,  8.7293E+08,  3.5745E+04,  2.9606E+12,  7.8258E+10,  3.4702E+01,  4.4206E+01,  1.1085E+03,  3.7787E+08,  1.4042E+08,  1.3950E+09,  5.8896E+04
  5.0000E-01,  1.1983E+12,  3.8759E+10,  1.7196E+01,  2.1896E+01,  6.7735E+02,  2.3047E+08,  8.4435E+07,  8.0825E+08,  3.3019E+04,  2.3903E+12,  6.6078E+10,  2.9296E+01,  3.7329E+01,  9.4845E+02,  3.2342E+08,  1.2007E+08,  1.1920E+09,  5.0156E+04
  5.5000E-01,  1.0890E+12,  3.5759E+10,  1.5867E+01,  2.0202E+01,  6.3393E+02,  2.1566E+08,  7.8940E+07,  7.5373E+08,  3.0729E+04,  1.9790E+12,  5.3899E+10,  2.3889E+01,  3.0451E+01,  7.8845E+02,  2.6897E+08,  9.9728E+07,  9.8905E+08,  4.1415E+04
  6.3000E-01,  9.4938E+11,  3.1983E+10,  1.4193E+01,  1.8068E+01,  5.7799E+02,  1.9658E+08,  7.1870E+07,  6.8366E+08,  2.7804E+04,  1.5122E+12,  4.0510E+10,  1.7950E+01,  2.2891E+01,  6.1001E+02,  2.0811E+08,  7.7018E+07,  7.6265E+08,  3.1710E+04
  7.1000E-01,  8.4142E+11,  2.9008E+10,  1.2875E+01,  1.6387E+01,  5.3290E+02,  1.8120E+08,  6.6182E+07,  6.2735E+08,  2.5466E+04,  1.1869E+12,  3.3860E+10,  1.5009E+01,  1.9137E+01,  5.1729E+02,  1.7627E+08,  6.5189E+07,  6.4500E+08,  2.6736E+04
  8.0000E-01,  7.4599E+11,  2.6297E+10,  1.1673E+01,  1.4855E+01,  4.9104E+02,  1.6695E+08,  6.0913E+07,  5.7526E+08,  2.3312E+04,  9.3380E+11,  2.6379E+10,  1.1700E+01,  1.4915E+01,  4.1299E+02,  1.4045E+08,  5.1881E+07,  5.1264E+08,  2.1139E+04
  9.0000E-01,  6.6250E+11,  2.3874E+10,  1.0598E+01,  1.3484E+01,  4.5280E+02,  1.5395E+08,  5.6114E+07,  5.2786E+08,  2.1361E+04,  7.3594E+11,  2.2097E+10,  9.8048E+00,  1.2496E+01,  3.5179E+02,  1.1950E+08,  4.4099E+07,  4.3529E+08,  1.7886E+04
  1.0000E+00,  5.9599E+11,  2.1760E+10,  9.6596E+00,  1.2289E+01,  4.1907E+02,  1.4249E+08,  5.1888E+07,  4.8615E+08,  1.9648E+04,  5.9417E+11,  2.0183E+10,  8.9562E+00,  1.1413E+01,  3.2271E+02,  1.0963E+08,  4.0430E+07,  3.9889E+08,  1.6375E+04
  1.1000E+00,  5.4179E+11,  1.9837E+10,  8.8064E+00,  1.1202E+01,  3.8826E+02,  1.3202E+08,  4.8028E+07,  4.4808E+08,  1.8086E+04,  4.8980E+11,  1.8268E+10,  8.1075E+00,  1.0330E+01,  2.9363E+02,  9.9766E+07,  3.6761E+07,  3.6249E+08,  1.4865E+04
  1.2000E+00,  4.9665E+11,  1.8106E+10,  8.0381E+00,  1.0223E+01,  3.6035E+02,  1.2254E+08,  4.4536E+07,  4.1366E+08,  1.6675E+04,  4.1318E+11,  1.6354E+10,  7.2589E+00,  9.2466E+00,  2.6455E+02,  8.9898E+07,  3.3093E+07,  3.2609E+08,  1.3354E+04
  1.4000E+00,  4.2477E+11,  1.5218E+10,  6.7561E+00,  8.5901E+00,  3.1325E+02,  1.0654E+08,  3.8651E+07,  3.5572E+08,  1.4306E+04,  3.0554E+11,  1.2525E+10,  5.5616E+00,  7.0800E+00,  2.0640E+02,  7.0162E+07,  2.5755E+07,  2.5328E+08,  1.0332E+04
  1.6000E+00,  3.7097E+11,  1.3096E+10,  5.8135E+00,  7.3907E+00,  2.7779E+02,  9.4477E+07,  3.4233E+07,  3.1234E+08,  1.2542E+04,  2.3253E+11,  8.6963E+09,  3.8643E+00,  4.9135E+00,  1.4824E+02,  5.0426E+07,  1.8418E+07,  1.8048E+08,  7.3101E+03
  1.8000E+00,  3.2942E+11,  1.1622E+10,  5.1583E+00,  6.5582E+00,  2.5219E+02,  8.5766E+07,  3.1060E+07,  2.8131E+08,  1.1290E+04,  1.8293E+11,  6.0418E+09,  2.6873E+00,  3.4116E+00,  1.0775E+02,  3.6681E+07,  1.3312E+07,  1.2984E+08,  5.2120E+03
  2.0000E+00,  2.9636E+11,  1.0461E+10,  4.6419E+00,  5.9026E+00,  2.3141E+02,  7.8692E+07,  2.8494E+07,  2.5629E+08,  1.0286E+04,  1.4769E+11,  5.5682E+09,  2.4765E+00,  3.1440E+00,  1.0007E+02,  3.4063E+07,  1.2349E+07,  1.2036E+08,  4.8294E+03
  2.2000E+00,  2.6937E+11,  9.3949E+09,  4.1677E+00,  5.3006E+00,  2.1216E+02,  7.2141E+07,  2.6121E+07,  2.3316E+08,  9.3581E+03,  1.2220E+11,  5.0945E+09,  2.2657E+00,  2.8765E+00,  9.2381E+01,  3.1444E+07,  1.1387E+07,  1.1088E+08,  4.4467E+03
  2.5000E+00,  2.3682E+11,  7.9731E+09,  3.5354E+00,  4.4979E+00,  1.8618E+02,  6.3297E+07,  2.2921E+07,  2.0203E+08,  8.1102E+03,  9.4775E+10,  4.3841E+09,  1.9494E+00,  2.4751E+00,  8.0851E+01,  2.7515E+07,  9.9427E+06,  9.6662E+07,  3.8727E+03
  2.8000E+00,  2.1092E+11,  6.7645E+09,  2.9981E+00,  3.8155E+00,  1.6365E+02,  5.5632E+07,  2.0155E+07,  1.7517E+08,  7.0345E+03,  7.7893E+10,  3.6736E+09,  1.6332E+00,  2.0738E+00,  6.9321E+01,  2.3587E+07,  8.4987E+06,  8.2442E+07,  3.2986E+03
  3.2000E+00,  1.8236E+11,  5.4845E+09,  2.4291E+00,  3.0930E+00,  1.3900E+02,  4.7245E+07,  1.7141E+07,  1.4598E+08,  5.8682E+03,  6.4897E+10,  2.7264E+09,  1.2115E+00,  1.5386E+00,  5.3948E+01,  1.8349E+07,  6.5734E+06,  6.3481E+07,  2.5333E+03
  3.5000E+00,  1.6428E+11,  4.7731E+09,  2.1131E+00,  2.6917E+00,  1.2454E+02,  4.2329E+07,  1.5385E+07,  1.2907E+08,  5.1943E+03,  5.5668E+10,  2.0159E+09,  8.9526E-01,  1.1373E+00,  4.2419E+01,  1.4421E+07,  5.1295E+06,  4.9261E+07,  1.9593E+03
  4.0000E+00,  1.3994E+11,  3.9939E+09,  1.7673E+00,  2.2522E+00,  1.0712E+02,  3.6410E+07,  1.3295E+07,  1.0911E+08,  4.4027E+03,  4.1699E+10,  1.1009E+09,  4.8796E-01,  6.2044E-01,  2.7258E+01,  9.2566E+06,  3.2332E+06,  3.0602E+07,  1.2072E+03
  4.5000E+00,  1.2150E+11,  3.4807E+09,  1.5399E+00,  1.9630E+00,  9.4397E+01,  3.2088E+07,  1.1789E+07,  9.4882E+07,  3.8414E+03,  3.2055E+10,  9.5193E+08,  4.2157E-01,  5.3638E-01,  2.3643E+01,  8.0291E+06,  2.7895E+06,  2.6289E+07,  1.0377E+03
  5.0000E+00,  1.0684E+11,  3.0420E+09,  1.3457E+00,  1.7158E+00,  8.3480E+01,  2.8381E+07,  1.0505E+07,  8.2816E+07,  3.3650E+03,  2.6586E+10,  8.0291E+08,  3.5518E-01,  4.5232E-01,  2.0027E+01,  6.8017E+06,  2.3458E+06,  2.1976E+07,  8.6812E+02
  5.5000E+00,  9.4504E+10,  2.6778E+09,  1.1847E+00,  1.5107E+00,  7.4370E+01,  2.5287E+07,  9.4431E+06,  7.2906E+07,  2.9733E+03,  2.2754E+10,  6.5390E+08,  2.8880E-01,  3.6826E-01,  1.6412E+01,  5.5742E+06,  1.9021E+06,  1.7663E+07,  6.9856E+02
  6.3000E+00,  7.8717E+10,  2.2215E+09,  9.8334E-01,  1.2537E+00,  6.2882E+01,  2.1384E+07,  8.1171E+06,  6.0668E+07,  2.4888E+03,  1.6713E+10,  4.8681E+08,  2.1468E-01,  2.7417E-01,  1.2309E+01,  4.1817E+06,  1.4131E+06,  1.2932E+07,  5.1270E+02
  7.1000E+00,  6.6813E+10,  1.8673E+09,  8.2704E-01,  1.0542E+00,  5.3932E+01,  1.8344E+07,  7.0846E+06,  5.1256E+07,  2.1152E+03,  1.3049E+10,  3.9857E+08,  1.7606E-01,  2.2475E-01,  1.0064E+01,  3.4207E+06,  1.1682E+06,  1.0598E+07,  4.2127E+02
  8.0000E+00,  5.6339E+10,  1.5533E+09,  6.8813E-01,  8.7690E-01,  4.6011E+01,  1.5650E+07,  6.1572E+06,  4.2900E+07,  1.7824E+03,  1.0226E+10,  2.9930E+08,  1.3261E-01,  1.6914E-01,  7.5393E+00,  2.5647E+06,  8.9264E+05,  7.9724E+06,  3.1840E+02
  9.0000E+00,  4.7411E+10,  1.2869E+09,  5.6999E-01,  7.2626E-01,  3.9271E+01,  1.3357E+07,  5.3546E+06,  3.5792E+07,  1.4979E+03,  7.6306E+09,  2.3359E+08,  1.0367E-01,  1.3214E-01,  5.9409E+00,  2.0218E+06,  7.1270E+05,  6.2423E+06,  2.5047E+02
  1.0000E+01,  4.0538E+10,  1.0730E+09,  4.7511E-01,  6.0535E-01,  3.3775E+01,  1.1487E+07,  4.6948E+06,  3.0066E+07,  1.2678E+03,  6.1163E+09,  1.9406E+08,  8.6083E-02,  1.0969E-01,  5.0512E+00,  1.7186E+06,  6.0686E+05,  5.2095E+06,  2.0977E+02
  1.1000E+01,  3.4957E+10,  8.9873E+08,  3.9782E-01,  5.0688E-01,  2.9168E+01,  9.9196E+06,  4.1408E+06,  2.5373E+07,  1.0784E+03,  5.0455E+09,  1.5454E+08,  6.8495E-02,  8.7248E-02,  4.1616E+00,  1.4154E+06,  5.0103E+05,  4.1767E+06,  1.6907E+02
  1.2000E+01,  3.0412E+10,  7.6395E+08,  3.3812E-01,  4.3085E-01,  2.5452E+01,  8.6558E+06,  3.6927E+06,  2.1713E+07,  9.2966E+02,  4.0446E+09,  1.1502E+08,  5.0907E-02,  6.4803E-02,  3.2719E+00,  1.1122E+06,  3.9519E+05,  3.1439E+06,  1.2838E+02
  1.4000E+01,  2.3589E+10,  5.6449E+08,  2.4984E-01,  3.1845E-01,  1.9680E+01,  6.6939E+06,  2.9857E+06,  1.6232E+07,  7.0628E+02,  2.7779E+09,  8.4446E+07,  3.7375E-02,  4.7597E-02,  2.4996E+00,  8.4976E+05,  3.1182E+05,  2.3367E+06,  9.5009E+01
  1.6000E+01,  1.8798E+10,  4.2078E+08,  1.8622E-01,  2.3739E-01,  1.5341E+01,  5.2186E+06,  2.4312E+06,  1.2226E+07,  5.4429E+02,  2.0136E+09,  5.9258E+07,  2.6247E-02,  3.3467E-02,  1.8392E+00,  6.2552E+05,  2.4271E+05,  1.6694E+06,  6.6979E+01
  1.8000E+01,  1.5297E+10,  3.2173E+08,  1.4233E-01,  1.8140E-01,  1.2185E+01,  4.1450E+06,  2.0022E+06,  9.4078E+06,  4.3175E+02,  1.4869E+09,  3.9794E+07,  1.7638E-02,  2.2519E-02,  1.3169E+00,  4.4805E+05,  1.8625E+05,  1.1488E+06,  4.5561E+01
  2.0000E+01,  1.2678E+10,  2.5097E+08,  1.1099E-01,  1.4140E-01,  9.8168E+00,  3.3395E+06,  1.6627E+06,  7.3582E+06,  3.4977E+02,  1.1322E+09,  3.0963E+07,  1.3706E-02,  1.7481E-02,  1.0512E+00,  3.5743E+05,  1.5331E+05,  9.0079E+05,  3.6423E+01
  2.2000E+01,  1.0650E+10,  1.9788E+08,  8.7508E-02,  1.1148E-01,  7.9801E+00,  2.7153E+06,  1.3890E+06,  5.8046E+06,  2.8606E+02,  8.9549E+08,  2.2132E+07,  9.7746E-03,  1.2444E-02,  7.8552E-01,  2.6682E+05,  1.2036E+05,  6.5274E+05,  2.7285E+01
  2.5000E+01,  8.3557E+09,  1.4174E+08,  6.2709E-02,  7.9904E-02,  5.9522E+00,  2.0263E+06,  1.0725E+06,  4.1408E+06,  2.1553E+02,  6.3430E+08,  1.5295E+07,  6.7582E-03,  8.6052E-03,  5.6640E-01,  1.9249E+05,  9.0658E+04,  4.5650E+05,  1.9734E+01
  2.8000E+01,  6.6986E+09,  1.0371E+08,  4.5892E-02,  5.8481E-02,  4.5128E+00,  1.5369E+06,  8.3709E+05,  2.9996E+06,  1.6528E+02,  4.7044E+08,  1.0057E+07,  4.4530E-03,  5.6773E-03,  3.9321E-01,  1.3381E+05,  6.6267E+04,  3.0430E+05,  1.3766E+01
  3.2000E+01,  5.1174E+09,  7.0911E+07,  3.1370E-02,  3.9970E-02,  3.2063E+00,  1.0922E+06,  6.1276E+05,  2.0070E+06,  1.1937E+02,  3.2017E+08,  6.3439E+06,  2.8081E-03,  3.5781E-03,  2.6005E-01,  8.8536E+04,  4.5901E+04,  1.9198E+05,  9.1912E+00
  3.5000E+01,  4.2655E+09,  5.4331E+07,  2.4032E-02,  3.0620E-02,  2.5185E+00,  8.5795E+05,  4.8987E+05,  1.5063E+06,  9.4970E+01,  2.4773E+08,  4.7099E+06,  2.0836E-03,  2.6554E-03,  1.9847E-01,  6.7614E+04,  3.6024E+04,  1.4185E+05,  7.0739E+00
  4.0000E+01,  3.2202E+09,  3.5451E+07,  1.5683E-02,  1.9981E-02,  1.7083E+00,  5.8190E+05,  3.4032E+05,  9.4129E+05,  6.5900E+01,  1.7041E+08,  2.8418E+06,  1.2560E-03,  1.6003E-03,  1.2561E-01,  4.2807E+04,  2.3796E+04,  8.4149E+04,  4.5541E+00
  4.5000E+01,  2.4949E+09,  2.3895E+07,  1.0573E-02,  1.3474E-02,  1.1891E+00,  4.0495E+05,  2.4080E+05,  6.0265E+05,  4.6936E+01,  1.1971E+08,  1.7808E+06,  7.8807E-04,  1.0025E-03,  8.2066E-02,  2.7971E+04,  1.6014E+04,  5.1306E+04,  3.0313E+00
  5.0000E+01,  1.9789E+09,  1.6566E+07,  7.3284E-03,  9.3456E-03,  8.4645E-01,  2.8819E+05,  1.7328E+05,  3.9459E+05,  3.4185E+01,  8.6715E+07,  1.1507E+06,  5.0977E-04,  6.4864E-04,  5.4995E-02,  1.8732E+04,  1.0994E+04,  3.1919E+04,  2.0692E+00
  5.5000E+01,  1.5989E+09,  1.1778E+07,  5.2088E-03,  6.6456E-03,  6.1493E-01,  2.0936E+05,  1.2662E+05,  2.6427E+05,  2.5407E+01,  6.5275E+07,  7.6457E+05,  3.3807E-04,  4.3136E-04,  3.7614E-02,  1.2801E+04,  7.6716E+03,  2.0206E+04,  1.4420E+00
  6.3000E+01,  1.1656E+09,  7.0252E+06,  3.1073E-03,  3.9626E-03,  3.7794E-01,  1.2868E+05,  7.7983E+04,  1.4255E+05,  1.6210E+01,  4.3035E+07,  4.2367E+05,  1.8731E-04,  2.3938E-04,  2.1634E-02,  7.3688E+03,  4.4870E+03,  1.0225E+04,  8.5707E-01
  7.1000E+01,  8.7666E+08,  4.3331E+06,  1.9166E-03,  2.4421E-03,  2.3883E-01,  8.1305E+04,  4.9042E+04,  7.9848E+04,  1.0638E+01,  2.9209E+07,  2.4935E+05,  1.1035E-04,  1.4077E-04,  1.3142E-02,  4.4750E+03,  2.7482E+03,  5.4505E+03,  5.3605E-01
  8.0000E+01,  6.5569E+08,  2.5915E+06,  1.1458E-03,  1.4593E-03,  1.4597E-01,  4.9685E+04,  2.9601E+04,  4.3585E+04,  6.7965E+00,  1.9895E+07,  1.3768E+05,  6.0930E-05,  7.7620E-05,  7.4930E-03,  2.5517E+03,  1.5722E+03,  2.6079E+03,  3.1758E-01
  9.0000E+01,  4.8893E+08,  1.5298E+06,  6.7619E-04,  8.6094E-04,  8.7671E-02,  2.9834E+04,  1.7407E+04,  2.4362E+04,  4.2836E+00,  1.3458E+07,  7.4669E+04,  3.3002E-05,  4.2055E-05,  4.1675E-03,  1.4187E+03,  8.6652E+02,  1.2367E+03,  1.8499E-01
  1.0000E+02,  3.7684E+08,  9.3607E+05,  4.1385E-04,  5.2678E-04,  5.4318E-02,  1.8478E+04,  1.0505E+04,  1.4682E+04,  2.7795E+00,  8.9597E+06,  4.4077E+04,  1.9466E-05,  2.4778E-05,  2.5032E-03,  8.5231E+02,  5.1392E+02,  6.9923E+02,  1.1583E-01
  1.1000E+02,  3.0180E+08,  5.8920E+05,  2.6064E-04,  3.3174E-04,  3.4502E-02,  1.1736E+04,  6.4707E+03,  9.2244E+03,  1.8468E+00,  6.0481E+06,  2.5297E+04,  1.1175E-05,  1.4231E-05,  1.4600E-03,  4.9617E+02,  2.9290E+02,  3.9232E+02,  7.0708E-02
  1.2000E+02,  2.4838E+08,  3.7930E+05,  1.6789E-04,  2.1364E-04,  2.2343E-02,  7.6042E+03,  4.0503E+03,  5.9846E+03,  1.2500E+00,  4.6358E+06,  1.6684E+04,  7.3739E-06,  9.3893E-06,  9.7183E-04,  3.3019E+02,  1.9117E+02,  2.5562E+02,  4.8650E-02
  1.4000E+02,  1.7266E+08,  1.5389E+05,  6.8202E-05,  8.6761E-05,  9.1451E-03,  3.1160E+03,  1.5069E+03,  2.5469E+03,  5.6962E-01,  2.9360E+06,  5.8567E+03,  2.5952E-06,  3.2983E-06,  3.4795E-04,  1.1863E+02,  6.3173E+01,  8.8160E+01,  1.9393E-02
  1.6000E+02,  1.2444E+08,  7.0594E+04,  3.1275E-05,  3.9813E-05,  4.1850E-03,  1.4249E+03,  6.2726E+02,  1.2771E+03,  2.8578E-01,  1.8860E+06,  2.4729E+03,  1.0975E-06,  1.3965E-06,  1.4806E-04,  5.0483E+01,  2.4791E+01,  3.8812E+01,  8.9906E-03
  1.8000E+02,  9.2916E+07,  3.4179E+04,  1.5122E-05,  1.9256E-05,  2.0060E-03,  6.8232E+02,  2.7147E+02,  6.9363E+02,  1.5007E-01,  1.2666E+06,  1.1687E+03,  5.1776E-07,  6.5922E-07,  6.9838E-05,  2.3774E+01,  1.0788E+01,  1.9538E+01,  4.5807E-03
  2.0000E+02,  7.1373E+07,  1.7036E+04,  7.5327E-06,  9.5925E-06,  9.8448E-04,  3.3470E+02,  1.1857E+02,  3.9793E+02,  8.1080E-02,  8.8770E+05,  5.4564E+02,  2.4116E-07,  3.0718E-07,  3.2316E-05,  1.0987E+01,  4.5024E+00,  1.0032E+01,  2.3182E-03
  2.2000E+02,  5.6017E+07,  8.9916E+03,  3.9772E-06,  5.0638E-06,  5.1020E-04,  1.7342E+02,  5.4841E+01,  2.4386E+02,  4.5975E-02,  6.4788E+05,  2.5877E+02,  1.1439E-07,  1.4569E-07,  1.5112E-05,  5.1407E+00,  1.8705E+00,  5.3757E+00,  1.1924E-03
  2.5000E+02,  3.9947E+07,  3.6725E+03,  1.6250E-06,  2.0685E-06,  2.0156E-04,  6.8480E+01,  1.8146E+01,  1.2691E+02,  2.0745E-02,  4.2345E+05,  9.5836E+01,  4.2423E-08,  5.3992E-08,  5.4642E-06,  1.8552E+00,  5.7588E-01,  2.4211E+00,  4.8956E-04
  2.8000E+02,  2.9277E+07,  1.6779E+03,  7.4229E-07,  9.4505E-07,  8.8950E-05,  3.0236E+01,  6.8116E+00,  7.2985E+01,  1.0268E-02,  2.8788E+05,  3.7136E+01,  1.6424E-08,  2.0906E-08,  2.0428E-06,  6.9439E-01,  1.7973E-01,  1.1738E+00,  2.0889E-04
  3.2000E+02,  2.0052E+07,  6.2687E+02,  2.7753E-07,  3.5339E-07,  3.1631E-05,  1.0754E+01,  1.9497E+00,  3.7694E+01,  4.2382E-03,  1.7340E+05,  1.5417E+01,  6.8136E-09,  8.6766E-09,  8.2315E-07,  2.7972E-01,  6.3360E-02,  5.9082E-01,  9.2624E-05
  3.5000E+02,  1.5600E+07,  3.1834E+02,  1.4107E-07,  1.7965E-07,  1.5407E-05,  5.2394E+00,  7.8290E-01,  2.4537E+01,  2.3190E-03,  1.2338E+05,  5.1519E+00,  2.2835E-09,  2.9062E-09,  2.5840E-07,  8.7895E-02,  1.4427E-02,  2.8627E-01,  3.5322E-05
  4.0000E+02,  1.0625E+07,  1.2138E+02,  5.3779E-08,  6.8533E-08,  5.5726E-06,  1.8943E+00,  2.4046E-01,  1.3168E+01,  9.5810E-04,  7.5609E+04,  2.7264E+00,  1.2084E-09,  1.5384E-09,  1.3499E-07,  4.5909E-02,  7.2702E-03,  1.6849E-01,  1.9113E-05
  4.5000E+02,  7.5337E+06,  4.2354E+01,  1.8756E-08,  2.3925E-08,  1.7363E-06,  5.8984E-01,  4.5523E-02,  7.5435E+00,  3.8581E-04,  4.8046E+04,  4.3473E-01,  1.9258E-10,  2.4596E-10,  1.8465E-08,  6.2694E-03,  5.2708E-04,  5.6511E-02,  3.7781E-06
  5.0000E+02,  5.6296E+06,  2.5513E+01,  1.1296E-08,  1.4399E-08,  1.0256E-06,  3.4852E-01,  2.5565E-02,  5.2414E+00,  2.3823E-04,  2.8119E+04,  2.3890E-01,  1.0581E-10,  1.3506E-10,  9.9623E-09,  3.3835E-03,  2.7125E-04,  3.5572E-02,  2.1253E-06
'End of File'
