'*',    54,     1,    25,    22,     5,     5,    75,     1
'SPENVIS 4.6.10.3408          -  5-Apr-2020 01:19:01'
'PRJ_DEF', -1,'TESTING'
'PRJ_HDR', -1,'test1'
'MOD_ABB', -1,'SEP'
'MIS_PLA',  1,    3,' '
'MIS_NTR',  1,    1,' '
'MIS_STA',  1,  25567.00000000,' '
'MIS_END',  1,  29217.00000000,' '
'MIS_DUR',  1, 3.650000E+03,'days'
'SEP_IEL',  1,  1,' '
'SEP_JEL',  1,  9,' '
'SEP_MOD', -1,'ESP-PSYCHIC total fluence'
'SEP_TMI',  1,  7.0,'years'
'SEP_TMA',  1,  3.0,'years'
'SEP_DUR',  1, 10.0,'years'
'SEP_NCY',  1,  2,' '
'SEP_NOR',  1,  0,' '
'SEP_NAL',  1,  0,' '
'SEP_PRB',  1,  50.0,'%'
'SEP_OMN',  1, 1, ' '
'SEP_ABS', -1,'Energy'
'SEP_IGC',  1,  1,' '
'SEP_IGV',  1,  1,' '
'SEP_IST',  1,  0,' '
'PLT_HDR', -1,'ESP-PSYCHIC total fluence: solar protons'
'SPECIES', -1,'proton'
'PS Annotation',  8,  1
'Mission start: 01/01/2020 00:00:00'
 0.05, 0.00, 0.00
'Mission end: 29/12/2029 00:00:00'
 0.95, 0.00, 1.00
'Nr. of segments:   1'
 0.05, 1.50, 0.00
'Duration: 3650.00 days'
 0.95, 0.00, 1.00
'PS Annotation', 12,  0
'Solar particle model: ESP-PSYCHIC total fluence'
 0.05, 2.00, 0.00
'Mission duration: 10.00 years, spanning 2 solar cycles'
 0.10, 1.50, 0.00
'7.00 years in solar maximum'
 0.15, 1.50, 0.00
'3.00 years in solar minimum'
 0.15, 1.50, 0.00
'Confidence level: 50.000%'
 0.10, 1.50, 0.00
'Magnetic shielding:    quiet magnetosphere'
 0.10, 1.50, 0.00
'Energy','MeV', 1,'Energy'
'IFlux','cm!u-2!n', 1,'Integral Fluence'
'DFlux','cm!u-2!n MeV!u-1!n', 1,'Differential Fluence'
'Attenuation',' ', 1,'Orbit Averaged Proton Attenuation Factor'
'Exposure','hrs', 1,'Proton Exposure Time'
  1.0000E-01,  6.5857E+09,  6.4111E+10, 0.0011, 1.4221E+02
  1.1000E-01,  5.9940E+09,  5.4213E+10, 0.0011, 1.4221E+02
  1.2000E-01,  5.4943E+09,  4.5733E+10, 0.0011, 1.4221E+02
  1.4000E-01,  4.6988E+09,  3.3819E+10, 0.0011, 1.4221E+02
  1.6000E-01,  4.1032E+09,  2.5737E+10, 0.0011, 1.4221E+02
  1.8000E-01,  3.6434E+09,  2.0248E+10, 0.0011, 1.4221E+02
  2.0000E-01,  3.2774E+09,  1.6348E+10, 0.0011, 1.4221E+02
  2.2000E-01,  2.9787E+09,  1.3525E+10, 0.0011, 1.4221E+02
  2.5000E-01,  2.6185E+09,  1.0490E+10, 0.0011, 1.4221E+02
  2.8000E-01,  2.3357E+09,  8.3580E+09, 0.0011, 1.4221E+02
  3.2000E-01,  2.0411E+09,  6.3746E+09, 0.0011, 1.4221E+02
  3.5000E-01,  1.8656E+09,  5.3219E+09, 0.0011, 1.4221E+02
  4.0000E-01,  1.6304E+09,  4.0869E+09, 0.0011, 1.4221E+02
  4.5000E-01,  1.4479E+09,  3.2153E+09, 0.0011, 1.4221E+02
  5.0000E-01,  1.3026E+09,  2.5959E+09, 0.0011, 1.4221E+02
  5.5000E-01,  1.1840E+09,  2.1492E+09, 0.0011, 1.4221E+02
  6.3000E-01,  1.0323E+09,  1.6422E+09, 0.0011, 1.4221E+02
  7.1000E-01,  9.1504E+08,  1.2890E+09, 0.0011, 1.4221E+02
  8.0000E-01,  8.1140E+08,  1.0141E+09, 0.0011, 1.4221E+02
  9.0000E-01,  7.2074E+08,  7.9923E+08, 0.0011, 1.4221E+02
  1.0000E+00,  6.4851E+08,  6.4527E+08, 0.0011, 1.4221E+02
  1.1000E+00,  5.8965E+08,  5.3192E+08, 0.0011, 1.4221E+02
  1.2000E+00,  5.4062E+08,  4.4872E+08, 0.0011, 1.4221E+02
  1.4000E+00,  4.6257E+08,  3.3182E+08, 0.0011, 1.4221E+02
  1.6000E+00,  4.0413E+08,  2.5253E+08, 0.0011, 1.4221E+02
  1.8000E+00,  3.5901E+08,  1.9867E+08, 0.0011, 1.4221E+02
  2.0000E+00,  3.2311E+08,  1.6040E+08, 0.0011, 1.4221E+02
  2.2000E+00,  2.9380E+08,  1.3271E+08, 0.0011, 1.4221E+02
  2.5000E+00,  2.5845E+08,  1.0293E+08, 0.0011, 1.4221E+02
  2.8000E+00,  2.3032E+08,  8.4591E+07, 0.0011, 1.4221E+02
  3.2000E+00,  1.9931E+08,  7.0478E+07, 0.0011, 1.4221E+02
  3.5000E+00,  1.7967E+08,  6.0456E+07, 0.0011, 1.4221E+02
  4.0000E+00,  1.5323E+08,  4.5285E+07, 0.0011, 1.4221E+02
  4.5000E+00,  1.3321E+08,  3.4811E+07, 0.0011, 1.4221E+02
  5.0000E+00,  1.1729E+08,  2.8873E+07, 0.0011, 1.4221E+02
  5.5000E+00,  1.0389E+08,  2.4711E+07, 0.0011, 1.4221E+02
  6.3000E+00,  8.6750E+07,  1.8150E+07, 0.0011, 1.4221E+02
  7.1000E+00,  7.3821E+07,  1.4171E+07, 0.0011, 1.4221E+02
  8.0000E+00,  6.2447E+07,  1.1105E+07, 0.0011, 1.4221E+02
  9.0000E+00,  5.2751E+07,  8.2868E+06, 0.0011, 1.4221E+02
  1.0000E+01,  4.5286E+07,  6.6423E+06, 0.0011, 1.4221E+02
  1.1000E+01,  3.9225E+07,  5.4795E+06, 0.0011, 1.4221E+02
  1.2000E+01,  3.4289E+07,  4.3924E+06, 0.0011, 1.4221E+02
  1.4000E+01,  2.6880E+07,  3.0167E+06, 0.0011, 1.4221E+02
  1.6000E+01,  2.1677E+07,  2.1868E+06, 0.0011, 1.4221E+02
  1.8000E+01,  1.7875E+07,  1.6147E+06, 0.0011, 1.4221E+02
  2.0000E+01,  1.5031E+07,  1.2296E+06, 0.0011, 1.4221E+02
  2.2000E+01,  1.2829E+07,  9.7250E+05, 0.0011, 1.4221E+02
  2.5000E+01,  1.0337E+07,  6.8885E+05, 0.0011, 1.4221E+02
  2.8000E+01,  8.5372E+06,  5.1090E+05, 0.0011, 1.4221E+02
  3.2000E+01,  6.8200E+06,  3.4771E+05, 0.0011, 1.4221E+02
  3.5000E+01,  5.8949E+06,  2.6903E+05, 0.0011, 1.4221E+02
  4.0000E+01,  4.7596E+06,  1.8507E+05, 0.0011, 1.4221E+02
  4.5000E+01,  3.9720E+06,  1.3000E+05, 0.0011, 1.4221E+02
  5.0000E+01,  3.4115E+06,  9.4172E+04, 0.0011, 1.4221E+02
  5.5000E+01,  2.9989E+06,  7.0889E+04, 0.0011, 1.4221E+02
  6.3000E+01,  2.5284E+06,  4.6736E+04, 0.0011, 1.4221E+02
  7.1000E+01,  2.2145E+06,  3.1721E+04, 0.0011, 1.4221E+02
  8.0000E+01,  1.9746E+06,  2.1606E+04, 0.0011, 1.4221E+02
  9.0000E+01,  1.7935E+06,  1.4616E+04, 0.0011, 1.4221E+02
  1.0000E+02,  1.6717E+06,  9.7302E+03, 0.0011, 1.4221E+02
  1.1000E+02,  1.5902E+06,  6.5683E+03, 0.0011, 1.4221E+02
  1.2000E+02,  1.5322E+06,  5.0345E+03, 0.0011, 1.4221E+02
  1.4000E+02,  1.4500E+06,  3.1885E+03, 0.0011, 1.4221E+02
  1.6000E+02,  1.3898E+06,  2.8294E+03, 0.0015, 3.7922E+02
  1.8000E+02,  1.3142E+06,  4.7369E+03, 0.0037, 8.0584E+02
  2.0000E+02,  1.2109E+06,  5.5851E+03, 0.0063, 1.2325E+03
  2.2000E+02,  1.0981E+06,  5.6978E+03, 0.0088, 1.5169E+03
  2.5000E+02,  9.3626E+05,  5.0921E+03, 0.0120, 1.8487E+03
  2.8000E+02,  7.9402E+05,  4.3906E+03, 0.0152, 2.5597E+03
  3.2000E+02,  6.3839E+05,  3.3913E+03, 0.0196, 3.0812E+03
  3.5000E+02,  5.4521E+05,  2.8204E+03, 0.0229, 3.7922E+03
  4.0000E+02,  4.1777E+05,  2.2771E+03, 0.0301, 4.8351E+03
  4.5000E+02,  3.1664E+05,  1.7681E+03, 0.0368, 5.7357E+03
  5.0000E+02,  2.4220E+05,  1.2097E+03, 0.0430, 6.8734E+03
'End of Block'
'*',    52,     1,    25,    22,     3,    19,    75,     0
'SPENVIS 4.6.10.3408          -  5-Apr-2020 01:19:01'
'PRJ_DEF', -1,'TESTING'
'PRJ_HDR', -1,'test1'
'MOD_ABB', -1,'SEP'
'MIS_PLA',  1,    3,' '
'MIS_NTR',  1,    1,' '
'MIS_STA',  1,  25567.00000000,' '
'MIS_END',  1,  29217.00000000,' '
'MIS_DUR',  1, 3.650000E+03,'days'
'SEP_IEL',  1,  1,' '
'SEP_JEL',  1,  9,' '
'SEP_MOD', -1,'ESP-PSYCHIC total fluence'
'SEP_TMI',  1,  7.0,'years'
'SEP_TMA',  1,  3.0,'years'
'SEP_DUR',  1, 10.0,'years'
'SEP_NCY',  1,  2,' '
'SEP_NOR',  1,  0,' '
'SEP_NAL',  1,  0,' '
'SEP_PRB',  1,  50.0,'%'
'SEP_OMN',  1, 1, ' '
'SEP_ABS', -1,'Energy'
'SEP_IGC',  1,  1,' '
'SEP_IGV',  1,  1,' '
'SEP_IST',  1,  0,' '
'PLT_HDR', -1,'ESP-PSYCHIC total fluence: solar ions'
'SPECIES', -9,'H ','He','Li','Be','B ','C ','N ','O ','F '
'PS Annotation',  8,  1
'Mission start: 01/01/2020 00:00:00'
 0.05, 0.00, 0.00
'Mission end: 29/12/2029 00:00:00'
 0.95, 0.00, 1.00
'Nr. of segments:   1'
 0.05, 1.50, 0.00
'Duration: 3650.00 days'
 0.95, 0.00, 1.00
'PS Annotation', 12,  0
'Solar particle model: ESP-PSYCHIC total fluence'
 0.05, 2.00, 0.00
'Mission duration: 10.00 years, spanning 2 solar cycles'
 0.10, 1.50, 0.00
'7.00 years in solar maximum'
 0.15, 1.50, 0.00
'3.00 years in solar minimum'
 0.15, 1.50, 0.00
'Confidence level: 50.000%'
 0.10, 1.50, 0.00
'Magnetic shielding:    quiet magnetosphere'
 0.10, 1.50, 0.00
'Energy','MeV/n', 1,'Energy'
'IFlux','cm!u-2!n',  9,'Integral Fluence of ','SPECIES'
'DFlux','cm!u-2!n (MeV/n)!u-1!n',  9,'Differential Fluence of ','SPECIES'
  1.0000E-01,  6.5857E+09,  1.4466E+08,  6.4306E-02,  8.1811E-02,  2.0475E+00,  6.9493E+05,  2.5845E+05,  2.5236E+06,  1.0766E+02,  6.4111E+10,  5.4144E+08,  2.4017E-01,  3.0555E-01,  6.6164E+00,  2.2532E+06,  8.4259E+05,  8.4010E+06,  3.6769E+02
  1.1000E-01,  5.9940E+09,  1.3933E+08,  6.1938E-02,  7.8799E-02,  1.9823E+00,  6.7270E+05,  2.5014E+05,  2.4407E+06,  1.0404E+02,  5.4213E+10,  5.2612E+08,  2.3337E-01,  2.9690E-01,  6.4354E+00,  2.1916E+06,  8.1952E+05,  8.1708E+06,  3.5752E+02
  1.2000E-01,  5.4943E+09,  1.3414E+08,  5.9638E-02,  7.5873E-02,  1.9188E+00,  6.5110E+05,  2.4206E+05,  2.3602E+06,  1.0051E+02,  4.5733E+10,  5.1080E+08,  2.2657E-01,  2.8826E-01,  6.2544E+00,  2.1299E+06,  7.9644E+05,  7.9405E+06,  3.4736E+02
  1.4000E-01,  4.6988E+09,  1.2423E+08,  5.5243E-02,  7.0281E-02,  1.7974E+00,  6.0973E+05,  2.2659E+05,  2.2060E+06,  9.3767E+01,  3.3819E+10,  4.8015E+08,  2.1298E-01,  2.7097E-01,  5.8925E+00,  2.0067E+06,  7.5029E+05,  7.4800E+06,  3.2702E+02
  1.6000E-01,  4.1032E+09,  1.1494E+08,  5.1119E-02,  6.5034E-02,  1.6831E+00,  5.7083E+05,  2.1205E+05,  2.0610E+06,  8.7430E+01,  2.5737E+10,  4.4950E+08,  1.9938E-01,  2.5368E-01,  5.5306E+00,  1.8835E+06,  7.0414E+05,  7.0195E+06,  3.0669E+02
  1.8000E-01,  3.6434E+09,  1.0625E+08,  4.7267E-02,  6.0134E-02,  1.5761E+00,  5.3439E+05,  1.9843E+05,  1.9252E+06,  8.1500E+01,  2.0248E+10,  4.1885E+08,  1.8579E-01,  2.3639E-01,  5.1687E+00,  1.7603E+06,  6.5799E+05,  6.5590E+06,  2.8636E+02
  2.0000E-01,  3.2774E+09,  9.8182E+07,  4.3688E-02,  5.5579E-02,  1.4764E+00,  5.0042E+05,  1.8573E+05,  1.7986E+06,  7.5976E+01,  1.6348E+10,  3.8821E+08,  1.7219E-01,  2.1909E-01,  4.8067E+00,  1.6370E+06,  6.1184E+05,  6.0985E+06,  2.6603E+02
  2.2000E-01,  2.9787E+09,  9.0724E+07,  4.0380E-02,  5.1370E-02,  1.3839E+00,  4.6891E+05,  1.7395E+05,  1.6813E+06,  7.0858E+01,  1.3525E+10,  3.5756E+08,  1.5860E-01,  2.0180E-01,  4.4448E+00,  1.5138E+06,  5.6569E+05,  5.6380E+06,  2.4570E+02
  2.5000E-01,  2.6185E+09,  8.0687E+07,  3.5928E-02,  4.5705E-02,  1.2587E+00,  4.2627E+05,  1.5802E+05,  1.5225E+06,  6.3945E+01,  1.0490E+10,  3.1159E+08,  1.3821E-01,  1.7587E-01,  3.9019E+00,  1.3290E+06,  4.9647E+05,  4.9472E+06,  2.1520E+02
  2.8000E-01,  2.3357E+09,  7.2029E+07,  3.2087E-02,  4.0818E-02,  1.1498E+00,  3.8917E+05,  1.4416E+05,  1.3844E+06,  5.7947E+01,  8.3580E+09,  2.6562E+08,  1.1782E-01,  1.4993E-01,  3.3590E+00,  1.1441E+06,  4.2724E+05,  4.2565E+06,  1.8470E+02
  3.2000E-01,  2.0411E+09,  6.2630E+07,  2.7918E-02,  3.5513E-02,  1.0299E+00,  3.4833E+05,  1.2892E+05,  1.2326E+06,  5.1372E+01,  6.3746E+09,  2.0432E+08,  9.0627E-02,  1.1535E-01,  2.6352E+00,  8.9768E+05,  3.3494E+05,  3.3355E+06,  1.4403E+02
  3.5000E-01,  1.8656E+09,  5.7190E+07,  2.5505E-02,  3.2441E-02,  9.5897E-01,  3.2418E+05,  1.1991E+05,  1.1429E+06,  4.7508E+01,  5.3219E+09,  1.5835E+08,  7.0235E-02,  8.9408E-02,  2.0923E+00,  7.1284E+05,  2.6572E+05,  2.6447E+06,  1.1354E+02
  4.0000E-01,  1.6304E+09,  5.0776E+07,  2.2661E-02,  2.8819E-02,  8.7222E-01,  2.9462E+05,  1.0890E+05,  1.0334E+06,  4.2834E+01,  4.0869E+09,  9.8214E+07,  4.3558E-02,  5.5477E-02,  1.3775E+00,  4.6950E+05,  1.7459E+05,  1.7354E+06,  7.3453E+01
  4.5000E-01,  1.4479E+09,  4.6195E+07,  2.0629E-02,  2.6232E-02,  8.0769E-01,  2.7262E+05,  1.0073E+05,  9.5211E+05,  3.9398E+01,  3.2153E+09,  8.4988E+07,  3.7687E-02,  4.8008E-02,  1.2038E+00,  4.1037E+05,  1.5250E+05,  1.5150E+06,  6.3961E+01
  5.0000E-01,  1.3026E+09,  4.2277E+07,  1.8892E-02,  2.4018E-02,  7.5184E-01,  2.5358E+05,  9.3654E+04,  8.8188E+05,  3.6438E+01,  2.5959E+09,  7.1761E+07,  3.1815E-02,  4.0539E-02,  1.0300E+00,  3.5124E+05,  1.3040E+05,  1.2946E+06,  5.4469E+01
  5.5000E-01,  1.1840E+09,  3.9019E+07,  1.7448E-02,  2.2178E-02,  7.0469E-01,  2.3750E+05,  8.7686E+04,  8.2266E+05,  3.3951E+01,  2.1492E+09,  5.8534E+07,  2.5943E-02,  3.3070E-02,  8.5626E-01,  2.9211E+05,  1.0831E+05,  1.0741E+06,  4.4977E+01
  6.3000E-01,  1.0323E+09,  3.4918E+07,  1.5630E-02,  1.9861E-02,  6.4394E-01,  2.1677E+05,  8.0008E+04,  7.4656E+05,  3.0775E+01,  1.6422E+09,  4.3994E+07,  1.9494E-02,  2.4859E-02,  6.6247E-01,  2.2601E+05,  8.3642E+04,  8.2824E+05,  3.4437E+01
  7.1000E-01,  9.1504E+08,  3.1688E+07,  1.4199E-02,  1.8035E-02,  5.9497E-01,  2.0007E+05,  7.3831E+04,  6.8542E+05,  2.8236E+01,  1.2890E+09,  3.6772E+07,  1.6300E-02,  2.0783E-02,  5.6178E-01,  1.9143E+05,  7.0795E+04,  7.0047E+05,  2.9035E+01
  8.0000E-01,  8.1140E+08,  2.8744E+07,  1.2893E-02,  1.6371E-02,  5.4950E-01,  1.8460E+05,  6.8109E+04,  6.2884E+05,  2.5896E+01,  1.0141E+09,  2.8647E+07,  1.2706E-02,  1.6198E-02,  4.4850E-01,  1.5252E+05,  5.6343E+04,  5.5673E+05,  2.2957E+01
  9.0000E-01,  7.2074E+08,  2.6112E+07,  1.1726E-02,  1.4883E-02,  5.0798E-01,  1.7048E+05,  6.2898E+04,  5.7737E+05,  2.3777E+01,  7.9923E+08,  2.3997E+07,  1.0648E-02,  1.3571E-02,  3.8204E-01,  1.2978E+05,  4.7891E+04,  4.7273E+05,  1.9425E+01
  1.0000E+00,  6.4851E+08,  2.3816E+07,  1.0707E-02,  1.3584E-02,  4.7135E-01,  1.5804E+05,  5.8308E+04,  5.3207E+05,  2.1917E+01,  6.4527E+08,  2.1918E+07,  9.7264E-03,  1.2395E-02,  3.5046E-01,  1.1906E+05,  4.3907E+04,  4.3320E+05,  1.7784E+01
  1.1000E+00,  5.8965E+08,  2.1728E+07,  9.7805E-03,  1.2404E-02,  4.3788E-01,  1.4667E+05,  5.4116E+04,  4.9073E+05,  2.0221E+01,  5.3192E+08,  1.9839E+07,  8.8048E-03,  1.1218E-02,  3.1888E-01,  1.0835E+05,  3.9923E+04,  3.9366E+05,  1.6143E+01
  1.2000E+00,  5.4062E+08,  1.9848E+07,  8.9461E-03,  1.1341E-02,  4.0757E-01,  1.3637E+05,  5.0323E+04,  4.5334E+05,  1.8688E+01,  4.4872E+08,  1.7760E+07,  7.8832E-03,  1.0042E-02,  2.8731E-01,  9.7629E+04,  3.5939E+04,  3.5413E+05,  1.4502E+01
  1.4000E+00,  4.6257E+08,  1.6712E+07,  7.5538E-03,  9.5677E-03,  3.5643E-01,  1.1899E+05,  4.3932E+04,  3.9042E+05,  1.6116E+01,  3.3182E+08,  1.3602E+07,  6.0399E-03,  7.6889E-03,  2.2415E-01,  7.6196E+04,  2.7970E+04,  2.7507E+05,  1.1220E+01
  1.6000E+00,  4.0413E+08,  1.4407E+07,  6.5301E-03,  8.2652E-03,  3.1791E-01,  1.0589E+05,  3.9135E+04,  3.4331E+05,  1.4200E+01,  2.5253E+08,  9.4442E+06,  4.1967E-03,  5.3361E-03,  1.6099E-01,  5.4763E+04,  2.0002E+04,  1.9600E+05,  7.9388E+00
  1.8000E+00,  3.5901E+08,  1.2806E+07,  5.8186E-03,  7.3611E-03,  2.9011E-01,  9.6432E+04,  3.5689E+04,  3.0961E+05,  1.2840E+01,  1.9867E+08,  6.5614E+06,  2.9184E-03,  3.7050E-03,  1.1702E-01,  3.9836E+04,  1.4457E+04,  1.4101E+05,  5.6603E+00
  2.0000E+00,  3.2311E+08,  1.1546E+07,  5.2578E-03,  6.6491E-03,  2.6754E-01,  8.8749E+04,  3.2902E+04,  2.8244E+05,  1.1750E+01,  1.6040E+08,  6.0471E+06,  2.6895E-03,  3.4144E-03,  1.0867E-01,  3.6992E+04,  1.3411E+04,  1.3071E+05,  5.2447E+00
  2.2000E+00,  2.9380E+08,  1.0388E+07,  4.7428E-03,  5.9953E-03,  2.4664E-01,  8.1635E+04,  3.0325E+04,  2.5733E+05,  1.0742E+01,  1.3271E+08,  5.5327E+06,  2.4605E-03,  3.1238E-03,  1.0033E-01,  3.4148E+04,  1.2366E+04,  1.2042E+05,  4.8291E+00
  2.5000E+00,  2.5845E+08,  8.8436E+06,  4.0562E-03,  5.1236E-03,  2.1842E-01,  7.2031E+04,  2.6850E+04,  2.2352E+05,  9.3871E+00,  1.0293E+08,  4.7611E+06,  2.1171E-03,  2.6880E-03,  8.7804E-02,  2.9882E+04,  1.0798E+04,  1.0497E+05,  4.2057E+00
  2.8000E+00,  2.3032E+08,  7.5310E+06,  3.4726E-03,  4.3825E-03,  1.9396E-01,  6.3706E+04,  2.3846E+04,  1.9434E+05,  8.2189E+00,  8.4591E+07,  3.9896E+06,  1.7736E-03,  2.2521E-03,  7.5283E-02,  2.5615E+04,  9.2296E+03,  8.9532E+04,  3.5823E+00
  3.2000E+00,  1.9931E+08,  6.1409E+06,  2.8547E-03,  3.5979E-03,  1.6719E-01,  5.4598E+04,  2.0572E+04,  1.6265E+05,  6.9522E+00,  7.0478E+07,  2.9608E+06,  1.3157E-03,  1.6710E-03,  5.8588E-02,  1.9927E+04,  7.1388E+03,  6.8941E+04,  2.7511E+00
  3.5000E+00,  1.7967E+08,  5.3684E+06,  2.5115E-03,  3.1620E-03,  1.5149E-01,  4.9259E+04,  1.8666E+04,  1.4428E+05,  6.2204E+00,  6.0456E+07,  2.1893E+06,  9.7225E-04,  1.2351E-03,  4.6067E-02,  1.5661E+04,  5.5706E+03,  5.3498E+04,  2.1278E+00
  4.0000E+00,  1.5323E+08,  4.5221E+06,  2.1360E-03,  2.6848E-03,  1.3257E-01,  4.2831E+04,  1.6395E+04,  1.2260E+05,  5.3607E+00,  4.5285E+07,  1.1956E+06,  5.2993E-04,  6.7380E-04,  2.9603E-02,  1.0053E+04,  3.5113E+03,  3.3234E+04,  1.3110E+00
  4.5000E+00,  1.3321E+08,  3.9648E+06,  1.8890E-03,  2.3707E-03,  1.1875E-01,  3.8138E+04,  1.4760E+04,  1.0715E+05,  4.7512E+00,  3.4811E+07,  1.0338E+06,  4.5783E-04,  5.8251E-04,  2.5676E-02,  8.7196E+03,  3.0294E+03,  2.8550E+04,  1.1269E+00
  5.0000E+00,  1.1729E+08,  3.4884E+06,  1.6782E-03,  2.1023E-03,  1.0689E-01,  3.4111E+04,  1.3366E+04,  9.4049E+04,  4.2338E+00,  2.8873E+07,  8.7196E+05,  3.8573E-04,  4.9122E-04,  2.1750E-02,  7.3866E+03,  2.5475E+03,  2.3866E+04,  9.4278E-01
  5.5000E+00,  1.0389E+08,  3.0928E+06,  1.5033E-03,  1.8795E-03,  9.7002E-02,  3.0751E+04,  1.2213E+04,  8.3287E+04,  3.8084E+00,  2.4711E+07,  7.1013E+05,  3.1363E-04,  3.9993E-04,  1.7823E-02,  6.0536E+03,  2.0657E+03,  1.9182E+04,  7.5864E-01
  6.3000E+00,  8.6750E+07,  2.5973E+06,  1.2846E-03,  1.6004E-03,  8.4525E-02,  2.6513E+04,  1.0773E+04,  6.9996E+04,  3.2822E+00,  1.8150E+07,  5.2867E+05,  2.3315E-04,  2.9775E-04,  1.3367E-02,  4.5413E+03,  1.5346E+03,  1.4044E+04,  5.5680E-01
  7.1000E+00,  7.3821E+07,  2.2127E+06,  1.1149E-03,  1.3837E-03,  7.4807E-02,  2.3211E+04,  9.6513E+03,  5.9775E+04,  2.8765E+00,  1.4171E+07,  4.3285E+05,  1.9120E-04,  2.4407E-04,  1.0930E-02,  3.7149E+03,  1.2686E+03,  1.1509E+04,  4.5750E-01
  8.0000E+00,  6.2447E+07,  1.8717E+06,  9.6401E-04,  1.1912E-03,  6.6204E-02,  2.0286E+04,  8.6442E+03,  5.0699E+04,  2.5150E+00,  1.1105E+07,  3.2504E+05,  1.4402E-04,  1.8369E-04,  8.1877E-03,  2.7853E+03,  9.6941E+02,  8.6580E+03,  3.4578E-01
  9.0000E+00,  5.2751E+07,  1.5823E+06,  8.3571E-04,  1.0276E-03,  5.8884E-02,  1.7795E+04,  7.7725E+03,  4.2981E+04,  2.2061E+00,  8.2868E+06,  2.5368E+05,  1.1259E-04,  1.4350E-04,  6.4518E-03,  2.1957E+03,  7.7399E+02,  6.7792E+03,  2.7201E-01
  1.0000E+01,  4.5286E+07,  1.3501E+06,  7.3267E-04,  8.9628E-04,  5.2915E-02,  1.5764E+04,  7.0560E+03,  3.6762E+04,  1.9562E+00,  6.6423E+06,  2.1075E+05,  9.3487E-05,  1.1913E-04,  5.4856E-03,  1.8664E+03,  6.5905E+02,  5.6575E+03,  2.2781E-01
  1.1000E+01,  3.9225E+07,  1.1608E+06,  6.4873E-04,  7.8934E-04,  4.7913E-02,  1.4063E+04,  6.4544E+03,  3.1666E+04,  1.7505E+00,  5.4795E+06,  1.6783E+05,  7.4386E-05,  9.4752E-05,  4.5195E-03,  1.5371E+03,  5.4411E+02,  4.5359E+03,  1.8361E-01
  1.2000E+01,  3.4289E+07,  1.0144E+06,  5.8390E-04,  7.0678E-04,  4.3876E-02,  1.2690E+04,  5.9677E+03,  2.7690E+04,  1.5890E+00,  4.3924E+06,  1.2491E+05,  5.5285E-05,  7.0376E-05,  3.5533E-03,  1.2079E+03,  4.2918E+02,  3.4143E+03,  1.3942E-01
  1.4000E+01,  2.6880E+07,  7.9779E+05,  4.8802E-04,  5.8471E-04,  3.7608E-02,  1.0559E+04,  5.1999E+03,  2.1738E+04,  1.3464E+00,  3.0167E+06,  9.1708E+04,  4.0589E-05,  5.1690E-05,  2.7146E-03,  9.2284E+02,  3.3864E+02,  2.5377E+03,  1.0318E-01
  1.6000E+01,  2.1677E+07,  6.4173E+05,  4.1893E-04,  4.9668E-04,  3.2896E-02,  8.9573E+03,  4.5977E+03,  1.7388E+04,  1.1705E+00,  2.1868E+06,  6.4354E+04,  2.8504E-05,  3.6345E-05,  1.9974E-03,  6.7932E+02,  2.6358E+02,  1.8130E+03,  7.2739E-02
  1.8000E+01,  1.7875E+07,  5.3416E+05,  3.7127E-04,  4.3588E-04,  2.9469E-02,  7.7914E+03,  4.1319E+03,  1.4327E+04,  1.0483E+00,  1.6147E+06,  4.3217E+04,  1.9155E-05,  2.4456E-05,  1.4302E-03,  4.8658E+02,  2.0227E+02,  1.2476E+03,  4.9480E-02
  2.0000E+01,  1.5031E+07,  4.5732E+05,  3.3723E-04,  3.9244E-04,  2.6897E-02,  6.9166E+03,  3.7631E+03,  1.2101E+04,  9.5923E-01,  1.2296E+06,  3.3626E+04,  1.4885E-05,  1.8985E-05,  1.1416E-03,  3.8817E+02,  1.6649E+02,  9.7825E+02,  3.9556E-02
  2.2000E+01,  1.2829E+07,  3.9966E+05,  3.1173E-04,  3.5994E-04,  2.4902E-02,  6.2387E+03,  3.4659E+03,  1.0414E+04,  8.9004E-01,  9.7250E+05,  2.4035E+04,  1.0615E-05,  1.3514E-05,  8.5307E-04,  2.8977E+02,  1.3071E+02,  7.0888E+02,  2.9631E-02
  2.5000E+01,  1.0337E+07,  3.3869E+05,  2.8480E-04,  3.2565E-04,  2.2700E-02,  5.4905E+03,  3.1222E+03,  8.6072E+03,  8.1345E-01,  6.8885E+05,  1.6610E+04,  7.3395E-06,  9.3453E-06,  6.1511E-04,  2.0904E+02,  9.8455E+01,  4.9576E+02,  2.1431E-02
  2.8000E+01,  8.5372E+06,  2.9739E+05,  2.6653E-04,  3.0239E-04,  2.1137E-02,  4.9589E+03,  2.8665E+03,  7.3679E+03,  7.5888E-01,  5.1090E+05,  1.0922E+04,  4.8360E-06,  6.1656E-06,  4.2703E-04,  1.4532E+02,  7.1966E+01,  3.3047E+02,  1.4949E-02
  3.2000E+01,  6.8200E+06,  2.6177E+05,  2.4883E-04,  2.8148E-04,  1.9718E-02,  4.4760E+03,  2.6229E+03,  6.2899E+03,  7.0901E-01,  3.4771E+05,  6.8895E+03,  4.0168E-06,  4.2853E-06,  2.8242E-04,  9.6150E+01,  4.9848E+01,  2.0849E+02,  9.9816E-03
  3.5000E+01,  5.8949E+06,  2.4376E+05,  2.3420E-04,  2.6716E-04,  1.8927E-02,  4.2216E+03,  2.4894E+03,  5.7462E+03,  6.8237E-01,  2.6903E+05,  5.1150E+03,  5.7369E-06,  5.2670E-06,  2.4465E-04,  7.3429E+01,  3.9122E+01,  1.5405E+02,  7.7792E-03
  4.0000E+01,  4.7596E+06,  2.2268E+05,  2.0202E-04,  2.3492E-04,  1.7383E-02,  3.9132E+03,  2.3222E+03,  5.1155E+03,  6.3876E-01,  1.8507E+05,  3.3165E+03,  7.1347E-06,  7.6282E-06,  3.7322E-04,  4.9958E+01,  2.7772E+01,  9.8207E+01,  9.6672E-03
  4.5000E+01,  3.9720E+06,  2.0400E+05,  1.6724E-04,  1.9684E-04,  1.5308E-02,  3.6250E+03,  2.1593E+03,  4.5705E+03,  5.7958E-01,  1.3000E+05,  4.1582E+03,  6.7761E-06,  7.6010E-06,  4.5682E-04,  6.5313E+01,  3.7392E+01,  1.1980E+02,  1.4001E-02
  5.0000E+01,  3.4115E+06,  1.8033E+05,  1.3601E-04,  1.6136E-04,  1.3038E-02,  3.2456E+03,  1.9390E+03,  3.9027E+03,  5.0791E-01,  9.4172E+04,  5.3109E+03,  5.7183E-06,  6.5923E-06,  4.5106E-04,  8.6457E+01,  5.0741E+01,  1.4732E+02,  1.4668E-02
  5.5000E+01,  2.9989E+06,  1.5398E+05,  1.1056E-04,  1.3170E-04,  1.0915E-02,  2.8107E+03,  1.6810E+03,  3.1892E+03,  4.3737E-01,  7.0889E+04,  5.2252E+03,  4.4611E-06,  5.2723E-06,  3.9799E-04,  8.7487E+01,  5.2429E+01,  1.3809E+02,  1.3549E-02
  6.3000E+01,  2.5284E+06,  1.1576E+05,  7.9930E-05,  9.5406E-05,  8.1495E-03,  2.1594E+03,  1.2878E+03,  2.2187E+03,  3.4048E-01,  4.6736E+04,  4.3312E+03,  3.1960E-06,  3.8010E-06,  2.9345E-04,  7.5332E+01,  4.5871E+01,  1.0453E+02,  1.0675E-02
  7.1000E+01,  2.2145E+06,  8.5673E+04,  5.7999E-05,  6.9279E-05,  6.0815E-03,  1.6291E+03,  9.6371E+02,  1.5216E+03,  2.6394E-01,  3.1721E+04,  3.1903E+03,  2.2867E-06,  2.7305E-06,  2.2354E-04,  5.7256E+01,  3.5162E+01,  6.9739E+01,  8.4585E-03
  8.0000E+01,  1.9746E+06,  6.1281E+04,  4.0775E-05,  4.8818E-05,  4.3784E-03,  1.1854E+03,  6.9088E+02,  1.0177E+03,  1.9831E-01,  2.1606E+04,  2.2302E+03,  1.5407E-06,  1.8165E-06,  1.5492E-04,  4.1333E+01,  2.5467E+01,  4.2244E+01,  6.1258E-03
  9.0000E+01,  1.7935E+06,  4.2756E+04,  2.7885E-05,  3.3586E-05,  3.0796E-03,  8.3865E+02,  4.7797E+02,  6.8432E+02,  1.4618E-01,  1.4616E+04,  1.4748E+03,  1.0375E-06,  1.2299E-06,  1.0483E-04,  2.8021E+01,  1.7114E+01,  2.4425E+01,  4.3008E-03
  1.0000E+02,  1.6717E+06,  3.0241E+04,  1.9127E-05,  2.3151E-05,  2.1713E-03,  5.9913E+02,  3.3245E+02,  4.8063E+02,  1.0825E-01,  9.7302E+03,  1.0283E+03,  7.1398E-07,  8.5705E-07,  7.6832E-05,  1.9883E+01,  1.1989E+01,  1.6312E+01,  3.2857E-03
  1.1000E+02,  1.5902E+06,  2.1561E+04,  1.3239E-05,  1.6069E-05,  1.5285E-03,  4.3031E+02,  2.3154E+02,  3.4419E+02,  8.0036E-02,  6.5683E+03,  7.0772E+02,  4.6365E-07,  5.5925E-07,  5.1725E-05,  1.3881E+01,  8.1944E+00,  1.0976E+01,  2.3570E-03
  1.2000E+02,  1.5322E+06,  1.5307E+04,  9.2052E-06,  1.1204E-05,  1.0765E-03,  3.0716E+02,  1.5945E+02,  2.4771E+02,  5.9083E-02,  5.0345E+03,  5.4308E+02,  3.4315E-07,  4.1385E-07,  3.8678E-05,  1.0748E+01,  6.2227E+00,  8.3206E+00,  1.8335E-03
  1.4000E+02,  1.4500E+06,  7.5151E+03,  4.3400E-06,  5.3206E-06,  5.2066E-04,  1.5186E+02,  7.1753E+01,  1.2896E+02,  3.1800E-02,  3.1885E+03,  2.3613E+02,  1.4337E-07,  1.7447E-07,  1.6907E-05,  4.7829E+00,  2.5470E+00,  3.5544E+00,  8.9483E-04
  1.6000E+02,  1.3898E+06,  3.9656E+03,  2.2212E-06,  2.7336E-06,  2.6833E-04,  7.9771E+01,  3.4372E+01,  7.4763E+01,  1.8021E-02,  2.8294E+03,  1.1881E+02,  6.8502E-08,  8.4229E-08,  8.3266E-06,  2.4256E+00,  1.1912E+00,  1.8648E+00,  4.8306E-04
  1.8000E+02,  1.3142E+06,  2.1372E+03,  1.1775E-06,  1.4503E-06,  1.4140E-04,  4.2491E+01,  1.6551E+01,  4.5411E+01,  1.0427E-02,  4.7369E+03,  6.4023E+01,  3.5873E-08,  4.4100E-08,  4.3661E-06,  1.3024E+00,  5.9097E-01,  1.0704E+00,  2.7633E-04
  2.0000E+02,  1.2109E+06,  1.1661E+03,  6.3578E-07,  7.8422E-07,  7.5529E-05,  2.2803E+01,  7.9104E+00,  2.8623E+01,  6.1291E-03,  5.5851E+03,  3.3091E+01,  1.8295E-08,  2.2510E-08,  2.2209E-06,  6.6634E-01,  2.7305E-01,  6.0839E-01,  1.5349E-04
  2.2000E+02,  1.0981E+06,  6.6430E+02,  3.5892E-07,  4.4340E-07,  4.2040E-05,  1.2745E+01,  3.9446E+00,  1.8990E+01,  3.7361E-03,  5.6978E+03,  1.7088E+01,  9.3919E-09,  1.1572E-08,  1.1281E-06,  3.3947E-01,  1.2352E-01,  3.5499E-01,  8.5814E-05
  2.5000E+02,  9.3626E+05,  3.0168E+02,  1.6052E-07,  1.9875E-07,  1.8308E-05,  5.5948E+00,  1.4530E+00,  1.0979E+01,  1.8591E-03,  5.0921E+03,  7.0871E+00,  3.8345E-09,  4.7381E-09,  4.5404E-07,  1.3720E-01,  4.2587E-02,  1.7904E-01,  3.9315E-05
  2.8000E+02,  7.9402E+05,  1.4997E+02,  7.8882E-08,  9.7824E-08,  8.7248E-06,  2.6880E+00,  5.9451E-01,  6.8586E+00,  9.9443E-04,  4.3906E+03,  3.0263E+00,  1.6080E-09,  1.9905E-09,  1.8486E-07,  5.6588E-02,  1.4647E-02,  9.5653E-02,  1.8331E-05
  3.2000E+02,  6.3839E+05,  6.1580E+01,  3.2125E-08,  3.9884E-08,  3.3890E-06,  1.0506E+00,  1.8704E-01,  3.8775E+00,  4.4868E-04,  3.3913E+03,  1.3934E+00,  7.2986E-10,  9.0649E-10,  8.1927E-08,  2.5283E-02,  5.7268E-03,  5.3402E-02,  8.9564E-06
  3.5000E+02,  5.4521E+05,  3.3229E+01,  1.7286E-08,  2.1462E-08,  1.7501E-06,  5.4427E-01,  8.0274E-02,  2.6626E+00,  2.5975E-04,  2.8204E+03,  4.9665E-01,  2.5938E-10,  3.2168E-10,  2.7329E-08,  8.4731E-03,  1.3908E-03,  2.7597E-02,  3.6388E-06
  4.0000E+02,  4.1777E+05,  1.3596E+01,  7.0440E-09,  8.7589E-09,  6.7672E-07,  2.1092E-01,  2.6259E-02,  1.5267E+00,  1.1500E-04,  2.2771E+03,  2.8868E-01,  1.5030E-10,  1.8643E-10,  1.5608E-08,  4.8609E-03,  7.6978E-04,  1.7839E-02,  2.1512E-06
  4.5000E+02,  3.1664E+05,  5.1324E+00,  2.6420E-09,  3.2923E-09,  2.2864E-07,  7.1428E-02,  5.5033E-03,  9.1868E-01,  4.9692E-05,  1.7681E+03,  4.9850E-02,  2.5783E-11,  3.2227E-11,  2.3155E-09,  7.1890E-04,  6.0439E-05,  6.4801E-03,  4.6115E-07
  5.0000E+02,  2.4220E+05,  3.1490E+00,  1.6184E-09,  2.0143E-09,  1.3739E-07,  4.3016E-02,  3.1553E-03,  6.4692E-01,  3.1204E-05,  1.2097E+03,  2.9487E-02,  1.5160E-11,  1.8893E-11,  1.3346E-09,  4.1760E-04,  3.3479E-05,  4.3905E-03,  2.7838E-07
'End of File'
