'*',    54,     1,    25,    22,     5,     5,    75,     1
'SPENVIS 4.6.10.3408          -  4-Apr-2020 23:21:26'
'PRJ_DEF', -1,'TESTING'
'PRJ_HDR', -1,'test1'
'MOD_ABB', -1,'SEP'
'MIS_PLA',  1,    3,' '
'MIS_NTR',  1,    1,' '
'MIS_STA',  1,  25567.00000000,' '
'MIS_END',  1,  29217.00000000,' '
'MIS_DUR',  1, 3.650000E+03,'days'
'SEP_IEL',  1,  1,' '
'SEP_JEL',  1,  9,' '
'SEP_MOD', -1,'ESP-PSYCHIC total fluence'
'SEP_TMI',  1,  7.0,'years'
'SEP_TMA',  1,  3.0,'years'
'SEP_DUR',  1, 10.0,'years'
'SEP_NCY',  1,  2,' '
'SEP_NOR',  1,  0,' '
'SEP_NAL',  1,  0,' '
'SEP_PRB',  1,  50.0,'%'
'SEP_OMN',  1, 1, ' '
'SEP_ABS', -1,'Energy'
'SEP_IGC',  1,  1,' '
'SEP_IGV',  1,  1,' '
'SEP_IST',  1,  0,' '
'PLT_HDR', -1,'ESP-PSYCHIC total fluence: solar protons'
'SPECIES', -1,'proton'
'PS Annotation',  8,  1
'Mission start: 01/01/2020 00:00:00'
 0.05, 0.00, 0.00
'Mission end: 29/12/2029 00:00:00'
 0.95, 0.00, 1.00
'Nr. of segments:   1'
 0.05, 1.50, 0.00
'Duration: 3650.00 days'
 0.95, 0.00, 1.00
'PS Annotation', 12,  0
'Solar particle model: ESP-PSYCHIC total fluence'
 0.05, 2.00, 0.00
'Mission duration: 10.00 years, spanning 2 solar cycles'
 0.10, 1.50, 0.00
'7.00 years in solar maximum'
 0.15, 1.50, 0.00
'3.00 years in solar minimum'
 0.15, 1.50, 0.00
'Confidence level: 50.000%'
 0.10, 1.50, 0.00
'Magnetic shielding:    quiet magnetosphere'
 0.10, 1.50, 0.00
'Energy','MeV', 1,'Energy'
'IFlux','cm!u-2!n', 1,'Integral Fluence'
'DFlux','cm!u-2!n MeV!u-1!n', 1,'Differential Fluence'
'Attenuation',' ', 1,'Orbit Averaged Proton Attenuation Factor'
'Exposure','hrs', 1,'Proton Exposure Time'
  1.0000E-01,  1.2338E+12,  1.2013E+13, 0.2035, 2.5288E+04
  1.1000E-01,  1.1230E+12,  1.0159E+13, 0.2035, 2.5288E+04
  1.2000E-01,  1.0293E+12,  8.5696E+12, 0.2035, 2.5288E+04
  1.4000E-01,  8.8025E+11,  6.3371E+12, 0.2035, 2.5288E+04
  1.6000E-01,  7.6865E+11,  4.8228E+12, 0.2035, 2.5288E+04
  1.8000E-01,  6.8248E+11,  3.7942E+12, 0.2035, 2.5288E+04
  2.0000E-01,  6.1390E+11,  3.0633E+12, 0.2035, 2.5288E+04
  2.2000E-01,  5.5793E+11,  2.5344E+12, 0.2035, 2.5288E+04
  2.5000E-01,  4.9042E+11,  1.9657E+12, 0.2035, 2.5288E+04
  2.8000E-01,  4.3745E+11,  1.5662E+12, 0.2035, 2.5288E+04
  3.2000E-01,  3.8223E+11,  1.1945E+12, 0.2035, 2.5288E+04
  3.5000E-01,  3.4936E+11,  9.9725E+11, 0.2035, 2.5288E+04
  4.0000E-01,  3.0528E+11,  7.6583E+11, 0.2035, 2.5288E+04
  4.5000E-01,  2.7107E+11,  6.0249E+11, 0.2035, 2.5288E+04
  5.0000E-01,  2.4385E+11,  4.8643E+11, 0.2035, 2.5288E+04
  5.5000E-01,  2.2162E+11,  4.0273E+11, 0.2035, 2.5288E+04
  6.3000E-01,  1.9320E+11,  3.0773E+11, 0.2035, 2.5288E+04
  7.1000E-01,  1.7123E+11,  2.4154E+11, 0.2035, 2.5288E+04
  8.0000E-01,  1.5181E+11,  1.9003E+11, 0.2035, 2.5288E+04
  9.0000E-01,  1.3482E+11,  1.4976E+11, 0.2035, 2.5288E+04
  1.0000E+00,  1.2129E+11,  1.2091E+11, 0.2035, 2.5288E+04
  1.1000E+00,  1.1026E+11,  9.9674E+10, 0.2035, 2.5288E+04
  1.2000E+00,  1.0107E+11,  8.4083E+10, 0.2035, 2.5288E+04
  1.4000E+00,  8.6443E+10,  6.2178E+10, 0.2035, 2.5288E+04
  1.6000E+00,  7.5494E+10,  4.7320E+10, 0.2035, 2.5288E+04
  1.8000E+00,  6.7039E+10,  3.7227E+10, 0.2035, 2.5288E+04
  2.0000E+00,  6.0311E+10,  3.0056E+10, 0.2035, 2.5288E+04
  2.2000E+00,  5.4818E+10,  2.4867E+10, 0.2035, 2.5288E+04
  2.5000E+00,  4.8195E+10,  1.9287E+10, 0.2035, 2.5288E+04
  2.8000E+00,  4.2925E+10,  1.5851E+10, 0.2035, 2.5288E+04
  3.2000E+00,  3.7113E+10,  1.3206E+10, 0.2035, 2.5288E+04
  3.5000E+00,  3.3433E+10,  1.1328E+10, 0.2035, 2.5288E+04
  4.0000E+00,  2.8479E+10,  8.4857E+09, 0.2035, 2.5288E+04
  4.5000E+00,  2.4727E+10,  6.5231E+09, 0.2035, 2.5288E+04
  5.0000E+00,  2.1744E+10,  5.4103E+09, 0.2035, 2.5288E+04
  5.5000E+00,  1.9234E+10,  4.6305E+09, 0.2035, 2.5288E+04
  6.3000E+00,  1.6021E+10,  3.4010E+09, 0.2035, 2.5288E+04
  7.1000E+00,  1.3598E+10,  2.6555E+09, 0.2035, 2.5288E+04
  8.0000E+00,  1.1467E+10,  2.0810E+09, 0.2035, 2.5288E+04
  9.0000E+00,  9.6501E+09,  1.5528E+09, 0.2035, 2.5288E+04
  1.0000E+01,  8.2513E+09,  1.2447E+09, 0.2035, 2.5288E+04
  1.1000E+01,  7.1156E+09,  1.0268E+09, 0.2035, 2.5288E+04
  1.2000E+01,  6.1907E+09,  8.2307E+08, 0.2035, 2.5288E+04
  1.4000E+01,  4.8023E+09,  5.6529E+08, 0.2035, 2.5288E+04
  1.6000E+01,  3.8272E+09,  4.0978E+08, 0.2035, 2.5288E+04
  1.8000E+01,  3.1149E+09,  3.0258E+08, 0.2035, 2.5288E+04
  2.0000E+01,  2.5819E+09,  2.3040E+08, 0.2035, 2.5288E+04
  2.2000E+01,  2.1693E+09,  1.8223E+08, 0.2035, 2.5288E+04
  2.5000E+01,  1.7023E+09,  1.2908E+08, 0.2035, 2.5288E+04
  2.8000E+01,  1.3651E+09,  9.5734E+07, 0.2035, 2.5288E+04
  3.2000E+01,  1.0433E+09,  6.5155E+07, 0.2035, 2.5288E+04
  3.5000E+01,  8.6995E+08,  5.0412E+07, 0.2035, 2.5288E+04
  4.0000E+01,  6.5722E+08,  3.4678E+07, 0.2035, 2.5288E+04
  4.5000E+01,  5.0962E+08,  2.4360E+07, 0.2035, 2.5288E+04
  5.0000E+01,  4.0461E+08,  1.7646E+07, 0.2035, 2.5288E+04
  5.5000E+01,  3.2728E+08,  1.3283E+07, 0.2035, 2.5288E+04
  6.3000E+01,  2.3912E+08,  8.7577E+06, 0.2035, 2.5288E+04
  7.1000E+01,  1.8031E+08,  5.9439E+06, 0.2035, 2.5288E+04
  8.0000E+01,  1.3534E+08,  4.0487E+06, 0.2035, 2.5288E+04
  9.0000E+01,  1.0141E+08,  2.7387E+06, 0.2035, 2.5288E+04
  1.0000E+02,  7.8596E+07,  1.8233E+06, 0.2035, 2.5288E+04
  1.1000E+02,  6.3326E+07,  1.2308E+06, 0.2035, 2.5288E+04
  1.2000E+02,  5.2455E+07,  9.4339E+05, 0.2035, 2.5288E+04
  1.4000E+02,  3.7046E+07,  5.9747E+05, 0.2035, 2.5288E+04
  1.6000E+02,  2.7210E+07,  3.8611E+05, 0.2047, 2.5922E+04
  1.8000E+02,  2.0702E+07,  2.6473E+05, 0.2090, 2.6466E+04
  2.0000E+02,  1.6159E+07,  1.8956E+05, 0.2135, 2.7191E+04
  2.2000E+02,  1.2854E+07,  1.4090E+05, 0.2174, 2.7327E+04
  2.5000E+02,  9.3331E+06,  9.3860E+04, 0.2216, 2.8052E+04
  2.8000E+02,  6.9505E+06,  6.4977E+04, 0.2257, 2.8596E+04
  3.2000E+02,  4.8512E+06,  3.9989E+04, 0.2306, 2.9230E+04
  3.5000E+02,  3.8179E+06,  2.8895E+04, 0.2342, 2.9729E+04
  4.0000E+02,  2.6404E+06,  1.8208E+04, 0.2408, 3.0680E+04
  4.5000E+02,  1.8887E+06,  1.1858E+04, 0.2468, 3.1405E+04
  5.0000E+02,  1.4155E+06,  7.0702E+03, 0.2514, 3.1859E+04
'End of Block'
'*',    52,     1,    25,    22,     3,    19,    75,     0
'SPENVIS 4.6.10.3408          -  4-Apr-2020 23:21:26'
'PRJ_DEF', -1,'TESTING'
'PRJ_HDR', -1,'test1'
'MOD_ABB', -1,'SEP'
'MIS_PLA',  1,    3,' '
'MIS_NTR',  1,    1,' '
'MIS_STA',  1,  25567.00000000,' '
'MIS_END',  1,  29217.00000000,' '
'MIS_DUR',  1, 3.650000E+03,'days'
'SEP_IEL',  1,  1,' '
'SEP_JEL',  1,  9,' '
'SEP_MOD', -1,'ESP-PSYCHIC total fluence'
'SEP_TMI',  1,  7.0,'years'
'SEP_TMA',  1,  3.0,'years'
'SEP_DUR',  1, 10.0,'years'
'SEP_NCY',  1,  2,' '
'SEP_NOR',  1,  0,' '
'SEP_NAL',  1,  0,' '
'SEP_PRB',  1,  50.0,'%'
'SEP_OMN',  1, 1, ' '
'SEP_ABS', -1,'Energy'
'SEP_IGC',  1,  1,' '
'SEP_IGV',  1,  1,' '
'SEP_IST',  1,  0,' '
'PLT_HDR', -1,'ESP-PSYCHIC total fluence: solar ions'
'SPECIES', -9,'H ','He','Li','Be','B ','C ','N ','O ','F '
'PS Annotation',  8,  1
'Mission start: 01/01/2020 00:00:00'
 0.05, 0.00, 0.00
'Mission end: 29/12/2029 00:00:00'
 0.95, 0.00, 1.00
'Nr. of segments:   1'
 0.05, 1.50, 0.00
'Duration: 3650.00 days'
 0.95, 0.00, 1.00
'PS Annotation', 12,  0
'Solar particle model: ESP-PSYCHIC total fluence'
 0.05, 2.00, 0.00
'Mission duration: 10.00 years, spanning 2 solar cycles'
 0.10, 1.50, 0.00
'7.00 years in solar maximum'
 0.15, 1.50, 0.00
'3.00 years in solar minimum'
 0.15, 1.50, 0.00
'Confidence level: 50.000%'
 0.10, 1.50, 0.00
'Magnetic shielding:    quiet magnetosphere'
 0.10, 1.50, 0.00
'Energy','MeV/n', 1,'Energy'
'IFlux','cm!u-2!n',  9,'Integral Fluence of ','SPECIES'
'DFlux','cm!u-2!n (MeV/n)!u-1!n',  9,'Differential Fluence of ','SPECIES'
  1.0000E-01,  1.2338E+12,  2.7074E+10,  1.2010E+01,  1.5286E+01,  3.8066E+02,  1.2961E+08,  4.8066E+07,  4.7212E+08,  2.0067E+04,  1.2013E+13,  1.0146E+11,  4.5004E+01,  5.7256E+01,  1.2398E+03,  4.2221E+08,  1.5789E+08,  1.5742E+09,  6.8899E+04
  1.1000E-01,  1.1230E+12,  2.6073E+10,  1.1566E+01,  1.4721E+01,  3.6844E+02,  1.2544E+08,  4.6509E+07,  4.5659E+08,  1.9387E+04,  1.0159E+13,  9.8587E+10,  4.3730E+01,  5.5635E+01,  1.2059E+03,  4.1066E+08,  1.5357E+08,  1.5311E+09,  6.6994E+04
  1.2000E-01,  1.0293E+12,  2.5102E+10,  1.1135E+01,  1.4173E+01,  3.5655E+02,  1.2139E+08,  4.4995E+07,  4.4150E+08,  1.8727E+04,  8.5696E+12,  9.5716E+10,  4.2456E+01,  5.4015E+01,  1.1720E+03,  3.9912E+08,  1.4924E+08,  1.4879E+09,  6.5089E+04
  1.4000E-01,  8.8025E+11,  2.3245E+10,  1.0311E+01,  1.3125E+01,  3.3378E+02,  1.1364E+08,  4.2096E+07,  4.1260E+08,  1.7463E+04,  6.3371E+12,  8.9973E+10,  3.9909E+01,  5.0775E+01,  1.1042E+03,  3.7603E+08,  1.4059E+08,  1.4016E+09,  6.1279E+04
  1.6000E-01,  7.6865E+11,  2.1503E+10,  9.5387E+00,  1.2142E+01,  3.1238E+02,  1.0635E+08,  3.9371E+07,  3.8543E+08,  1.6275E+04,  4.8228E+12,  8.4230E+10,  3.7361E+01,  4.7535E+01,  1.0363E+03,  3.5294E+08,  1.3195E+08,  1.3154E+09,  5.7469E+04
  1.8000E-01,  6.8248E+11,  1.9876E+10,  8.8169E+00,  1.1224E+01,  2.9233E+02,  9.9526E+07,  3.6819E+07,  3.5999E+08,  1.5164E+04,  3.7942E+12,  7.8487E+10,  3.4814E+01,  4.4295E+01,  9.6853E+02,  3.2985E+08,  1.2330E+08,  1.2291E+09,  5.3660E+04
  2.0000E-01,  6.1390E+11,  1.8363E+10,  8.1461E+00,  1.0370E+01,  2.7364E+02,  9.3160E+07,  3.4439E+07,  3.3627E+08,  1.4129E+04,  3.0633E+12,  7.2744E+10,  3.2267E+01,  4.1055E+01,  9.0071E+02,  3.0676E+08,  1.1465E+08,  1.1428E+09,  4.9850E+04
  2.2000E-01,  5.5793E+11,  1.6966E+10,  7.5263E+00,  9.5816E+00,  2.5630E+02,  8.7255E+07,  3.2233E+07,  3.1428E+08,  1.3170E+04,  2.5344E+12,  6.7001E+10,  2.9719E+01,  3.7815E+01,  8.3289E+02,  2.8367E+08,  1.0600E+08,  1.0565E+09,  4.6040E+04
  2.5000E-01,  4.9042E+11,  1.5085E+10,  6.6920E+00,  8.5201E+00,  2.3284E+02,  7.9265E+07,  2.9247E+07,  2.8453E+08,  1.1875E+04,  1.9657E+12,  5.8387E+10,  2.5898E+01,  3.2954E+01,  7.3116E+02,  2.4903E+08,  9.3030E+07,  9.2704E+08,  4.0325E+04
  2.8000E-01,  4.3745E+11,  1.3463E+10,  5.9724E+00,  7.6043E+00,  2.1243E+02,  7.2314E+07,  2.6651E+07,  2.5866E+08,  1.0751E+04,  1.5662E+12,  4.9773E+10,  2.2077E+01,  2.8094E+01,  6.2943E+02,  2.1439E+08,  8.0059E+07,  7.9760E+08,  3.4610E+04
  3.2000E-01,  3.8223E+11,  1.1702E+10,  5.1912E+00,  6.6102E+00,  1.8997E+02,  6.4661E+07,  2.3794E+07,  2.3020E+08,  9.5187E+03,  1.1945E+12,  3.8287E+10,  1.6982E+01,  2.1614E+01,  4.9379E+02,  1.6821E+08,  6.2763E+07,  6.2501E+08,  2.6990E+04
  3.5000E-01,  3.4936E+11,  1.0682E+10,  4.7391E+00,  6.0346E+00,  1.7668E+02,  6.0135E+07,  2.2106E+07,  2.1340E+08,  8.7947E+03,  9.9725E+11,  2.9673E+10,  1.3161E+01,  1.6754E+01,  3.9206E+02,  1.3358E+08,  4.9791E+07,  4.9558E+08,  2.1275E+04
  4.0000E-01,  3.0528E+11,  9.4803E+09,  4.2060E+00,  5.3559E+00,  1.6043E+02,  5.4596E+07,  2.0043E+07,  1.9288E+08,  7.9188E+03,  7.6583E+11,  1.8404E+10,  8.1621E+00,  1.0396E+01,  2.5813E+02,  8.7977E+07,  3.2716E+07,  3.2520E+08,  1.3764E+04
  4.5000E-01,  2.7107E+11,  8.6220E+09,  3.8254E+00,  4.8711E+00,  1.4833E+02,  5.0474E+07,  1.8511E+07,  1.7765E+08,  7.2750E+03,  6.0249E+11,  1.5925E+10,  7.0619E+00,  8.9960E+00,  2.2557E+02,  7.6897E+07,  2.8576E+07,  2.8389E+08,  1.1985E+04
  5.0000E-01,  2.4385E+11,  7.8877E+09,  3.4998E+00,  4.4563E+00,  1.3787E+02,  4.6906E+07,  1.7186E+07,  1.6449E+08,  6.7202E+03,  4.8643E+11,  1.3447E+10,  5.9616E+00,  7.5964E+00,  1.9301E+02,  6.5817E+07,  2.4435E+07,  2.4258E+08,  1.0207E+04
  5.5000E-01,  2.2162E+11,  7.2773E+09,  3.2292E+00,  4.1115E+00,  1.2903E+02,  4.3892E+07,  1.6068E+07,  1.5339E+08,  6.2544E+03,  4.0273E+11,  1.0968E+10,  4.8614E+00,  6.1968E+00,  1.6045E+02,  5.4736E+07,  2.0295E+07,  2.0127E+08,  8.4280E+03
  6.3000E-01,  1.9320E+11,  6.5088E+09,  2.8887E+00,  3.6773E+00,  1.1765E+02,  4.0009E+07,  1.4629E+07,  1.3913E+08,  5.6591E+03,  3.0773E+11,  8.2437E+09,  3.6529E+00,  4.6583E+00,  1.2414E+02,  4.2351E+07,  1.5673E+07,  1.5520E+08,  6.4530E+03
  7.1000E-01,  1.7123E+11,  5.9035E+09,  2.6204E+00,  3.3352E+00,  1.0847E+02,  3.6880E+07,  1.3471E+07,  1.2767E+08,  5.1834E+03,  2.4154E+11,  6.8905E+09,  3.0543E+00,  3.8945E+00,  1.0527E+02,  3.5871E+07,  1.3266E+07,  1.3126E+08,  5.4407E+03
  8.0000E-01,  1.5181E+11,  5.3518E+09,  2.3758E+00,  3.0233E+00,  9.9953E+01,  3.3980E+07,  1.2399E+07,  1.1707E+08,  4.7450E+03,  1.9003E+11,  5.3680E+09,  2.3809E+00,  3.0352E+00,  8.4043E+01,  2.8581E+07,  1.0558E+07,  1.0432E+08,  4.3018E+03
  9.0000E-01,  1.3482E+11,  4.8586E+09,  2.1570E+00,  2.7444E+00,  9.2171E+01,  3.1335E+07,  1.1423E+07,  1.0743E+08,  4.3479E+03,  1.4976E+11,  4.4967E+09,  1.9953E+00,  2.5430E+00,  7.1589E+01,  2.4319E+07,  8.9741E+06,  8.8582E+07,  3.6399E+03
  1.0000E+00,  1.2129E+11,  4.4284E+09,  1.9661E+00,  2.5011E+00,  8.5308E+01,  2.9003E+07,  1.0562E+07,  9.8939E+07,  3.9993E+03,  1.2091E+11,  4.1071E+09,  1.8226E+00,  2.3226E+00,  6.5671E+01,  2.2310E+07,  8.2275E+06,  8.1174E+07,  3.3324E+03
  1.1000E+00,  1.1026E+11,  4.0372E+09,  1.7925E+00,  2.2799E+00,  7.9037E+01,  2.6873E+07,  9.7771E+06,  9.1192E+07,  3.6814E+03,  9.9674E+10,  3.7176E+09,  1.6499E+00,  2.1021E+00,  5.9754E+01,  2.0302E+07,  7.4810E+06,  7.3767E+07,  3.0249E+03
  1.2000E+00,  1.0107E+11,  3.6849E+09,  1.6361E+00,  2.0807E+00,  7.3358E+01,  2.4943E+07,  9.0663E+06,  8.4186E+07,  3.3943E+03,  8.4083E+10,  3.3280E+09,  1.4772E+00,  1.8817E+00,  5.3837E+01,  1.8294E+07,  6.7344E+06,  6.6359E+07,  2.7175E+03
  1.4000E+00,  8.6443E+10,  3.0972E+09,  1.3752E+00,  1.7485E+00,  6.3774E+01,  2.1686E+07,  7.8687E+06,  7.2396E+07,  2.9123E+03,  6.2178E+10,  2.5488E+09,  1.1318E+00,  1.4408E+00,  4.2002E+01,  1.4278E+07,  5.2412E+06,  5.1544E+07,  2.1025E+03
  1.6000E+00,  7.5494E+10,  2.6654E+09,  1.1834E+00,  1.5044E+00,  5.6557E+01,  1.9232E+07,  6.9698E+06,  6.3569E+07,  2.5533E+03,  4.7320E+10,  1.7697E+09,  7.8639E-01,  9.9990E-01,  3.0168E+01,  1.0262E+07,  3.7481E+06,  3.6728E+07,  1.4876E+03
  1.8000E+00,  6.7039E+10,  2.3654E+09,  1.0501E+00,  1.3350E+00,  5.1347E+01,  1.7459E+07,  6.3241E+06,  5.7254E+07,  2.2984E+03,  3.7227E+10,  1.2295E+09,  5.4687E-01,  6.9426E-01,  2.1928E+01,  7.4647E+06,  2.7090E+06,  2.6423E+07,  1.0606E+03
  2.0000E+00,  6.0311E+10,  2.1292E+09,  9.4499E-01,  1.2016E+00,  4.7118E+01,  1.6019E+07,  5.8019E+06,  5.2162E+07,  2.0941E+03,  3.0056E+10,  1.1331E+09,  5.0396E-01,  6.3981E-01,  2.0364E+01,  6.9317E+06,  2.5131E+06,  2.4494E+07,  9.8277E+02
  2.2000E+00,  5.4818E+10,  1.9122E+09,  8.4849E-01,  1.0791E+00,  4.3201E+01,  1.4686E+07,  5.3189E+06,  4.7456E+07,  1.9053E+03,  2.4867E+10,  1.0367E+09,  4.6106E-01,  5.8536E-01,  1.8800E+01,  6.3988E+06,  2.3172E+06,  2.2564E+07,  9.0490E+02
  2.5000E+00,  4.8195E+10,  1.6228E+09,  7.1982E-01,  9.1571E-01,  3.7914E+01,  1.2886E+07,  4.6678E+06,  4.1121E+07,  1.6514E+03,  1.9287E+10,  8.9216E+08,  3.9671E-01,  5.0369E-01,  1.6453E+01,  5.5994E+06,  2.0233E+06,  1.9671E+07,  7.8809E+02
  2.8000E+00,  4.2925E+10,  1.3769E+09,  6.1046E-01,  7.7685E-01,  3.3330E+01,  1.1327E+07,  4.1049E+06,  3.5654E+07,  1.4325E+03,  1.5851E+10,  7.4759E+08,  3.3235E-01,  4.2201E-01,  1.4107E+01,  4.7999E+06,  1.7295E+06,  1.6777E+07,  6.7127E+02
  3.2000E+00,  3.7113E+10,  1.1164E+09,  4.9468E-01,  6.2983E-01,  2.8312E+01,  9.6198E+06,  3.4914E+06,  2.9715E+07,  1.1951E+03,  1.3206E+10,  5.5482E+08,  2.4654E-01,  3.1311E-01,  1.0978E+01,  3.7340E+06,  1.3377E+06,  1.2918E+07,  5.1552E+02
  3.5000E+00,  3.3433E+10,  9.7164E+08,  4.3038E-01,  5.4815E-01,  2.5371E+01,  8.6195E+06,  3.1342E+06,  2.6273E+07,  1.0580E+03,  1.1328E+10,  4.1024E+08,  1.8219E-01,  2.3144E-01,  8.6322E+00,  2.9346E+06,  1.0438E+06,  1.0025E+07,  3.9871E+02
  4.0000E+00,  2.8479E+10,  8.1307E+08,  3.6000E-01,  4.5872E-01,  2.1826E+01,  7.4149E+06,  2.7087E+06,  2.2210E+07,  8.9688E+02,  8.4857E+09,  2.2404E+08,  9.9300E-02,  1.2626E-01,  5.5471E+00,  1.8837E+06,  6.5796E+05,  6.2275E+06,  2.4567E+02
  4.5000E+00,  2.4727E+10,  7.0863E+08,  3.1373E-01,  3.9987E-01,  1.9236E+01,  6.5355E+06,  2.4023E+06,  1.9316E+07,  7.8267E+02,  6.5231E+09,  1.9372E+08,  8.5790E-02,  1.0915E-01,  4.8113E+00,  1.6339E+06,  5.6766E+05,  5.3498E+06,  2.1117E+02
  5.0000E+00,  2.1744E+10,  6.1936E+08,  2.7421E-01,  3.4957E-01,  1.7015E+01,  5.7810E+06,  2.1411E+06,  1.6860E+07,  6.8571E+02,  5.4103E+09,  1.6339E+08,  7.2280E-02,  9.2048E-02,  4.0756E+00,  1.3841E+06,  4.7737E+05,  4.4722E+06,  1.7666E+02
  5.5000E+00,  1.9234E+10,  5.4524E+08,  2.4145E-01,  3.0782E-01,  1.5161E+01,  5.1514E+06,  1.9250E+06,  1.4844E+07,  6.0601E+02,  4.6305E+09,  1.3307E+08,  5.8770E-02,  7.4941E-02,  3.3398E+00,  1.1343E+06,  3.8708E+05,  3.5945E+06,  1.4216E+02
  6.3000E+00,  1.6021E+10,  4.5239E+08,  2.0047E-01,  2.5553E-01,  1.2823E+01,  4.3572E+06,  1.6551E+06,  1.2353E+07,  5.0741E+02,  3.4010E+09,  9.9066E+07,  4.3688E-02,  5.5794E-02,  2.5048E+00,  8.5097E+05,  2.8756E+05,  2.6316E+06,  1.0434E+02
  7.1000E+00,  1.3598E+10,  3.8032E+08,  1.6866E-01,  2.1491E-01,  1.1002E+01,  3.7384E+06,  1.4450E+06,  1.0438E+07,  4.3138E+02,  2.6555E+09,  8.1109E+07,  3.5829E-02,  4.5736E-02,  2.0481E+00,  6.9612E+05,  2.3772E+05,  2.1567E+06,  8.5728E+01
  8.0000E+00,  1.1467E+10,  3.1641E+08,  1.4039E-01,  1.7884E-01,  9.3898E+00,  3.1903E+06,  1.2563E+06,  8.7372E+06,  3.6365E+02,  2.0810E+09,  6.0907E+07,  2.6987E-02,  3.4420E-02,  1.5343E+00,  5.2192E+05,  1.8165E+05,  1.6224E+06,  6.4795E+01
  9.0000E+00,  9.6501E+09,  2.6219E+08,  1.1635E-01,  1.4819E-01,  8.0182E+00,  2.7236E+06,  1.0929E+06,  7.2909E+06,  3.0577E+02,  1.5528E+09,  4.7535E+07,  2.1097E-02,  2.6890E-02,  1.2090E+00,  4.1143E+05,  1.4503E+05,  1.2703E+06,  5.0971E+01
  1.0000E+01,  8.2513E+09,  2.1868E+08,  9.7044E-02,  1.2358E-01,  6.8998E+00,  2.3430E+06,  9.5867E+05,  6.1257E+06,  2.5894E+02,  1.2447E+09,  3.9492E+07,  1.7518E-02,  2.2323E-02,  1.0279E+00,  3.4973E+05,  1.2350E+05,  1.0601E+06,  4.2689E+01
  1.1000E+01,  7.1156E+09,  1.8321E+08,  8.1316E-02,  1.0354E-01,  5.9624E+00,  2.0241E+06,  8.4594E+05,  5.1706E+06,  2.2039E+02,  1.0268E+09,  3.1449E+07,  1.3939E-02,  1.7755E-02,  8.4688E-01,  2.8803E+05,  1.0196E+05,  8.4996E+05,  3.4406E+01
  1.2000E+01,  6.1907E+09,  1.5578E+08,  6.9166E-02,  8.8073E-02,  5.2060E+00,  1.7670E+06,  7.5475E+05,  4.4258E+06,  1.9012E+02,  8.2307E+08,  2.3407E+07,  1.0360E-02,  1.3187E-02,  6.6584E-01,  2.2633E+05,  8.0421E+04,  6.3979E+05,  2.6124E+01
  1.4000E+01,  4.8023E+09,  1.1519E+08,  5.1201E-02,  6.5200E-02,  4.0315E+00,  1.3677E+06,  6.1088E+05,  3.3104E+06,  1.4467E+02,  5.6529E+08,  1.7185E+07,  7.6057E-03,  9.6859E-03,  5.0867E-01,  1.7293E+05,  6.3455E+04,  4.7553E+05,  1.9334E+01
  1.6000E+01,  3.8272E+09,  8.5942E+07,  3.8254E-02,  4.8703E-02,  3.1486E+00,  1.0675E+06,  4.9803E+05,  2.4952E+06,  1.1170E+02,  4.0978E+08,  1.2059E+07,  5.3413E-03,  6.8104E-03,  3.7428E-01,  1.2729E+05,  4.9391E+04,  3.3973E+05,  1.3630E+01
  1.8000E+01,  3.1149E+09,  6.5785E+07,  2.9323E-02,  3.7310E-02,  2.5063E+00,  8.4901E+05,  4.1074E+05,  1.9217E+06,  8.8799E+01,  3.0258E+08,  8.0981E+06,  3.5894E-03,  4.5826E-03,  2.6800E-01,  9.1178E+04,  3.7902E+04,  2.3379E+05,  9.2718E+00
  2.0000E+01,  2.5819E+09,  5.1386E+07,  2.2945E-02,  2.9170E-02,  2.0244E+00,  6.8509E+05,  3.4164E+05,  1.5046E+06,  7.2115E+01,  2.3040E+08,  6.3010E+06,  2.7893E-03,  3.5574E-03,  2.1392E-01,  7.2738E+04,  3.1198E+04,  1.8331E+05,  7.4121E+00
  2.2000E+01,  2.1693E+09,  4.0581E+07,  1.8166E-02,  2.3080E-02,  1.6506E+00,  5.5806E+05,  2.8595E+05,  1.1884E+06,  5.9150E+01,  1.8223E+08,  4.5038E+06,  1.9891E-03,  2.5323E-03,  1.5985E-01,  5.4298E+04,  2.4494E+04,  1.3283E+05,  5.5524E+00
  2.5000E+01,  1.7023E+09,  2.9157E+07,  1.3120E-02,  1.6655E-02,  1.2379E+00,  4.1786E+05,  2.2153E+05,  8.4984E+05,  4.4798E+01,  1.2908E+08,  3.1124E+06,  1.3753E-03,  1.7512E-03,  1.1526E-01,  3.9171E+04,  1.8449E+04,  9.2898E+04,  4.0159E+00
  2.8000E+01,  1.3651E+09,  2.1418E+07,  9.6974E-03,  1.2296E-02,  9.4499E-01,  3.1825E+05,  1.7363E+05,  6.1761E+05,  3.4572E+01,  9.5734E+07,  2.0465E+06,  9.0619E-04,  1.1553E-03,  8.0019E-02,  2.7230E+04,  1.3485E+04,  6.1925E+04,  2.8013E+00
  3.2000E+01,  1.0433E+09,  1.4743E+07,  6.7365E-03,  8.5267E-03,  6.7911E-01,  2.2776E+05,  1.2798E+05,  4.1562E+05,  2.5229E+01,  6.5155E+07,  1.2910E+06,  5.7426E-04,  7.2910E-04,  5.2921E-02,  1.8017E+04,  9.3408E+03,  3.9067E+04,  1.8704E+00
  3.5000E+01,  8.6995E+08,  1.1369E+07,  5.2275E-03,  6.6134E-03,  5.3903E-01,  1.8009E+05,  1.0297E+05,  3.1372E+05,  2.0263E+01,  5.0412E+07,  9.5847E+05,  4.3178E-04,  5.4641E-04,  4.0465E-02,  1.3759E+04,  7.3308E+03,  2.8866E+04,  1.4397E+00
  4.0000E+01,  6.5722E+08,  7.5259E+06,  3.4807E-03,  4.4041E-03,  3.7267E-01,  1.2390E+05,  7.2527E+04,  1.9871E+05,  1.4318E+01,  3.4678E+07,  5.7885E+05,  2.6691E-04,  3.3731E-04,  2.6079E-02,  8.7194E+03,  4.8471E+03,  1.7140E+04,  9.3838E-01
  4.5000E+01,  5.0962E+08,  5.1596E+06,  2.3855E-03,  3.0205E-03,  2.6392E-01,  8.7662E+04,  5.2143E+04,  1.2937E+05,  1.0377E+01,  2.4360E+07,  3.6766E+05,  1.7117E-04,  2.1614E-04,  1.7422E-02,  5.7749E+03,  3.3061E+03,  1.0592E+04,  6.3814E-01
  5.0000E+01,  4.0461E+08,  3.6349E+06,  1.6765E-03,  2.1245E-03,  1.9058E-01,  6.3367E+04,  3.8092E+04,  8.6094E+04,  7.6701E+00,  1.7646E+07,  2.4222E+05,  1.1245E-04,  1.4226E-04,  1.1911E-02,  3.9432E+03,  2.3142E+03,  6.7192E+03,  4.4460E-01
  5.5000E+01,  3.2728E+08,  2.6194E+06,  1.2067E-03,  1.5295E-03,  1.4013E-01,  4.6645E+04,  2.8194E+04,  5.8462E+04,  5.7716E+00,  1.3283E+07,  1.6397E+05,  7.5487E-05,  9.5743E-05,  8.2688E-03,  2.7454E+03,  1.6453E+03,  4.3334E+03,  3.1481E-01
  6.3000E+01,  2.3912E+08,  1.5917E+06,  7.3397E-04,  9.2968E-04,  8.7700E-02,  2.9197E+04,  1.7675E+04,  3.2156E+04,  3.7501E+00,  8.7577E+06,  9.2948E+04,  4.2685E-05,  5.4218E-05,  4.8397E-03,  1.6166E+03,  9.8440E+02,  2.2433E+03,  1.9056E-01
  7.1000E+01,  1.8031E+08,  9.9772E+05,  4.6085E-04,  5.8304E-04,  5.6364E-02,  1.8742E+04,  1.1288E+04,  1.8325E+04,  2.5025E+00,  5.9439E+06,  5.5558E+04,  2.5594E-05,  3.2440E-05,  2.9942E-03,  9.9709E+02,  6.1234E+02,  1.2145E+03,  1.2134E-01
  8.0000E+01,  1.3534E+08,  6.0714E+05,  2.8084E-04,  3.5507E-04,  3.5072E-02,  1.1650E+04,  6.9274E+03,  1.0197E+04,  1.6272E+00,  4.0487E+06,  3.1237E+04,  1.4409E-05,  1.8220E-05,  1.7374E-03,  5.7894E+02,  3.5671E+02,  5.9169E+02,  7.3155E-02
  9.0000E+01,  1.0141E+08,  3.6478E+05,  1.6887E-04,  2.1349E-04,  2.1459E-02,  7.1181E+03,  4.1438E+03,  5.8111E+03,  1.0445E+00,  2.7387E+06,  1.7235E+04,  7.9854E-06,  1.0096E-05,  9.8508E-04,  3.2747E+02,  2.0001E+02,  2.8545E+02,  4.3396E-02
  1.0000E+02,  7.8596E+07,  2.2689E+05,  1.0493E-04,  1.3268E-04,  1.3514E-02,  4.4807E+03,  2.5408E+03,  3.5634E+03,  6.8892E-01,  1.8233E+06,  1.0343E+04,  4.8023E-06,  6.0657E-06,  6.0405E-04,  2.0001E+02,  1.2060E+02,  1.6408E+02,  2.7715E-02
  1.1000E+02,  6.3326E+07,  1.4496E+05,  6.6923E-05,  8.4642E-05,  8.7007E-03,  2.8880E+03,  1.5879E+03,  2.2743E+03,  4.6420E-01,  1.2308E+06,  6.0439E+03,  2.7994E-06,  3.5423E-06,  3.5857E-04,  1.1855E+02,  6.9980E+01,  9.3735E+01,  1.7228E-02
  1.2000E+02,  5.2455E+07,  9.4466E+04,  4.3577E-05,  5.5098E-05,  5.6964E-03,  1.8941E+03,  1.0058E+03,  1.4951E+03,  3.1784E-01,  9.4339E+05,  4.0540E+03,  1.8697E-06,  2.3665E-06,  2.4228E-04,  8.0231E+01,  4.6452E+01,  6.2112E+01,  1.2045E-02
  1.4000E+02,  3.7046E+07,  3.9302E+04,  1.8154E-05,  2.2935E-05,  2.3868E-03,  7.9556E+02,  3.8351E+02,  6.5387E+02,  1.4827E-01,  5.9747E+05,  1.4624E+03,  6.7261E-07,  8.4969E-07,  8.8671E-05,  2.9621E+01,  1.5774E+01,  2.2013E+01,  4.9123E-03
  1.6000E+02,  2.7210E+07,  1.8385E+04,  8.5159E-06,  1.0762E-05,  1.1154E-03,  3.7087E+02,  1.6268E+02,  3.3496E+02,  7.5935E-02,  3.8611E+05,  6.2933E+02,  2.9119E-07,  3.6763E-07,  3.8469E-05,  1.2848E+01,  6.3093E+00,  9.8775E+00,  2.3211E-03
  1.8000E+02,  2.0702E+07,  9.0661E+03,  4.2003E-06,  5.3114E-06,  5.4539E-04,  1.8085E+02,  7.1663E+01,  1.8561E+02,  4.0665E-02,  2.6473E+05,  3.0253E+02,  1.4038E-07,  1.7745E-07,  1.8535E-05,  6.1545E+00,  2.7926E+00,  5.0579E+00,  1.2060E-03
  2.0000E+02,  1.6159E+07,  4.6025E+03,  2.1295E-06,  2.6936E-06,  2.7258E-04,  9.0340E+01,  3.1870E+01,  1.0859E+02,  2.2378E-02,  1.8956E+05,  1.4383E+02,  6.6706E-08,  8.4330E-08,  8.7460E-06,  2.8962E+00,  1.1868E+00,  2.6443E+00,  6.2266E-04
  2.2000E+02,  1.2854E+07,  2.4695E+03,  1.1410E-06,  1.4435E-06,  1.4346E-04,  4.7578E+01,  1.4980E+01,  6.7713E+01,  1.2891E-02,  1.4090E+05,  6.9468E+01,  3.2138E-08,  4.0687E-08,  4.1652E-06,  1.3801E+00,  5.0215E-01,  1.4431E+00,  3.2610E-04
  2.5000E+02,  9.3331E+06,  1.0321E+03,  4.7649E-07,  6.0242E-07,  5.7904E-05,  1.9222E+01,  5.0719E+00,  3.6076E+01,  5.9442E-03,  9.3860E+04,  2.6361E+01,  1.2164E-08,  1.5382E-08,  1.5388E-06,  5.1031E-01,  1.5841E-01,  6.6596E-01,  1.3700E-04
  2.8000E+02,  6.9505E+06,  4.8036E+02,  2.2197E-07,  2.8060E-07,  2.6034E-05,  8.6451E+00,  1.9394E+00,  2.1147E+01,  2.9965E-03,  6.4977E+04,  1.0419E+01,  4.8038E-09,  6.0731E-09,  5.8592E-07,  1.9483E-01,  5.0429E-02,  3.2933E-01,  5.9510E-05
  3.2000E+02,  4.8512E+06,  1.8356E+02,  8.5037E-08,  1.0750E-07,  9.4801E-06,  3.1444E+00,  5.6743E-01,  1.1172E+01,  1.2661E-03,  3.9989E+04,  4.4205E+00,  2.0428E-09,  2.5821E-09,  2.4176E-07,  8.0206E-02,  1.8167E-02,  1.6941E-01,  2.7009E-05
  3.5000E+02,  3.8179E+06,  9.4733E+01,  4.3944E-08,  5.5562E-08,  4.6961E-06,  1.5571E+00,  2.3186E-01,  7.3798E+00,  7.0394E-04,  2.8895E+04,  1.5011E+00,  6.9675E-10,  8.8032E-10,  7.7177E-08,  2.5610E-02,  4.2038E-03,  8.3412E-02,  1.0472E-05
  4.0000E+02,  2.6404E+06,  3.6840E+01,  1.7078E-08,  2.1610E-08,  1.7319E-06,  5.7396E-01,  7.2459E-02,  4.0361E+00,  2.9671E-04,  1.8208E+04,  8.1457E-01,  3.7787E-10,  4.7776E-10,  4.1391E-08,  1.3716E-02,  2.1721E-03,  5.0338E-02,  5.8175E-06
  4.5000E+02,  1.8887E+06,  1.3151E+01,  6.0914E-09,  7.7140E-09,  5.5246E-07,  1.8311E-01,  1.4125E-02,  2.3454E+00,  1.2188E-04,  1.1858E+04,  1.3299E-01,  6.1595E-11,  7.8089E-11,  5.7870E-09,  1.9180E-03,  1.6125E-04,  1.7288E-02,  1.1756E-06
  5.0000E+02,  1.4155E+06,  7.9619E+00,  3.6879E-09,  4.6674E-09,  3.2810E-07,  1.0876E-01,  7.9781E-03,  1.6357E+00,  7.5626E-05,  7.0702E+03,  7.4555E-02,  3.4544E-11,  4.3777E-11,  3.1871E-09,  1.0559E-03,  8.4649E-05,  1.1101E-02,  6.7468E-07
'End of File'
