'*',    54,     1,    25,    22,     5,     5,    75,     1
'SPENVIS 4.6.10.3408          -  5-Apr-2020 01:09:27'
'PRJ_DEF', -1,'TESTING'
'PRJ_HDR', -1,'test1'
'MOD_ABB', -1,'SEP'
'MIS_PLA',  1,    3,' '
'MIS_NTR',  1,    1,' '
'MIS_STA',  1,  25567.00000000,' '
'MIS_END',  1,  29217.00000000,' '
'MIS_DUR',  1, 3.650000E+03,'days'
'SEP_IEL',  1,  1,' '
'SEP_JEL',  1,  9,' '
'SEP_MOD', -1,'ESP-PSYCHIC total fluence'
'SEP_TMI',  1,  7.0,'years'
'SEP_TMA',  1,  3.0,'years'
'SEP_DUR',  1, 10.0,'years'
'SEP_NCY',  1,  2,' '
'SEP_NOR',  1,  0,' '
'SEP_NAL',  1,  0,' '
'SEP_PRB',  1,  50.0,'%'
'SEP_OMN',  1, 1, ' '
'SEP_ABS', -1,'Energy'
'SEP_IGC',  1,  1,' '
'SEP_IGV',  1,  1,' '
'SEP_IST',  1,  0,' '
'PLT_HDR', -1,'ESP-PSYCHIC total fluence: solar protons'
'SPECIES', -1,'proton'
'PS Annotation',  8,  1
'Mission start: 01/01/2020 00:00:00'
 0.05, 0.00, 0.00
'Mission end: 29/12/2029 00:00:00'
 0.95, 0.00, 1.00
'Nr. of segments:   1'
 0.05, 1.50, 0.00
'Duration: 3650.00 days'
 0.95, 0.00, 1.00
'PS Annotation', 12,  0
'Solar particle model: ESP-PSYCHIC total fluence'
 0.05, 2.00, 0.00
'Mission duration: 10.00 years, spanning 2 solar cycles'
 0.10, 1.50, 0.00
'7.00 years in solar maximum'
 0.15, 1.50, 0.00
'3.00 years in solar minimum'
 0.15, 1.50, 0.00
'Confidence level: 50.000%'
 0.10, 1.50, 0.00
'Magnetic shielding:    quiet magnetosphere'
 0.10, 1.50, 0.00
'Energy','MeV', 1,'Energy'
'IFlux','cm!u-2!n', 1,'Integral Fluence'
'DFlux','cm!u-2!n MeV!u-1!n', 1,'Differential Fluence'
'Attenuation',' ', 1,'Orbit Averaged Proton Attenuation Factor'
'Exposure','hrs', 1,'Proton Exposure Time'
  1.0000E-01,  1.3011E+12,  1.2669E+13, 0.2146, 2.5711E+04
  1.1000E-01,  1.1842E+12,  1.0713E+13, 0.2146, 2.5711E+04
  1.2000E-01,  1.0855E+12,  9.0371E+12, 0.2146, 2.5711E+04
  1.4000E-01,  9.2827E+11,  6.6828E+12, 0.2146, 2.5711E+04
  1.6000E-01,  8.1058E+11,  5.0859E+12, 0.2146, 2.5711E+04
  1.8000E-01,  7.1971E+11,  4.0011E+12, 0.2146, 2.5711E+04
  2.0000E-01,  6.4739E+11,  3.2304E+12, 0.2146, 2.5711E+04
  2.2000E-01,  5.8836E+11,  2.6727E+12, 0.2146, 2.5711E+04
  2.5000E-01,  5.1718E+11,  2.0729E+12, 0.2146, 2.5711E+04
  2.8000E-01,  4.6131E+11,  1.6516E+12, 0.2146, 2.5711E+04
  3.2000E-01,  4.0308E+11,  1.2597E+12, 0.2146, 2.5711E+04
  3.5000E-01,  3.6841E+11,  1.0516E+12, 0.2146, 2.5711E+04
  4.0000E-01,  3.2193E+11,  8.0761E+11, 0.2146, 2.5711E+04
  4.5000E-01,  2.8586E+11,  6.3536E+11, 0.2146, 2.5711E+04
  5.0000E-01,  2.5715E+11,  5.1297E+11, 0.2146, 2.5711E+04
  5.5000E-01,  2.3371E+11,  4.2470E+11, 0.2146, 2.5711E+04
  6.3000E-01,  2.0374E+11,  3.2451E+11, 0.2146, 2.5711E+04
  7.1000E-01,  1.8057E+11,  2.5472E+11, 0.2146, 2.5711E+04
  8.0000E-01,  1.6009E+11,  2.0039E+11, 0.2146, 2.5711E+04
  9.0000E-01,  1.4217E+11,  1.5793E+11, 0.2146, 2.5711E+04
  1.0000E+00,  1.2790E+11,  1.2751E+11, 0.2146, 2.5711E+04
  1.1000E+00,  1.1627E+11,  1.0511E+11, 0.2146, 2.5711E+04
  1.2000E+00,  1.0658E+11,  8.8669E+10, 0.2146, 2.5711E+04
  1.4000E+00,  9.1159E+10,  6.5570E+10, 0.2146, 2.5711E+04
  1.6000E+00,  7.9612E+10,  4.9901E+10, 0.2146, 2.5711E+04
  1.8000E+00,  7.0696E+10,  3.9258E+10, 0.2146, 2.5711E+04
  2.0000E+00,  6.3600E+10,  3.1696E+10, 0.2146, 2.5711E+04
  2.2000E+00,  5.7808E+10,  2.6224E+10, 0.2146, 2.5711E+04
  2.5000E+00,  5.0824E+10,  2.0339E+10, 0.2146, 2.5711E+04
  2.8000E+00,  4.5266E+10,  1.6716E+10, 0.2146, 2.5711E+04
  3.2000E+00,  3.9137E+10,  1.3927E+10, 0.2146, 2.5711E+04
  3.5000E+00,  3.5256E+10,  1.1946E+10, 0.2146, 2.5711E+04
  4.0000E+00,  3.0033E+10,  8.9486E+09, 0.2146, 2.5711E+04
  4.5000E+00,  2.6076E+10,  6.8789E+09, 0.2146, 2.5711E+04
  5.0000E+00,  2.2930E+10,  5.7054E+09, 0.2146, 2.5711E+04
  5.5000E+00,  2.0282E+10,  4.8831E+09, 0.2146, 2.5711E+04
  6.3000E+00,  1.6895E+10,  3.5865E+09, 0.2146, 2.5711E+04
  7.1000E+00,  1.4340E+10,  2.8003E+09, 0.2146, 2.5711E+04
  8.0000E+00,  1.2092E+10,  2.1945E+09, 0.2146, 2.5711E+04
  9.0000E+00,  1.0176E+10,  1.6375E+09, 0.2146, 2.5711E+04
  1.0000E+01,  8.7011E+09,  1.3126E+09, 0.2146, 2.5711E+04
  1.1000E+01,  7.5034E+09,  1.0828E+09, 0.2146, 2.5711E+04
  1.2000E+01,  6.5281E+09,  8.6797E+08, 0.2146, 2.5711E+04
  1.4000E+01,  5.0640E+09,  5.9613E+08, 0.2146, 2.5711E+04
  1.6000E+01,  4.0357E+09,  4.3213E+08, 0.2146, 2.5711E+04
  1.8000E+01,  3.2845E+09,  3.1908E+08, 0.2146, 2.5711E+04
  2.0000E+01,  2.7224E+09,  2.4297E+08, 0.2146, 2.5711E+04
  2.2000E+01,  2.2873E+09,  1.9217E+08, 0.2146, 2.5711E+04
  2.5000E+01,  1.7949E+09,  1.3612E+08, 0.2146, 2.5711E+04
  2.8000E+01,  1.4392E+09,  1.0096E+08, 0.2146, 2.5711E+04
  3.2000E+01,  1.0999E+09,  6.8709E+07, 0.2146, 2.5711E+04
  3.5000E+01,  9.1710E+08,  5.3162E+07, 0.2146, 2.5711E+04
  4.0000E+01,  6.9276E+08,  3.6570E+07, 0.2146, 2.5711E+04
  4.5000E+01,  5.3712E+08,  2.5689E+07, 0.2146, 2.5711E+04
  5.0000E+01,  4.2637E+08,  1.8609E+07, 0.2146, 2.5711E+04
  5.5000E+01,  3.4483E+08,  1.4008E+07, 0.2146, 2.5711E+04
  6.3000E+01,  2.5185E+08,  9.2354E+06, 0.2146, 2.5711E+04
  7.1000E+01,  1.8984E+08,  6.2682E+06, 0.2146, 2.5711E+04
  8.0000E+01,  1.4242E+08,  4.2695E+06, 0.2146, 2.5711E+04
  9.0000E+01,  1.0663E+08,  2.8882E+06, 0.2146, 2.5711E+04
  1.0000E+02,  8.2576E+07,  1.9228E+06, 0.2146, 2.5711E+04
  1.1000E+02,  6.6473E+07,  1.2979E+06, 0.2146, 2.5711E+04
  1.2000E+02,  5.5009E+07,  9.9485E+05, 0.2146, 2.5711E+04
  1.4000E+02,  3.8760E+07,  6.3006E+05, 0.2146, 2.5711E+04
  1.6000E+02,  2.8399E+07,  4.0602E+05, 0.2152, 2.6102E+04
  1.8000E+02,  2.1576E+07,  2.7629E+05, 0.2181, 2.6493E+04
  2.0000E+02,  1.6845E+07,  1.9680E+05, 0.2217, 2.7188E+04
  2.2000E+02,  1.3416E+07,  1.4604E+05, 0.2254, 2.7535E+04
  2.5000E+02,  9.7574E+06,  9.7894E+04, 0.2311, 2.8360E+04
  2.8000E+02,  7.2696E+06,  6.7964E+04, 0.2361, 2.8838E+04
  3.2000E+02,  5.0729E+06,  4.1870E+04, 0.2414, 2.9620E+04
  3.5000E+02,  3.9903E+06,  3.0305E+04, 0.2456, 3.0184E+04
  4.0000E+02,  2.7571E+06,  1.9022E+04, 0.2515, 3.0836E+04
  4.5000E+02,  1.9725E+06,  1.2362E+04, 0.2573, 3.1705E+04
  5.0000E+02,  1.4788E+06,  7.3860E+03, 0.2626, 3.2226E+04
'End of Block'
'*',    52,     1,    25,    22,     3,    19,    75,     0
'SPENVIS 4.6.10.3408          -  5-Apr-2020 01:09:27'
'PRJ_DEF', -1,'TESTING'
'PRJ_HDR', -1,'test1'
'MOD_ABB', -1,'SEP'
'MIS_PLA',  1,    3,' '
'MIS_NTR',  1,    1,' '
'MIS_STA',  1,  25567.00000000,' '
'MIS_END',  1,  29217.00000000,' '
'MIS_DUR',  1, 3.650000E+03,'days'
'SEP_IEL',  1,  1,' '
'SEP_JEL',  1,  9,' '
'SEP_MOD', -1,'ESP-PSYCHIC total fluence'
'SEP_TMI',  1,  7.0,'years'
'SEP_TMA',  1,  3.0,'years'
'SEP_DUR',  1, 10.0,'years'
'SEP_NCY',  1,  2,' '
'SEP_NOR',  1,  0,' '
'SEP_NAL',  1,  0,' '
'SEP_PRB',  1,  50.0,'%'
'SEP_OMN',  1, 1, ' '
'SEP_ABS', -1,'Energy'
'SEP_IGC',  1,  1,' '
'SEP_IGV',  1,  1,' '
'SEP_IST',  1,  0,' '
'PLT_HDR', -1,'ESP-PSYCHIC total fluence: solar ions'
'SPECIES', -9,'H ','He','Li','Be','B ','C ','N ','O ','F '
'PS Annotation',  8,  1
'Mission start: 01/01/2020 00:00:00'
 0.05, 0.00, 0.00
'Mission end: 29/12/2029 00:00:00'
 0.95, 0.00, 1.00
'Nr. of segments:   1'
 0.05, 1.50, 0.00
'Duration: 3650.00 days'
 0.95, 0.00, 1.00
'PS Annotation', 12,  0
'Solar particle model: ESP-PSYCHIC total fluence'
 0.05, 2.00, 0.00
'Mission duration: 10.00 years, spanning 2 solar cycles'
 0.10, 1.50, 0.00
'7.00 years in solar maximum'
 0.15, 1.50, 0.00
'3.00 years in solar minimum'
 0.15, 1.50, 0.00
'Confidence level: 50.000%'
 0.10, 1.50, 0.00
'Magnetic shielding:    quiet magnetosphere'
 0.10, 1.50, 0.00
'Energy','MeV/n', 1,'Energy'
'IFlux','cm!u-2!n',  9,'Integral Fluence of ','SPECIES'
'DFlux','cm!u-2!n (MeV/n)!u-1!n',  9,'Differential Fluence of ','SPECIES'
  1.0000E-01,  1.3011E+12,  2.8550E+10,  1.2665E+01,  1.6120E+01,  4.0142E+02,  1.3668E+08,  5.0687E+07,  4.9787E+08,  2.1161E+04,  1.2669E+13,  1.0699E+11,  4.7459E+01,  6.0379E+01,  1.3074E+03,  4.4524E+08,  1.6650E+08,  1.6601E+09,  7.2658E+04
  1.1000E-01,  1.1842E+12,  2.7496E+10,  1.2197E+01,  1.5524E+01,  3.8853E+02,  1.3229E+08,  4.9045E+07,  4.8150E+08,  2.0444E+04,  1.0713E+13,  1.0397E+11,  4.6116E+01,  5.8670E+01,  1.2717E+03,  4.3307E+08,  1.6194E+08,  1.6146E+09,  7.0649E+04
  1.2000E-01,  1.0855E+12,  2.6471E+10,  1.1742E+01,  1.4946E+01,  3.7599E+02,  1.2802E+08,  4.7449E+07,  4.6558E+08,  1.9748E+04,  9.0371E+12,  1.0094E+11,  4.4772E+01,  5.6962E+01,  1.2359E+03,  4.2089E+08,  1.5738E+08,  1.5691E+09,  6.8640E+04
  1.4000E-01,  9.2827E+11,  2.4513E+10,  1.0874E+01,  1.3841E+01,  3.5199E+02,  1.1984E+08,  4.4392E+07,  4.3511E+08,  1.8415E+04,  6.6828E+12,  9.4881E+10,  4.2086E+01,  5.3545E+01,  1.1644E+03,  3.9654E+08,  1.4826E+08,  1.4781E+09,  6.4622E+04
  1.6000E-01,  8.1058E+11,  2.2676E+10,  1.0059E+01,  1.2804E+01,  3.2941E+02,  1.1215E+08,  4.1518E+07,  4.0646E+08,  1.7163E+04,  5.0859E+12,  8.8825E+10,  3.9400E+01,  5.0128E+01,  1.0929E+03,  3.7219E+08,  1.3914E+08,  1.3871E+09,  6.0605E+04
  1.8000E-01,  7.1971E+11,  2.0960E+10,  9.2979E+00,  1.1836E+01,  3.0827E+02,  1.0495E+08,  3.8826E+07,  3.7963E+08,  1.5991E+04,  4.0011E+12,  8.2769E+10,  3.6713E+01,  4.6711E+01,  1.0214E+03,  3.4784E+08,  1.3002E+08,  1.2961E+09,  5.6587E+04
  2.0000E-01,  6.4739E+11,  1.9365E+10,  8.5905E+00,  1.0936E+01,  2.8856E+02,  9.8240E+07,  3.6317E+07,  3.5461E+08,  1.4900E+04,  3.2304E+12,  7.6712E+10,  3.4027E+01,  4.3294E+01,  9.4984E+02,  3.2349E+08,  1.2090E+08,  1.2051E+09,  5.2569E+04
  2.2000E-01,  5.8836E+11,  1.7891E+10,  7.9368E+00,  1.0104E+01,  2.7028E+02,  9.2014E+07,  3.3990E+07,  3.3142E+08,  1.3888E+04,  2.6727E+12,  7.0656E+10,  3.1340E+01,  3.9878E+01,  8.7832E+02,  2.9914E+08,  1.1178E+08,  1.1141E+09,  4.8551E+04
  2.5000E-01,  5.1718E+11,  1.5908E+10,  7.0570E+00,  8.9848E+00,  2.4554E+02,  8.3588E+07,  3.0842E+07,  3.0005E+08,  1.2522E+04,  2.0729E+12,  6.1572E+10,  2.7311E+01,  3.4752E+01,  7.7105E+02,  2.6261E+08,  9.8105E+07,  9.7761E+08,  4.2524E+04
  2.8000E-01,  4.6131E+11,  1.4197E+10,  6.2981E+00,  8.0191E+00,  2.2402E+02,  7.6257E+07,  2.8104E+07,  2.7276E+08,  1.1337E+04,  1.6516E+12,  5.2488E+10,  2.3281E+01,  2.9627E+01,  6.6377E+02,  2.2609E+08,  8.4426E+07,  8.4111E+08,  3.6498E+04
  3.2000E-01,  4.0308E+11,  1.2340E+10,  5.4743E+00,  6.9707E+00,  2.0033E+02,  6.8188E+07,  2.5092E+07,  2.4276E+08,  1.0038E+04,  1.2597E+12,  4.0376E+10,  1.7908E+01,  2.2793E+01,  5.2073E+02,  1.7739E+08,  6.6187E+07,  6.5911E+08,  2.8462E+04
  3.5000E-01,  3.6841E+11,  1.1265E+10,  4.9975E+00,  6.3638E+00,  1.8631E+02,  6.3414E+07,  2.3311E+07,  2.2503E+08,  9.2743E+03,  1.0516E+12,  3.1291E+10,  1.3879E+01,  1.7668E+01,  4.1345E+02,  1.4086E+08,  5.2507E+07,  5.2261E+08,  2.2435E+04
  4.0000E-01,  3.2193E+11,  9.9973E+09,  4.4354E+00,  5.6480E+00,  1.6917E+02,  5.7573E+07,  2.1136E+07,  2.0340E+08,  8.3506E+03,  8.0761E+11,  1.9408E+10,  8.6074E+00,  1.0963E+01,  2.7221E+02,  9.2776E+07,  3.4501E+07,  3.4294E+08,  1.4515E+04
  4.5000E-01,  2.8586E+11,  9.0923E+09,  4.0340E+00,  5.1368E+00,  1.5642E+02,  5.3226E+07,  1.9520E+07,  1.8734E+08,  7.6717E+03,  6.3536E+11,  1.6794E+10,  7.4471E+00,  9.4867E+00,  2.3788E+02,  8.1092E+07,  3.0135E+07,  2.9937E+08,  1.2639E+04
  5.0000E-01,  2.5715E+11,  8.3179E+09,  3.6907E+00,  4.6993E+00,  1.4538E+02,  4.9464E+07,  1.8123E+07,  1.7346E+08,  7.0866E+03,  5.1297E+11,  1.4181E+10,  6.2869E+00,  8.0108E+00,  2.0354E+02,  6.9407E+07,  2.5768E+07,  2.5581E+08,  1.0763E+04
  5.5000E-01,  2.3371E+11,  7.6742E+09,  3.4053E+00,  4.3357E+00,  1.3607E+02,  4.6286E+07,  1.6943E+07,  1.6176E+08,  6.5954E+03,  4.2470E+11,  1.1567E+10,  5.1266E+00,  6.5348E+00,  1.6920E+02,  5.7722E+07,  2.1402E+07,  2.1225E+08,  8.8877E+03
  6.3000E-01,  2.0374E+11,  6.8638E+09,  3.0462E+00,  3.8778E+00,  1.2406E+02,  4.2190E+07,  1.5426E+07,  1.4672E+08,  5.9676E+03,  3.2451E+11,  8.6935E+09,  3.8521E+00,  4.9124E+00,  1.3091E+02,  4.4661E+07,  1.6528E+07,  1.6367E+08,  6.8051E+03
  7.1000E-01,  1.8057E+11,  6.2254E+09,  2.7632E+00,  3.5170E+00,  1.1438E+02,  3.8891E+07,  1.4205E+07,  1.3464E+08,  5.4659E+03,  2.5472E+11,  7.2664E+09,  3.2209E+00,  4.1069E+00,  1.1101E+02,  3.7828E+07,  1.3990E+07,  1.3842E+08,  5.7375E+03
  8.0000E-01,  1.6009E+11,  5.6437E+09,  2.5053E+00,  3.1882E+00,  1.0540E+02,  3.5832E+07,  1.3075E+07,  1.2346E+08,  5.0036E+03,  2.0039E+11,  5.6609E+09,  2.5108E+00,  3.2007E+00,  8.8628E+01,  3.0140E+07,  1.1134E+07,  1.1001E+08,  4.5365E+03
  9.0000E-01,  1.4217E+11,  5.1236E+09,  2.2746E+00,  2.8941E+00,  9.7194E+01,  3.3043E+07,  1.2045E+07,  1.1329E+08,  4.5849E+03,  1.5793E+11,  4.7420E+09,  2.1041E+00,  2.6818E+00,  7.5494E+01,  2.5645E+07,  9.4637E+06,  9.3414E+07,  3.8384E+03
  1.0000E+00,  1.2790E+11,  4.6699E+09,  2.0733E+00,  2.6375E+00,  8.9957E+01,  3.0584E+07,  1.1138E+07,  1.0433E+08,  4.2172E+03,  1.2751E+11,  4.3312E+09,  1.9220E+00,  2.4493E+00,  6.9254E+01,  2.3528E+07,  8.6764E+06,  8.5603E+07,  3.5142E+03
  1.1000E+00,  1.1627E+11,  4.2573E+09,  1.8902E+00,  2.4042E+00,  8.3343E+01,  2.8337E+07,  1.0310E+07,  9.6165E+07,  3.8820E+03,  1.0511E+11,  3.9204E+09,  1.7399E+00,  2.2168E+00,  6.3014E+01,  2.1410E+07,  7.8891E+06,  7.7791E+07,  3.1900E+03
  1.2000E+00,  1.0658E+11,  3.8858E+09,  1.7253E+00,  2.1941E+00,  7.7354E+01,  2.6302E+07,  9.5602E+06,  8.8777E+07,  3.5792E+03,  8.8669E+10,  3.5095E+09,  1.5578E+00,  1.9843E+00,  5.6774E+01,  1.9292E+07,  7.1018E+06,  6.9979E+07,  2.8657E+03
  1.4000E+00,  9.1159E+10,  3.2661E+09,  1.4502E+00,  1.8438E+00,  6.7247E+01,  2.2867E+07,  8.2973E+06,  7.6343E+07,  3.0710E+03,  6.5570E+10,  2.6879E+09,  1.1935E+00,  1.5194E+00,  4.4294E+01,  1.5057E+07,  5.5272E+06,  5.4355E+07,  2.2172E+03
  1.6000E+00,  7.9612E+10,  2.8107E+09,  1.2479E+00,  1.5864E+00,  5.9636E+01,  2.0279E+07,  7.3493E+06,  6.7035E+07,  2.6924E+03,  4.9901E+10,  1.8662E+09,  8.2929E-01,  1.0544E+00,  3.1814E+01,  1.0822E+07,  3.9526E+06,  3.8732E+07,  1.5688E+03
  1.8000E+00,  7.0696E+10,  2.4944E+09,  1.1073E+00,  1.4077E+00,  5.4143E+01,  1.8410E+07,  6.6684E+06,  6.0375E+07,  2.4236E+03,  3.9258E+10,  1.2966E+09,  5.7670E-01,  7.3213E-01,  2.3124E+01,  7.8719E+06,  2.8568E+06,  2.7864E+07,  1.1185E+03
  2.0000E+00,  6.3600E+10,  2.2452E+09,  9.9646E-01,  1.2670E+00,  4.9683E+01,  1.6892E+07,  6.1177E+06,  5.5006E+07,  2.2081E+03,  3.1696E+10,  1.1949E+09,  5.3146E-01,  6.7471E-01,  2.1475E+01,  7.3099E+06,  2.6502E+06,  2.5830E+07,  1.0364E+03
  2.2000E+00,  5.7808E+10,  2.0164E+09,  8.9470E-01,  1.1378E+00,  4.5553E+01,  1.5486E+07,  5.6083E+06,  5.0043E+07,  2.0091E+03,  2.6224E+10,  1.0933E+09,  4.8621E-01,  6.1729E-01,  1.9825E+01,  6.7478E+06,  2.4436E+06,  2.3795E+07,  9.5426E+02
  2.5000E+00,  5.0824E+10,  1.7113E+09,  7.5901E-01,  9.6558E-01,  3.9976E+01,  1.3588E+07,  4.9217E+06,  4.3362E+07,  1.7413E+03,  2.0339E+10,  9.4083E+08,  4.1835E-01,  5.3116E-01,  1.7351E+01,  5.9048E+06,  2.1337E+06,  2.0744E+07,  8.3108E+02
  2.8000E+00,  4.5266E+10,  1.4519E+09,  6.4369E-01,  8.1915E-01,  3.5142E+01,  1.1943E+07,  4.3281E+06,  3.7597E+07,  1.5104E+03,  1.6716E+10,  7.8837E+08,  3.5048E-01,  4.4503E-01,  1.4876E+01,  5.0618E+06,  1.8238E+06,  1.7692E+07,  7.0789E+02
  3.2000E+00,  3.9137E+10,  1.1772E+09,  5.2160E-01,  6.6410E-01,  2.9851E+01,  1.0143E+07,  3.6812E+06,  3.1334E+07,  1.2601E+03,  1.3927E+10,  5.8508E+08,  2.5999E-01,  3.3019E-01,  1.1577E+01,  3.9377E+06,  1.4107E+06,  1.3623E+07,  5.4365E+02
  3.5000E+00,  3.5256E+10,  1.0246E+09,  4.5378E-01,  5.7797E-01,  2.6749E+01,  9.0885E+06,  3.3044E+06,  2.7705E+07,  1.1155E+03,  1.1946E+10,  4.3262E+08,  1.9212E-01,  2.4406E-01,  9.1031E+00,  3.0947E+06,  1.1008E+06,  1.0572E+07,  4.2046E+02
  4.0000E+00,  3.0033E+10,  8.5736E+08,  3.7957E-01,  4.8366E-01,  2.3011E+01,  7.8182E+06,  2.8558E+06,  2.3420E+07,  9.4562E+02,  8.9486E+09,  2.3626E+08,  1.0472E-01,  1.3315E-01,  5.8497E+00,  1.9865E+06,  6.9385E+05,  6.5672E+06,  2.5907E+02
  4.5000E+00,  2.6076E+10,  7.4722E+08,  3.3077E-01,  4.2160E-01,  2.0280E+01,  6.8908E+06,  2.5327E+06,  2.0368E+07,  8.2518E+02,  6.8789E+09,  2.0429E+08,  9.0470E-02,  1.1511E-01,  5.0738E+00,  1.7231E+06,  5.9863E+05,  5.6417E+06,  2.2269E+02
  5.0000E+00,  2.2930E+10,  6.5307E+08,  2.8910E-01,  3.6855E-01,  1.7937E+01,  6.0952E+06,  2.2572E+06,  1.7778E+07,  7.2293E+02,  5.7054E+09,  1.7231E+08,  7.6223E-02,  9.7069E-02,  4.2979E+00,  1.4596E+06,  5.0341E+05,  4.7161E+06,  1.8630E+02
  5.5000E+00,  2.0282E+10,  5.7491E+08,  2.5455E-01,  3.2453E-01,  1.5982E+01,  5.4312E+06,  2.0293E+06,  1.5652E+07,  6.3888E+02,  4.8831E+09,  1.4033E+08,  6.1976E-02,  7.9030E-02,  3.5220E+00,  1.1962E+06,  4.0819E+05,  3.7906E+06,  1.4991E+02
  6.3000E+00,  1.6895E+10,  4.7699E+08,  2.1133E-01,  2.6938E-01,  1.3517E+01,  4.5937E+06,  1.7447E+06,  1.3025E+07,  5.3490E+02,  3.5865E+09,  1.0447E+08,  4.6072E-02,  5.8838E-02,  2.6415E+00,  8.9739E+05,  3.0324E+05,  2.7752E+06,  1.1003E+02
  7.1000E+00,  1.4340E+10,  4.0099E+08,  1.7779E-01,  2.2655E-01,  1.1597E+01,  3.9411E+06,  1.5231E+06,  1.1005E+07,  4.5473E+02,  2.8003E+09,  8.5533E+07,  3.7783E-02,  4.8231E-02,  2.1598E+00,  7.3410E+05,  2.5069E+05,  2.2744E+06,  9.0405E+01
  8.0000E+00,  1.2092E+10,  3.3360E+08,  1.4798E-01,  1.8852E-01,  9.8966E+00,  3.3631E+06,  1.3241E+06,  9.2120E+06,  3.8330E+02,  2.1945E+09,  6.4230E+07,  2.8459E-02,  3.6298E-02,  1.6180E+00,  5.5039E+05,  1.9156E+05,  1.7109E+06,  6.8329E+01
  9.0000E+00,  1.0176E+10,  2.7642E+08,  1.2262E-01,  1.5619E-01,  8.4501E+00,  2.8710E+06,  1.1518E+06,  7.6868E+06,  3.2226E+02,  1.6375E+09,  5.0128E+07,  2.2248E-02,  2.8357E-02,  1.2749E+00,  4.3388E+05,  1.5295E+05,  1.3396E+06,  5.3751E+01
  1.0000E+01,  8.7011E+09,  2.3053E+08,  1.0226E-01,  1.3024E-01,  7.2707E+00,  2.4696E+06,  1.0103E+06,  6.4580E+06,  2.7288E+02,  1.3126E+09,  4.1647E+07,  1.8474E-02,  2.3540E-02,  1.0840E+00,  3.6881E+05,  1.3023E+05,  1.1180E+06,  4.5017E+01
  1.1000E+01,  7.5034E+09,  1.9313E+08,  8.5676E-02,  1.0911E-01,  6.2821E+00,  2.1334E+06,  8.9138E+05,  5.4509E+06,  2.3223E+02,  1.0828E+09,  3.3165E+07,  1.4699E-02,  1.8724E-02,  8.9308E-01,  3.0375E+05,  1.0752E+05,  8.9633E+05,  3.6283E+01
  1.2000E+01,  6.5281E+09,  1.6420E+08,  7.2864E-02,  9.2794E-02,  5.4845E+00,  1.8622E+06,  7.9521E+05,  4.6653E+06,  2.0031E+02,  8.6797E+08,  2.4683E+07,  1.0925E-02,  1.3907E-02,  7.0216E-01,  2.3868E+05,  8.4808E+04,  6.7469E+05,  2.7549E+01
  1.4000E+01,  5.0640E+09,  1.2140E+08,  5.3919E-02,  6.8673E-02,  4.2459E+00,  1.4411E+06,  6.4349E+05,  3.4892E+06,  1.5237E+02,  5.9613E+08,  1.8122E+07,  8.0206E-03,  1.0214E-02,  5.3642E-01,  1.8236E+05,  6.6917E+04,  5.0147E+05,  2.0389E+01
  1.6000E+01,  4.0357E+09,  9.0559E+07,  4.0266E-02,  5.1276E-02,  3.3148E+00,  1.1245E+06,  5.2449E+05,  2.6295E+06,  1.1761E+02,  4.3213E+08,  1.2717E+07,  5.6327E-03,  7.1820E-03,  3.9470E-01,  1.3424E+05,  5.2085E+04,  3.5826E+05,  1.4374E+01
  1.8000E+01,  3.2845E+09,  6.9302E+07,  3.0848E-02,  3.9262E-02,  2.6375E+00,  8.9412E+05,  4.3243E+05,  2.0247E+06,  9.3458E+01,  3.1908E+08,  8.5399E+06,  3.7852E-03,  4.8326E-03,  2.8261E-01,  9.6152E+04,  3.9970E+04,  2.4654E+05,  9.7776E+00
  2.0000E+01,  2.7224E+09,  5.4118E+07,  2.4121E-02,  3.0678E-02,  2.1293E+00,  7.2127E+05,  3.5956E+05,  1.5848E+06,  7.5864E+01,  2.4297E+08,  6.6447E+06,  2.9414E-03,  3.7515E-03,  2.2559E-01,  7.6706E+04,  3.2900E+04,  1.9331E+05,  7.8164E+00
  2.2000E+01,  2.2873E+09,  4.2724E+07,  1.9082E-02,  2.4256E-02,  1.7351E+00,  5.8730E+05,  3.0083E+05,  1.2514E+06,  6.2192E+01,  1.9217E+08,  4.7495E+06,  2.0977E-03,  2.6704E-03,  1.6857E-01,  5.7260E+04,  2.5830E+04,  1.4008E+05,  5.8553E+00
  2.5000E+01,  1.7949E+09,  3.0676E+07,  1.3760E-02,  1.7480E-02,  1.3000E+00,  4.3945E+05,  2.3290E+05,  8.9436E+05,  4.7057E+01,  1.3612E+08,  3.2822E+06,  1.4503E-03,  1.8467E-03,  1.2155E-01,  4.1308E+04,  1.9455E+04,  9.7966E+04,  4.2350E+00
  2.8000E+01,  1.4392E+09,  2.2515E+07,  1.0151E-02,  1.2883E-02,  9.9105E-01,  3.3441E+05,  1.8239E+05,  6.4946E+05,  3.6273E+01,  1.0096E+08,  2.1582E+06,  9.5562E-04,  1.2184E-03,  8.4384E-02,  2.8716E+04,  1.4221E+04,  6.5303E+04,  2.9541E+00
  3.2000E+01,  1.0999E+09,  1.5476E+07,  7.0317E-03,  8.9093E-03,  7.1067E-01,  2.3898E+05,  1.3425E+05,  4.3645E+05,  2.6420E+01,  6.8709E+07,  1.3614E+06,  6.0417E-04,  7.6826E-04,  5.5808E-02,  1.9000E+04,  9.8504E+03,  4.1199E+04,  1.9724E+00
  3.5000E+01,  9.1710E+08,  1.1918E+07,  5.4476E-03,  6.8969E-03,  5.6301E-01,  1.8872E+05,  1.0788E+05,  3.2899E+05,  2.1184E+01,  5.3162E+07,  1.0108E+06,  4.5193E-04,  5.7334E-04,  4.2631E-02,  1.4510E+04,  7.7307E+03,  3.0440E+04,  1.5181E+00
  4.0000E+01,  6.9276E+08,  7.8660E+06,  3.6244E-03,  4.5857E-03,  3.8824E-01,  1.2947E+05,  7.5778E+04,  2.0774E+05,  1.4929E+01,  3.6570E+07,  6.1001E+05,  2.7734E-04,  3.5117E-04,  2.7278E-02,  9.1889E+03,  5.1081E+03,  1.8063E+04,  9.8409E-01
  4.5000E+01,  5.3712E+08,  5.3777E+06,  2.4876E-03,  3.1476E-03,  2.7477E-01,  9.1369E+04,  5.4346E+04,  1.3483E+05,  1.0807E+01,  2.5689E+07,  3.8529E+05,  1.7739E-04,  2.2407E-04,  1.8107E-02,  6.0518E+03,  3.4646E+03,  1.1100E+04,  6.6453E-01
  5.0000E+01,  4.2637E+08,  3.7839E+06,  1.7517E-03,  2.2183E-03,  1.9865E-01,  6.5974E+04,  3.9660E+04,  8.9583E+04,  7.9928E+00,  1.8609E+07,  2.5224E+05,  1.1694E-04,  1.4762E-04,  1.2343E-02,  4.1063E+03,  2.4100E+03,  6.9972E+03,  4.6118E-01
  5.5000E+01,  3.4483E+08,  2.7280E+06,  1.2622E-03,  1.5995E-03,  1.4633E-01,  4.8587E+04,  2.9367E+04,  6.0849E+04,  6.0238E+00,  1.4008E+07,  1.7013E+05,  7.8870E-05,  9.9903E-05,  8.5859E-03,  2.8486E+03,  1.7071E+03,  4.4962E+03,  3.2646E-01
  6.3000E+01,  2.5185E+08,  1.6616E+06,  7.6809E-04,  9.7300E-04,  9.1748E-02,  3.0481E+04,  1.8452E+04,  3.3552E+04,  3.9223E+00,  9.2354E+06,  9.6462E+04,  4.4660E-05,  5.6728E-05,  5.0586E-03,  1.6777E+03,  1.0216E+03,  2.3281E+03,  1.9892E-01
  7.1000E+01,  1.8984E+08,  1.0436E+06,  4.8222E-04,  6.1024E-04,  5.8983E-02,  1.9605E+04,  1.1808E+04,  1.9166E+04,  2.6188E+00,  6.2682E+06,  5.8021E+04,  2.6808E-05,  3.3963E-05,  3.1326E-03,  1.0413E+03,  6.3948E+02,  1.2683E+03,  1.2695E-01
  8.0000E+01,  1.4242E+08,  6.3546E+05,  2.9361E-04,  3.7140E-04,  3.6696E-02,  1.2193E+04,  7.2506E+03,  1.0673E+04,  1.7028E+00,  4.2695E+06,  3.2686E+04,  1.5105E-05,  1.9113E-05,  1.8199E-03,  6.0580E+02,  3.7326E+02,  6.1914E+02,  7.6584E-02
  9.0000E+01,  1.0663E+08,  3.8179E+05,  1.7641E-04,  2.2307E-04,  2.2434E-02,  7.4497E+03,  4.3370E+03,  6.0823E+03,  1.0923E+00,  2.8882E+06,  1.8049E+04,  8.3365E-06,  1.0553E-05,  1.0327E-03,  3.4292E+02,  2.0945E+02,  2.9892E+02,  4.5518E-02
  1.0000E+02,  8.2576E+07,  2.3730E+05,  1.0969E-04,  1.3867E-04,  1.4116E-02,  4.6862E+03,  2.6573E+03,  3.7272E+03,  7.1982E-01,  1.9228E+06,  1.0849E+04,  5.0067E-06,  6.3285E-06,  6.3088E-04,  2.0979E+02,  1.2650E+02,  1.7211E+02,  2.8985E-02
  1.1000E+02,  6.6473E+07,  1.5144E+05,  7.0046E-05,  8.8551E-05,  9.0913E-03,  3.0171E+03,  1.6588E+03,  2.3763E+03,  4.8501E-01,  1.2979E+06,  6.3226E+03,  2.9219E-06,  3.6947E-06,  3.7401E-04,  1.2401E+02,  7.3206E+01,  9.8056E+01,  1.7976E-02
  1.2000E+02,  5.5009E+07,  9.8673E+04,  4.5662E-05,  5.7710E-05,  5.9576E-03,  1.9785E+03,  1.0504E+03,  1.5620E+03,  3.3234E-01,  9.9485E+05,  4.2306E+03,  1.9549E-06,  2.4735E-06,  2.5273E-04,  8.3727E+01,  4.8475E+01,  6.4818E+01,  1.2558E-02
  1.4000E+02,  3.8760E+07,  4.1111E+04,  1.9049E-05,  2.4063E-05,  2.5025E-03,  8.3218E+02,  4.0107E+02,  6.8414E+02,  1.5540E-01,  6.3006E+05,  1.5255E+03,  7.0635E-07,  8.9122E-07,  9.2776E-05,  3.0901E+01,  1.6455E+01,  2.2964E+01,  5.1362E-03
  1.6000E+02,  2.8399E+07,  1.9274E+04,  8.9303E-06,  1.1290E-05,  1.1706E-03,  3.8880E+02,  1.7053E+02,  3.5119E+02,  7.9682E-02,  4.0602E+05,  6.5823E+02,  3.0552E-07,  3.8604E-07,  4.0414E-05,  1.3438E+01,  6.5990E+00,  1.0331E+01,  2.4358E-03
  1.8000E+02,  2.1576E+07,  9.5148E+03,  4.4021E-06,  5.5674E-06,  5.7198E-04,  1.8980E+02,  7.5218E+01,  1.9478E+02,  4.2660E-02,  2.7629E+05,  3.1766E+02,  1.4730E-07,  1.8623E-07,  1.9447E-05,  6.4622E+00,  2.9322E+00,  5.3108E+00,  1.2664E-03
  2.0000E+02,  1.6845E+07,  4.8281E+03,  2.2312E-06,  2.8220E-06,  2.8572E-04,  9.4770E+01,  3.3435E+01,  1.1390E+02,  2.3462E-02,  1.9680E+05,  1.5101E+02,  6.9783E-08,  8.8317E-08,  9.1790E-06,  3.0408E+00,  1.2460E+00,  2.7763E+00,  6.5347E-04
  2.2000E+02,  1.3416E+07,  2.5889E+03,  1.1970E-06,  1.5133E-06,  1.5033E-04,  4.9879E+01,  1.5705E+01,  7.0997E+01,  1.3510E-02,  1.4604E+05,  7.2903E+01,  3.3646E-08,  4.2549E-08,  4.3597E-06,  1.4483E+00,  5.2698E-01,  1.5145E+00,  3.4171E-04
  2.5000E+02,  9.7574E+06,  1.0814E+03,  5.0065E-07,  6.3284E-07,  6.0758E-05,  2.0140E+01,  5.3127E+00,  3.7820E+01,  6.2346E-03,  9.7894E+04,  2.7600E+01,  1.2775E-08,  1.6149E-08,  1.6117E-06,  5.3430E-01,  1.6585E-01,  6.9726E-01,  1.4330E-04
  2.8000E+02,  7.2696E+06,  5.0381E+02,  2.3329E-07,  2.9489E-07,  2.7353E-05,  9.0665E+00,  2.0333E+00,  2.2191E+01,  3.1479E-03,  6.7964E+04,  1.0905E+01,  5.0491E-09,  6.3810E-09,  6.1532E-07,  2.0390E-01,  5.2778E-02,  3.4467E-01,  6.2478E-05
  3.2000E+02,  5.0729E+06,  1.9287E+02,  8.9362E-08,  1.1297E-07,  9.9634E-06,  3.3038E+00,  5.9616E-01,  1.1739E+01,  1.3306E-03,  4.1870E+04,  4.6424E+00,  2.1473E-09,  2.7149E-09,  2.5413E-07,  8.4232E-02,  1.9079E-02,  1.7791E-01,  2.8386E-05
  3.5000E+02,  3.9903E+06,  9.9567E+01,  4.6177E-08,  5.8375E-08,  4.9343E-06,  1.6366E+00,  2.4370E-01,  7.7557E+00,  7.3971E-04,  3.0305E+04,  1.5776E+00,  7.3165E-10,  9.2476E-10,  8.1139E-08,  2.6915E-02,  4.4180E-03,  8.7663E-02,  1.1009E-05
  4.0000E+02,  2.7571E+06,  3.8716E+01,  1.7957E-08,  2.2712E-08,  1.8194E-06,  6.0322E-01,  7.6162E-02,  4.2411E+00,  3.1176E-04,  1.9022E+04,  8.5638E-01,  3.9716E-10,  5.0177E-10,  4.3457E-08,  1.4420E-02,  2.2836E-03,  5.2922E-02,  6.1096E-06
  4.5000E+02,  1.9725E+06,  1.3816E+01,  6.4085E-09,  8.1141E-09,  5.8088E-07,  1.9237E-01,  1.4840E-02,  2.4642E+00,  1.2815E-04,  1.2362E+04,  1.3964E-01,  6.4768E-11,  8.2127E-11,  6.0839E-09,  2.0138E-03,  1.6931E-04,  1.8152E-02,  1.2349E-06
  5.0000E+02,  1.4788E+06,  8.3664E+00,  3.8805E-09,  4.9096E-09,  3.4501E-07,  1.1429E-01,  8.3834E-03,  1.7188E+00,  7.9537E-05,  7.3860E+03,  7.8343E-02,  3.6349E-11,  4.6050E-11,  3.3512E-09,  1.1095E-03,  8.8950E-05,  1.1665E-02,  7.0957E-07
'End of File'
