'*',    54,     1,    25,    22,     5,     5,    75,     1
'SPENVIS 4.6.10.3408          -  5-Apr-2020 01:51:32'
'PRJ_DEF', -1,'TESTING'
'PRJ_HDR', -1,'test1'
'MOD_ABB', -1,'SEP'
'MIS_PLA',  1,    3,' '
'MIS_NTR',  1,    1,' '
'MIS_STA',  1,  25567.00000000,' '
'MIS_END',  1,  29217.00000000,' '
'MIS_DUR',  1, 3.650000E+03,'days'
'SEP_IEL',  1,  1,' '
'SEP_JEL',  1,  9,' '
'SEP_MOD', -1,'ESP-PSYCHIC total fluence'
'SEP_TMI',  1,  7.0,'years'
'SEP_TMA',  1,  3.0,'years'
'SEP_DUR',  1, 10.0,'years'
'SEP_NCY',  1,  2,' '
'SEP_NOR',  1,  0,' '
'SEP_NAL',  1,  0,' '
'SEP_PRB',  1,  50.0,'%'
'SEP_OMN',  1, 1, ' '
'SEP_ABS', -1,'Energy'
'SEP_IGC',  1,  1,' '
'SEP_IGV',  1,  1,' '
'SEP_IST',  1,  0,' '
'PLT_HDR', -1,'ESP-PSYCHIC total fluence: solar protons'
'SPECIES', -1,'proton'
'PS Annotation',  8,  1
'Mission start: 01/01/2020 00:00:00'
 0.05, 0.00, 0.00
'Mission end: 29/12/2029 00:00:00'
 0.95, 0.00, 1.00
'Nr. of segments:   1'
 0.05, 1.50, 0.00
'Duration: 3650.00 days'
 0.95, 0.00, 1.00
'PS Annotation', 12,  0
'Solar particle model: ESP-PSYCHIC total fluence'
 0.05, 2.00, 0.00
'Mission duration: 10.00 years, spanning 2 solar cycles'
 0.10, 1.50, 0.00
'7.00 years in solar maximum'
 0.15, 1.50, 0.00
'3.00 years in solar minimum'
 0.15, 1.50, 0.00
'Confidence level: 50.000%'
 0.10, 1.50, 0.00
'Magnetic shielding:    quiet magnetosphere'
 0.10, 1.50, 0.00
'Energy','MeV', 1,'Energy'
'IFlux','cm!u-2!n', 1,'Integral Fluence'
'DFlux','cm!u-2!n MeV!u-1!n', 1,'Differential Fluence'
'Attenuation',' ', 1,'Orbit Averaged Proton Attenuation Factor'
'Exposure','hrs', 1,'Proton Exposure Time'
  1.0000E-01,  5.6405E+12,  5.4920E+13, 0.9302, 8.2673E+04
  1.1000E-01,  5.1337E+12,  4.6441E+13, 0.9302, 8.2673E+04
  1.2000E-01,  4.7056E+12,  3.9177E+13, 0.9302, 8.2673E+04
  1.4000E-01,  4.0241E+12,  2.8971E+13, 0.9302, 8.2673E+04
  1.6000E-01,  3.5139E+12,  2.2048E+13, 0.9302, 8.2673E+04
  1.8000E-01,  3.1200E+12,  1.7345E+13, 0.9302, 8.2673E+04
  2.0000E-01,  2.8065E+12,  1.4004E+13, 0.9302, 8.2673E+04
  2.2000E-01,  2.5506E+12,  1.1586E+13, 0.9302, 8.2673E+04
  2.5000E-01,  2.2420E+12,  8.9863E+12, 0.9302, 8.2673E+04
  2.8000E-01,  1.9998E+12,  7.1599E+12, 0.9302, 8.2673E+04
  3.2000E-01,  1.7474E+12,  5.4608E+12, 0.9302, 8.2673E+04
  3.5000E-01,  1.5971E+12,  4.5590E+12, 0.9302, 8.2673E+04
  4.0000E-01,  1.3956E+12,  3.5011E+12, 0.9302, 8.2673E+04
  4.5000E-01,  1.2392E+12,  2.7543E+12, 0.9302, 8.2673E+04
  5.0000E-01,  1.1148E+12,  2.2238E+12, 0.9302, 8.2673E+04
  5.5000E-01,  1.0131E+12,  1.8411E+12, 0.9302, 8.2673E+04
  6.3000E-01,  8.8323E+11,  1.4068E+12, 0.9302, 8.2673E+04
  7.1000E-01,  7.8279E+11,  1.1042E+12, 0.9302, 8.2673E+04
  8.0000E-01,  6.9400E+11,  8.6873E+11, 0.9302, 8.2673E+04
  9.0000E-01,  6.1634E+11,  6.8466E+11, 0.9302, 8.2673E+04
  1.0000E+00,  5.5446E+11,  5.5277E+11, 0.9302, 8.2673E+04
  1.1000E+00,  5.0404E+11,  4.5567E+11, 0.9302, 8.2673E+04
  1.2000E+00,  4.6204E+11,  3.8439E+11, 0.9302, 8.2673E+04
  1.4000E+00,  3.9518E+11,  2.8425E+11, 0.9302, 8.2673E+04
  1.6000E+00,  3.4512E+11,  2.1633E+11, 0.9302, 8.2673E+04
  1.8000E+00,  3.0647E+11,  1.7019E+11, 0.9302, 8.2673E+04
  2.0000E+00,  2.7571E+11,  1.3740E+11, 0.9302, 8.2673E+04
  2.2000E+00,  2.5060E+11,  1.1368E+11, 0.9302, 8.2673E+04
  2.5000E+00,  2.2032E+11,  8.8171E+10, 0.9302, 8.2673E+04
  2.8000E+00,  1.9623E+11,  7.2465E+10, 0.9302, 8.2673E+04
  3.2000E+00,  1.6966E+11,  6.0375E+10, 0.9302, 8.2673E+04
  3.5000E+00,  1.5283E+11,  5.1789E+10, 0.9302, 8.2673E+04
  4.0000E+00,  1.3019E+11,  3.8793E+10, 0.9302, 8.2673E+04
  4.5000E+00,  1.1303E+11,  2.9821E+10, 0.9302, 8.2673E+04
  5.0000E+00,  9.9395E+10,  2.4734E+10, 0.9302, 8.2673E+04
  5.5000E+00,  8.7919E+10,  2.1169E+10, 0.9302, 8.2673E+04
  6.3000E+00,  7.3233E+10,  1.5548E+10, 0.9302, 8.2673E+04
  7.1000E+00,  6.2158E+10,  1.2140E+10, 0.9302, 8.2673E+04
  8.0000E+00,  5.2414E+10,  9.5133E+09, 0.9302, 8.2673E+04
  9.0000E+00,  4.4108E+10,  7.0989E+09, 0.9302, 8.2673E+04
  1.0000E+01,  3.7713E+10,  5.6901E+09, 0.9302, 8.2673E+04
  1.1000E+01,  3.2521E+10,  4.6940E+09, 0.9302, 8.2673E+04
  1.2000E+01,  2.8293E+10,  3.7628E+09, 0.9302, 8.2673E+04
  1.4000E+01,  2.1946E+10,  2.5843E+09, 0.9302, 8.2673E+04
  1.6000E+01,  1.7488E+10,  1.8733E+09, 0.9302, 8.2673E+04
  1.8000E+01,  1.4232E+10,  1.3833E+09, 0.9302, 8.2673E+04
  2.0000E+01,  1.1795E+10,  1.0533E+09, 0.9302, 8.2673E+04
  2.2000E+01,  9.9086E+09,  8.3309E+08, 0.9302, 8.2673E+04
  2.5000E+01,  7.7738E+09,  5.9010E+08, 0.9302, 8.2673E+04
  2.8000E+01,  6.2322E+09,  4.3766E+08, 0.9302, 8.2673E+04
  3.2000E+01,  4.7611E+09,  2.9786E+08, 0.9302, 8.2673E+04
  3.5000E+01,  3.9687E+09,  2.3046E+08, 0.9302, 8.2673E+04
  4.0000E+01,  2.9962E+09,  1.5854E+08, 0.9302, 8.2673E+04
  4.5000E+01,  2.3214E+09,  1.1136E+08, 0.9302, 8.2673E+04
  5.0000E+01,  1.8413E+09,  8.0672E+07, 0.9302, 8.2673E+04
  5.5000E+01,  1.4878E+09,  6.0726E+07, 0.9302, 8.2673E+04
  6.3000E+01,  1.0848E+09,  4.0036E+07, 0.9302, 8.2673E+04
  7.1000E+01,  8.1593E+08,  2.7173E+07, 0.9302, 8.2673E+04
  8.0000E+01,  6.1036E+08,  1.8509E+07, 0.9302, 8.2673E+04
  9.0000E+01,  4.5521E+08,  1.2520E+07, 0.9302, 8.2673E+04
  1.0000E+02,  3.5093E+08,  8.3353E+06, 0.9302, 8.2673E+04
  1.1000E+02,  2.8112E+08,  5.6267E+06, 0.9302, 8.2673E+04
  1.2000E+02,  2.3142E+08,  4.3128E+06, 0.9302, 8.2673E+04
  1.4000E+02,  1.6098E+08,  2.7314E+06, 0.9302, 8.2673E+04
  1.6000E+02,  1.1612E+08,  1.7553E+06, 0.9306, 8.2855E+04
  1.8000E+02,  8.6766E+07,  1.1798E+06, 0.9313, 8.2916E+04
  2.0000E+02,  6.6691E+07,  8.2770E+05, 0.9323, 8.2977E+04
  2.2000E+02,  5.2370E+07,  6.0444E+05, 0.9328, 8.2977E+04
  2.5000E+02,  3.7373E+07,  3.9531E+05, 0.9334, 8.3159E+04
  2.8000E+02,  2.7409E+07,  2.6898E+05, 0.9342, 8.3220E+04
  3.2000E+02,  1.8786E+07,  1.6218E+05, 0.9352, 8.3281E+04
  3.5000E+02,  1.4621E+07,  1.1549E+05, 0.9359, 8.3342E+04
  4.0000E+02,  9.9631E+06,  7.0818E+04, 0.9365, 8.3402E+04
  4.5000E+02,  7.0667E+06,  4.5037E+04, 0.9372, 8.3524E+04
  5.0000E+02,  5.2813E+06,  2.6379E+04, 0.9380, 8.3585E+04
'End of Block'
'*',    52,     1,    25,    22,     3,    19,    75,     0
'SPENVIS 4.6.10.3408          -  5-Apr-2020 01:51:32'
'PRJ_DEF', -1,'TESTING'
'PRJ_HDR', -1,'test1'
'MOD_ABB', -1,'SEP'
'MIS_PLA',  1,    3,' '
'MIS_NTR',  1,    1,' '
'MIS_STA',  1,  25567.00000000,' '
'MIS_END',  1,  29217.00000000,' '
'MIS_DUR',  1, 3.650000E+03,'days'
'SEP_IEL',  1,  1,' '
'SEP_JEL',  1,  9,' '
'SEP_MOD', -1,'ESP-PSYCHIC total fluence'
'SEP_TMI',  1,  7.0,'years'
'SEP_TMA',  1,  3.0,'years'
'SEP_DUR',  1, 10.0,'years'
'SEP_NCY',  1,  2,' '
'SEP_NOR',  1,  0,' '
'SEP_NAL',  1,  0,' '
'SEP_PRB',  1,  50.0,'%'
'SEP_OMN',  1, 1, ' '
'SEP_ABS', -1,'Energy'
'SEP_IGC',  1,  1,' '
'SEP_IGV',  1,  1,' '
'SEP_IST',  1,  0,' '
'PLT_HDR', -1,'ESP-PSYCHIC total fluence: solar ions'
'SPECIES', -9,'H ','He','Li','Be','B ','C ','N ','O ','F '
'PS Annotation',  8,  1
'Mission start: 01/01/2020 00:00:00'
 0.05, 0.00, 0.00
'Mission end: 29/12/2029 00:00:00'
 0.95, 0.00, 1.00
'Nr. of segments:   1'
 0.05, 1.50, 0.00
'Duration: 3650.00 days'
 0.95, 0.00, 1.00
'PS Annotation', 12,  0
'Solar particle model: ESP-PSYCHIC total fluence'
 0.05, 2.00, 0.00
'Mission duration: 10.00 years, spanning 2 solar cycles'
 0.10, 1.50, 0.00
'7.00 years in solar maximum'
 0.15, 1.50, 0.00
'3.00 years in solar minimum'
 0.15, 1.50, 0.00
'Confidence level: 50.000%'
 0.10, 1.50, 0.00
'Magnetic shielding:    quiet magnetosphere'
 0.10, 1.50, 0.00
'Energy','MeV/n', 1,'Energy'
'IFlux','cm!u-2!n',  9,'Integral Fluence of ','SPECIES'
'DFlux','cm!u-2!n (MeV/n)!u-1!n',  9,'Differential Fluence of ','SPECIES'
  1.0000E-01,  5.6405E+12,  1.2377E+11,  5.4902E+01,  6.9879E+01,  1.7401E+03,  5.9249E+08,  2.1972E+08,  2.1583E+09,  9.1732E+04,  5.4920E+13,  4.6383E+11,  2.0574E+02,  2.6175E+02,  5.6679E+03,  1.9302E+09,  7.2180E+08,  7.1967E+09,  3.1498E+05
  1.1000E-01,  5.1337E+12,  1.1920E+11,  5.2873E+01,  6.7298E+01,  1.6842E+03,  5.7345E+08,  2.1260E+08,  2.0873E+09,  8.8625E+04,  4.6441E+13,  4.5070E+11,  1.9992E+02,  2.5434E+02,  5.5129E+03,  1.8774E+09,  7.0204E+08,  6.9995E+09,  3.0627E+05
  1.2000E-01,  4.7056E+12,  1.1475E+11,  5.0903E+01,  6.4792E+01,  1.6299E+03,  5.5494E+08,  2.0568E+08,  2.0183E+09,  8.5606E+04,  3.9177E+13,  4.3757E+11,  1.9409E+02,  2.4694E+02,  5.3578E+03,  1.8246E+09,  6.8227E+08,  6.8022E+09,  2.9756E+05
  1.4000E-01,  4.0241E+12,  1.0626E+11,  4.7138E+01,  6.0001E+01,  1.5258E+03,  5.1951E+08,  1.9243E+08,  1.8862E+09,  7.9829E+04,  2.8971E+13,  4.1132E+11,  1.8245E+02,  2.3212E+02,  5.0478E+03,  1.7190E+09,  6.4274E+08,  6.4077E+09,  2.8014E+05
  1.6000E-01,  3.5139E+12,  9.8301E+10,  4.3605E+01,  5.5507E+01,  1.4280E+03,  4.8618E+08,  1.7997E+08,  1.7620E+09,  7.4401E+04,  2.2048E+13,  3.8506E+11,  1.7080E+02,  2.1731E+02,  4.7378E+03,  1.6135E+09,  6.0320E+08,  6.0132E+09,  2.6273E+05
  1.8000E-01,  3.1200E+12,  9.0862E+10,  4.0306E+01,  5.1309E+01,  1.3363E+03,  4.5497E+08,  1.6831E+08,  1.6457E+09,  6.9320E+04,  1.7345E+13,  3.5881E+11,  1.5916E+02,  2.0250E+02,  4.4277E+03,  1.5079E+09,  5.6367E+08,  5.6187E+09,  2.4531E+05
  2.0000E-01,  2.8065E+12,  8.3949E+10,  3.7239E+01,  4.7407E+01,  1.2508E+03,  4.2586E+08,  1.5743E+08,  1.5373E+09,  6.4588E+04,  1.4004E+13,  3.3256E+11,  1.4751E+02,  1.8769E+02,  4.1177E+03,  1.4024E+09,  5.2413E+08,  5.2243E+09,  2.2789E+05
  2.2000E-01,  2.5506E+12,  7.7560E+10,  3.4406E+01,  4.3801E+01,  1.1716E+03,  3.9887E+08,  1.4734E+08,  1.4367E+09,  6.0204E+04,  1.1586E+13,  3.0630E+11,  1.3586E+02,  1.7287E+02,  3.8076E+03,  1.2968E+09,  4.8460E+08,  4.8298E+09,  2.1047E+05
  2.5000E-01,  2.2420E+12,  6.8962E+10,  3.0592E+01,  3.8948E+01,  1.0643E+03,  3.6234E+08,  1.3369E+08,  1.3007E+09,  5.4282E+04,  8.9863E+12,  2.6692E+11,  1.1840E+02,  1.5065E+02,  3.3426E+03,  1.1385E+09,  4.2530E+08,  4.2380E+09,  1.8435E+05
  2.8000E-01,  1.9998E+12,  6.1545E+10,  2.7302E+01,  3.4762E+01,  9.7104E+02,  3.3056E+08,  1.2182E+08,  1.1824E+09,  4.9144E+04,  7.1599E+12,  2.2754E+11,  1.0093E+02,  1.2844E+02,  2.8775E+03,  9.8012E+08,  3.6600E+08,  3.6463E+09,  1.5822E+05
  3.2000E-01,  1.7474E+12,  5.3493E+10,  2.3731E+01,  3.0217E+01,  8.6834E+02,  2.9558E+08,  1.0876E+08,  1.0524E+09,  4.3511E+04,  5.4608E+12,  1.7503E+11,  7.7635E+01,  9.8810E+01,  2.2574E+03,  7.6899E+08,  2.8693E+08,  2.8573E+09,  1.2339E+05
  3.5000E-01,  1.5971E+12,  4.8833E+10,  2.1664E+01,  2.7586E+01,  8.0759E+02,  2.7489E+08,  1.0105E+08,  9.7552E+08,  4.0202E+04,  4.5590E+12,  1.3565E+11,  6.0166E+01,  7.6591E+01,  1.7923E+03,  6.1065E+08,  2.2763E+08,  2.2656E+09,  9.7260E+04
  4.0000E-01,  1.3956E+12,  4.3338E+10,  1.9227E+01,  2.4483E+01,  7.3328E+02,  2.4957E+08,  9.1616E+07,  8.8172E+08,  3.6197E+04,  3.5011E+12,  8.4135E+10,  3.7314E+01,  4.7524E+01,  1.1801E+03,  4.0220E+08,  1.4957E+08,  1.4867E+09,  6.2923E+04
  4.5000E-01,  1.2392E+12,  3.9415E+10,  1.7487E+01,  2.2267E+01,  6.7800E+02,  2.3072E+08,  8.4611E+07,  8.1211E+08,  3.3254E+04,  2.7543E+12,  7.2805E+10,  3.2284E+01,  4.1126E+01,  1.0312E+03,  3.5154E+08,  1.3064E+08,  1.2978E+09,  5.4792E+04
  5.0000E-01,  1.1148E+12,  3.6058E+10,  1.5998E+01,  2.0371E+01,  6.3016E+02,  2.1441E+08,  7.8552E+07,  7.5194E+08,  3.0718E+04,  2.2238E+12,  6.1474E+10,  2.7254E+01,  3.4728E+01,  8.8236E+02,  3.0089E+08,  1.1171E+08,  1.1090E+09,  4.6661E+04
  5.5000E-01,  1.0131E+12,  3.3268E+10,  1.4761E+01,  1.8794E+01,  5.8976E+02,  2.0063E+08,  7.3440E+07,  7.0121E+08,  2.8588E+04,  1.8411E+12,  5.0143E+10,  2.2224E+01,  2.8329E+01,  7.3351E+02,  2.5023E+08,  9.2779E+07,  9.2013E+08,  3.8529E+04
  6.3000E-01,  8.8323E+11,  2.9754E+10,  1.3204E+01,  1.6809E+01,  5.3772E+02,  1.8288E+08,  6.6863E+07,  6.3602E+08,  2.5867E+04,  1.4068E+12,  3.7687E+10,  1.6699E+01,  2.1296E+01,  5.6750E+02,  1.9361E+08,  7.1652E+07,  7.0951E+08,  2.9501E+04
  7.1000E-01,  7.8279E+11,  2.6987E+10,  1.1978E+01,  1.5245E+01,  4.9577E+02,  1.6858E+08,  6.1571E+07,  5.8364E+08,  2.3692E+04,  1.1042E+12,  3.1500E+10,  1.3963E+01,  1.7804E+01,  4.8125E+02,  1.6399E+08,  6.0647E+07,  6.0006E+08,  2.4873E+04
  8.0000E-01,  6.9400E+11,  2.4465E+10,  1.0860E+01,  1.3820E+01,  4.5683E+02,  1.5532E+08,  5.6670E+07,  5.3518E+08,  2.1688E+04,  8.6873E+11,  2.4540E+10,  1.0885E+01,  1.3876E+01,  3.8421E+02,  1.3066E+08,  4.8266E+07,  4.7692E+08,  1.9666E+04
  9.0000E-01,  6.1634E+11,  2.2210E+10,  9.8593E+00,  1.2545E+01,  4.2125E+02,  1.4323E+08,  5.2205E+07,  4.9108E+08,  1.9873E+04,  6.8466E+11,  2.0557E+10,  9.1216E+00,  1.1626E+01,  3.2727E+02,  1.1117E+08,  4.1026E+07,  4.0496E+08,  1.6640E+04
  1.0000E+00,  5.5446E+11,  2.0243E+10,  8.9866E+00,  1.1432E+01,  3.8988E+02,  1.3257E+08,  4.8273E+07,  4.5228E+08,  1.8279E+04,  5.5277E+11,  1.8776E+10,  8.3321E+00,  1.0618E+01,  3.0022E+02,  1.0199E+08,  3.7613E+07,  3.7110E+08,  1.5234E+04
  1.1000E+00,  5.0404E+11,  1.8455E+10,  8.1929E+00,  1.0421E+01,  3.6121E+02,  1.2283E+08,  4.4682E+07,  4.1686E+08,  1.6826E+04,  4.5567E+11,  1.6995E+10,  7.5426E+00,  9.6101E+00,  2.7317E+02,  9.2814E+07,  3.4200E+07,  3.3723E+08,  1.3829E+04
  1.2000E+00,  4.6204E+11,  1.6844E+10,  7.4781E+00,  9.5105E+00,  3.3524E+02,  1.1400E+08,  4.1433E+07,  3.8483E+08,  1.5513E+04,  3.8439E+11,  1.5214E+10,  6.7531E+00,  8.6023E+00,  2.4612E+02,  8.3634E+07,  3.0787E+07,  3.0337E+08,  1.2423E+04
  1.4000E+00,  3.9518E+11,  1.4158E+10,  6.2854E+00,  7.9916E+00,  2.9143E+02,  9.9113E+07,  3.5958E+07,  3.3093E+08,  1.3310E+04,  2.8425E+11,  1.1652E+10,  5.1741E+00,  6.5867E+00,  1.9202E+02,  6.5273E+07,  2.3961E+07,  2.3564E+08,  9.6120E+03
  1.6000E+00,  3.4512E+11,  1.2184E+10,  5.4084E+00,  6.8758E+00,  2.5844E+02,  8.7895E+07,  3.1849E+07,  2.9058E+08,  1.1668E+04,  2.1633E+11,  8.0903E+09,  3.5951E+00,  4.5711E+00,  1.3791E+02,  4.6913E+07,  1.7135E+07,  1.6791E+08,  6.8007E+03
  1.8000E+00,  3.0647E+11,  1.0812E+10,  4.7989E+00,  6.1013E+00,  2.3462E+02,  7.9791E+07,  2.8897E+07,  2.6171E+08,  1.0503E+04,  1.7019E+11,  5.6208E+09,  2.5001E+00,  3.1739E+00,  1.0025E+02,  3.4125E+07,  1.2384E+07,  1.2079E+08,  4.8489E+03
  2.0000E+00,  2.7571E+11,  9.7323E+09,  4.3185E+00,  5.4914E+00,  2.1529E+02,  7.3209E+07,  2.6509E+07,  2.3843E+08,  9.5692E+03,  1.3740E+11,  5.1802E+09,  2.3039E+00,  2.9249E+00,  9.3095E+01,  3.1689E+07,  1.1489E+07,  1.1197E+08,  4.4928E+03
  2.2000E+00,  2.5060E+11,  8.7403E+09,  3.8774E+00,  4.9313E+00,  1.9738E+02,  6.7115E+07,  2.4301E+07,  2.1692E+08,  8.7062E+03,  1.1368E+11,  4.7396E+09,  2.1078E+00,  2.6760E+00,  8.5944E+01,  2.9253E+07,  1.0593E+07,  1.0316E+08,  4.1368E+03
  2.5000E+00,  2.2032E+11,  7.4176E+09,  3.2892E+00,  4.1845E+00,  1.7321E+02,  5.8888E+07,  2.1325E+07,  1.8796E+08,  7.5453E+03,  8.8171E+10,  4.0786E+09,  1.8136E+00,  2.3026E+00,  7.5217E+01,  2.5598E+07,  9.2499E+06,  8.9926E+07,  3.6028E+03
  2.8000E+00,  1.9623E+11,  6.2932E+09,  2.7892E+00,  3.5497E+00,  1.5225E+02,  5.1756E+07,  1.8751E+07,  1.6296E+08,  6.5445E+03,  7.2465E+10,  3.4177E+09,  1.5194E+00,  1.9293E+00,  6.4491E+01,  2.1943E+07,  7.9065E+06,  7.6697E+07,  3.0688E+03
  3.2000E+00,  1.6966E+11,  5.1024E+09,  2.2599E+00,  2.8776E+00,  1.2932E+02,  4.3954E+07,  1.5947E+07,  1.3581E+08,  5.4594E+03,  6.0375E+10,  2.5364E+09,  1.1271E+00,  1.4314E+00,  5.0189E+01,  1.7070E+07,  6.1154E+06,  5.9058E+07,  2.3568E+03
  3.5000E+00,  1.5283E+11,  4.4406E+09,  1.9659E+00,  2.5042E+00,  1.1587E+02,  3.9381E+07,  1.4314E+07,  1.2008E+08,  4.8325E+03,  5.1789E+10,  1.8754E+09,  8.3288E-01,  1.0580E+00,  3.9463E+01,  1.3416E+07,  4.7720E+06,  4.5829E+07,  1.8227E+03
  4.0000E+00,  1.3019E+11,  3.7157E+09,  1.6442E+00,  2.0954E+00,  9.9663E+01,  3.3874E+07,  1.2369E+07,  1.0150E+08,  4.0961E+03,  3.8793E+10,  1.0242E+09,  4.5396E-01,  5.7721E-01,  2.5359E+01,  8.6116E+06,  3.0079E+06,  2.8470E+07,  1.1231E+03
  4.5000E+00,  1.1303E+11,  3.2382E+09,  1.4327E+00,  1.8263E+00,  8.7824E+01,  2.9854E+07,  1.0968E+07,  8.8272E+07,  3.5739E+03,  2.9821E+10,  8.8560E+08,  3.9220E-01,  4.9901E-01,  2.1995E+01,  7.4696E+06,  2.5951E+06,  2.4457E+07,  9.6537E+02
  5.0000E+00,  9.9395E+10,  2.8301E+09,  1.2520E+00,  1.5964E+00,  7.7668E+01,  2.6404E+07,  9.7737E+06,  7.7047E+07,  3.1307E+03,  2.4734E+10,  7.4696E+08,  3.3044E-01,  4.2080E-01,  1.8632E+01,  6.3277E+06,  2.1823E+06,  2.0445E+07,  8.0763E+02
  5.5000E+00,  8.7919E+10,  2.4912E+09,  1.1022E+00,  1.4055E+00,  6.9193E+01,  2.3526E+07,  8.7857E+06,  6.7827E+07,  2.7663E+03,  2.1169E+10,  6.0833E+08,  2.6867E-01,  3.4260E-01,  1.5268E+01,  5.1858E+06,  1.7696E+06,  1.6433E+07,  6.4989E+02
  6.3000E+00,  7.3233E+10,  2.0668E+09,  9.1489E-01,  1.1664E+00,  5.8505E+01,  1.9895E+07,  7.5521E+06,  5.6442E+07,  2.3156E+03,  1.5548E+10,  4.5289E+08,  1.9972E-01,  2.5507E-01,  1.1451E+01,  3.8903E+06,  1.3146E+06,  1.2031E+07,  4.7698E+02
  7.1000E+00,  6.2158E+10,  1.7373E+09,  7.6948E-01,  9.8077E-01,  5.0179E+01,  1.7066E+07,  6.5916E+06,  4.7686E+07,  1.9680E+03,  1.2140E+10,  3.7080E+08,  1.6380E-01,  2.0909E-01,  9.3630E+00,  3.1824E+06,  1.0868E+06,  9.8595E+06,  3.9191E+02
  8.0000E+00,  5.2414E+10,  1.4451E+09,  6.4025E-01,  8.1587E-01,  4.2810E+01,  1.4561E+07,  5.7288E+06,  3.9912E+07,  1.6583E+03,  9.5133E+09,  2.7844E+08,  1.2337E-01,  1.5735E-01,  7.0140E+00,  2.3860E+06,  8.3044E+05,  7.4169E+06,  2.9621E+02
  9.0000E+00,  4.4108E+10,  1.1973E+09,  5.3034E-01,  6.7573E-01,  3.6539E+01,  1.2427E+07,  4.9821E+06,  3.3300E+07,  1.3937E+03,  7.0989E+09,  2.1731E+08,  9.6448E-02,  1.2293E-01,  5.5269E+00,  1.8809E+06,  6.6304E+05,  5.8073E+06,  2.3302E+02
  1.0000E+01,  3.7713E+10,  9.9833E+08,  4.4208E-01,  5.6324E-01,  3.1426E+01,  1.0687E+07,  4.3683E+06,  2.7973E+07,  1.1796E+03,  5.6901E+09,  1.8054E+08,  8.0085E-02,  1.0205E-01,  4.6992E+00,  1.5988E+06,  5.6458E+05,  4.8465E+06,  1.9515E+02
  1.1000E+01,  3.2521E+10,  8.3617E+08,  3.7017E-01,  4.7163E-01,  2.7141E+01,  9.2295E+06,  3.8529E+06,  2.3607E+07,  1.0034E+03,  4.6940E+09,  1.4377E+08,  6.3722E-02,  8.1169E-02,  3.8716E+00,  1.3168E+06,  4.6611E+05,  3.8857E+06,  1.5729E+02
  1.2000E+01,  2.8293E+10,  7.1078E+08,  3.1463E-01,  4.0090E-01,  2.3683E+01,  8.0537E+06,  3.4360E+06,  2.0201E+07,  8.6506E+02,  3.7628E+09,  1.0701E+08,  4.7360E-02,  6.0287E-02,  3.0439E+00,  1.0347E+06,  3.6765E+05,  2.9248E+06,  1.1943E+02
  1.4000E+01,  2.1946E+10,  5.2521E+08,  2.3250E-01,  2.9634E-01,  1.8314E+01,  6.2285E+06,  2.7783E+06,  1.5103E+07,  6.5724E+02,  2.5843E+09,  7.8562E+07,  3.4770E-02,  4.4280E-02,  2.3254E+00,  7.9054E+05,  2.9009E+05,  2.1739E+06,  8.8388E+01
  1.6000E+01,  1.7488E+10,  3.9152E+08,  1.7331E-01,  2.2092E-01,  1.4277E+01,  4.8560E+06,  2.2624E+06,  1.1376E+07,  5.0654E+02,  1.8733E+09,  5.5128E+07,  2.4418E-02,  3.1135E-02,  1.7110E+00,  5.8193E+05,  2.2579E+05,  1.5531E+06,  6.2312E+01
  1.8000E+01,  1.4232E+10,  2.9937E+08,  1.3248E-01,  1.6884E-01,  1.1341E+01,  3.8572E+06,  1.8634E+06,  8.7537E+06,  4.0184E+02,  1.3833E+09,  3.7021E+07,  1.6409E-02,  2.0950E-02,  1.2252E+00,  4.1683E+05,  1.7327E+05,  1.0688E+06,  4.2387E+01
  2.0000E+01,  1.1795E+10,  2.3355E+08,  1.0332E-01,  1.3163E-01,  9.1379E+00,  3.1079E+06,  1.5475E+06,  6.8469E+06,  3.2557E+02,  1.0533E+09,  2.8806E+07,  1.2751E-02,  1.6263E-02,  9.7797E-01,  3.3253E+05,  1.4262E+05,  8.3802E+05,  3.3885E+01
  2.2000E+01,  9.9086E+09,  1.8415E+08,  8.1479E-02,  1.0379E-01,  7.4291E+00,  2.5271E+06,  1.2929E+06,  5.4016E+06,  2.6630E+02,  8.3309E+08,  2.0590E+07,  9.0935E-03,  1.1577E-02,  7.3078E-01,  2.4823E+05,  1.1198E+05,  6.0726E+05,  2.5383E+01
  2.5000E+01,  7.7738E+09,  1.3192E+08,  5.8408E-02,  7.4413E-02,  5.5425E+00,  1.8862E+06,  9.9838E+05,  3.8537E+06,  2.0069E+02,  5.9010E+08,  1.4229E+07,  6.2873E-03,  8.0056E-03,  5.2693E-01,  1.7907E+05,  8.4341E+04,  4.2469E+05,  1.8359E+01
  2.8000E+01,  6.2322E+09,  9.6546E+07,  4.2763E-02,  5.4482E-02,  4.2034E+00,  1.4308E+06,  7.7940E+05,  2.7920E+06,  1.5394E+02,  4.3766E+08,  9.3559E+06,  4.1427E-03,  5.2817E-03,  3.6581E-01,  1.2449E+05,  6.1649E+04,  2.8310E+05,  1.2806E+01
  3.2000E+01,  4.7611E+09,  6.6031E+07,  2.9251E-02,  3.7260E-02,  2.9879E+00,  1.0171E+06,  5.7069E+05,  1.8686E+06,  1.1123E+02,  2.9786E+08,  5.9018E+06,  2.6133E-03,  3.3292E-03,  2.4193E-01,  8.2366E+04,  4.2703E+04,  1.7860E+05,  8.5507E+00
  3.5000E+01,  3.9687E+09,  5.0606E+07,  2.2420E-02,  2.8558E-02,  2.3480E+00,  7.9923E+05,  4.5637E+05,  1.4027E+06,  8.8530E+01,  2.3046E+08,  4.3817E+06,  1.9401E-03,  2.4719E-03,  1.8467E-01,  6.2902E+04,  3.3513E+04,  1.3196E+05,  6.5813E+00
  4.0000E+01,  2.9962E+09,  3.3041E+07,  1.4643E-02,  1.8651E-02,  1.5939E+00,  5.4240E+05,  3.1724E+05,  8.7710E+05,  6.1477E+01,  1.5854E+08,  2.6440E+06,  1.1709E-03,  1.4912E-03,  1.1697E-01,  3.9828E+04,  2.2140E+04,  7.8293E+04,  4.2396E+00
  4.5000E+01,  2.3214E+09,  2.2286E+07,  9.8780E-03,  1.2585E-02,  1.1103E+00,  3.7773E+05,  2.2461E+05,  5.6195E+05,  4.3817E+01,  1.1136E+08,  1.6580E+06,  7.3520E-04,  9.3510E-04,  7.6498E-02,  2.6042E+04,  1.4909E+04,  4.7766E+04,  2.8245E+00
  5.0000E+01,  1.8413E+09,  1.5461E+07,  6.8505E-03,  8.7340E-03,  7.9075E-01,  2.6899E+05,  1.6173E+05,  3.6818E+05,  3.1931E+01,  8.0672E+07,  1.0722E+06,  4.7578E-04,  6.0528E-04,  5.1302E-02,  1.7454E+04,  1.0243E+04,  2.9741E+04,  1.9298E+00
  5.5000E+01,  1.4878E+09,  1.0998E+07,  4.8718E-03,  6.2140E-03,  5.7474E-01,  1.9551E+05,  1.1824E+05,  2.4672E+05,  2.3743E+01,  6.0726E+07,  7.1301E+05,  3.1571E-04,  4.0272E-04,  3.5102E-02,  1.1938E+04,  7.1542E+03,  1.8843E+04,  1.3454E+00
  6.3000E+01,  1.0848E+09,  6.5646E+06,  2.9086E-03,  3.7083E-03,  3.5351E-01,  1.2025E+05,  7.2871E+04,  1.3318E+05,  1.5160E+01,  4.0036E+07,  3.9535E+05,  1.7509E-04,  2.2370E-04,  2.0205E-02,  6.8762E+03,  4.1871E+03,  9.5417E+03,  8.0023E-01
  7.1000E+01,  8.1593E+08,  4.0519E+06,  1.7952E-03,  2.2869E-03,  2.2355E-01,  7.6031E+04,  4.5858E+04,  7.4654E+04,  9.9559E+00,  2.7173E+07,  2.3283E+05,  1.0324E-04,  1.3165E-04,  1.2285E-02,  4.1786E+03,  2.5662E+03,  5.0896E+03,  5.0092E-01
  8.0000E+01,  6.1036E+08,  2.4251E+06,  1.0740E-03,  1.3675E-03,  1.3673E-01,  4.6496E+04,  2.7698E+04,  4.0783E+04,  6.3651E+00,  1.8509E+07,  1.2867E+05,  5.7046E-05,  7.2657E-05,  7.0102E-03,  2.3847E+03,  1.4693E+03,  2.4373E+03,  2.9702E-01
  9.0000E+01,  4.5521E+08,  1.4325E+06,  6.3416E-04,  8.0723E-04,  8.2167E-02,  2.7937E+04,  1.6299E+04,  2.2813E+04,  4.0142E+00,  1.2520E+07,  6.9842E+04,  3.0915E-05,  3.9387E-05,  3.9018E-03,  1.3270E+03,  8.1050E+02,  1.1567E+03,  1.7316E-01
  1.0000E+02,  3.5093E+08,  8.7703E+05,  3.8835E-04,  4.9420E-04,  5.0934E-02,  1.7313E+04,  9.8415E+03,  1.3757E+04,  2.6061E+00,  8.3353E+06,  4.1259E+04,  1.8247E-05,  2.3219E-05,  2.3447E-03,  7.9781E+02,  4.8105E+02,  6.5451E+02,  1.0847E-01
  1.1000E+02,  2.8112E+08,  5.5229E+05,  2.4470E-04,  3.1138E-04,  3.2369E-02,  1.1001E+04,  6.0647E+03,  8.6471E+03,  1.7324E+00,  5.6267E+06,  2.3690E+04,  1.0482E-05,  1.3344E-05,  1.3683E-03,  4.6464E+02,  2.7429E+02,  3.6740E+02,  6.6251E-02
  1.2000E+02,  2.3142E+08,  3.5569E+05,  1.5770E-04,  2.0061E-04,  2.0971E-02,  7.1309E+03,  3.7978E+03,  5.6127E+03,  1.1731E+00,  4.3128E+06,  1.5631E+04,  6.9199E-06,  8.8093E-06,  9.1134E-04,  3.0935E+02,  1.7910E+02,  2.3949E+02,  4.5609E-02
  1.4000E+02,  1.6098E+08,  1.4445E+05,  6.4118E-05,  8.1547E-05,  8.5916E-03,  2.9249E+03,  1.4143E+03,  2.3911E+03,  5.3508E-01,  2.7314E+06,  5.4925E+03,  2.4379E-06,  3.0975E-06,  3.2661E-04,  1.1125E+02,  5.9244E+01,  8.2677E+01,  1.8198E-02
  1.6000E+02,  1.1612E+08,  6.6316E+04,  2.9423E-05,  3.7447E-05,  3.9345E-03,  1.3385E+03,  5.8917E+02,  1.2000E+03,  2.6865E-01,  1.7553E+06,  2.3210E+03,  1.0316E-06,  1.3124E-06,  1.3910E-04,  4.7383E+01,  2.3269E+01,  3.6429E+01,  8.4442E-03
  1.8000E+02,  8.6766E+07,  3.2129E+04,  1.4236E-05,  1.8124E-05,  1.8871E-03,  6.4137E+02,  2.5515E+02,  6.5221E+02,  1.4116E-01,  1.1798E+06,  1.0978E+03,  4.8704E-07,  6.1993E-07,  6.5644E-05,  2.2332E+01,  1.0133E+01,  1.8353E+01,  4.3049E-03
  2.0000E+02,  6.6691E+07,  1.6023E+04,  7.0958E-06,  9.0341E-06,  9.2673E-04,  3.1479E+02,  1.1150E+02,  3.7440E+02,  7.6315E-02,  8.2770E+05,  5.1281E+02,  2.2701E-07,  2.8908E-07,  3.0397E-05,  1.0326E+01,  4.2314E+00,  9.4280E+00,  2.1798E-03
  2.2000E+02,  5.2370E+07,  8.4616E+03,  3.7484E-06,  4.7714E-06,  4.8052E-04,  1.6319E+02,  5.1599E+01,  2.2957E+02,  4.3296E-02,  6.0444E+05,  2.4332E+02,  1.0773E-07,  1.3719E-07,  1.4224E-05,  4.8339E+00,  1.7588E+00,  5.0548E+00,  1.1220E-03
  2.5000E+02,  3.7373E+07,  3.4588E+03,  1.5327E-06,  1.9505E-06,  1.8997E-04,  6.4493E+01,  1.7087E+01,  1.1957E+02,  1.9551E-02,  3.9531E+05,  9.0196E+01,  3.9984E-08,  5.0874E-08,  5.1465E-06,  1.7461E+00,  5.4199E-01,  2.2786E+00,  4.6100E-04
  2.8000E+02,  2.7409E+07,  1.5813E+03,  7.0059E-07,  8.9174E-07,  8.3894E-05,  2.8493E+01,  6.4181E+00,  6.8809E+01,  9.6835E-03,  2.6898E+05,  3.4972E+01,  1.5491E-08,  1.9713E-08,  1.9254E-06,  6.5393E-01,  1.6926E-01,  1.1054E+00,  1.9683E-04
  3.2000E+02,  1.8786E+07,  5.9124E+02,  2.6214E-07,  3.3372E-07,  2.9857E-05,  1.0142E+01,  1.8385E+00,  3.5565E+01,  4.0000E-03,  1.6218E+05,  1.4530E+01,  6.4316E-09,  8.1885E-09,  7.7651E-07,  2.6364E-01,  5.9716E-02,  5.5685E-01,  8.7350E-05
  3.5000E+02,  1.4621E+07,  3.0041E+02,  1.3332E-07,  1.6974E-07,  1.4551E-05,  4.9441E+00,  7.3869E-01,  2.3163E+01,  2.1898E-03,  1.1549E+05,  4.8584E+00,  2.1565E-09,  2.7440E-09,  2.4389E-07,  8.2887E-02,  1.3605E-02,  2.6996E-01,  3.3331E-05
  4.0000E+02,  9.9631E+06,  1.1462E+02,  5.0856E-08,  6.4793E-08,  5.2660E-06,  1.7886E+00,  2.2701E-01,  1.2438E+01,  9.0528E-04,  7.0818E+04,  2.5733E+00,  1.1421E-09,  1.4537E-09,  1.2750E-07,  4.3331E-02,  6.8620E-03,  1.5902E-01,  1.8049E-05
  4.5000E+02,  7.0667E+06,  4.0021E+01,  1.7750E-08,  2.2637E-08,  1.6421E-06,  5.5734E-01,  4.3014E-02,  7.1282E+00,  3.6479E-04,  4.5037E+04,  4.1059E-01,  1.8217E-10,  2.3260E-10,  1.7453E-08,  5.9213E-03,  4.9781E-04,  5.3373E-02,  3.5702E-06
  5.0000E+02,  5.2813E+06,  2.4111E+01,  1.0692E-08,  1.3627E-08,  9.7018E-07,  3.2937E-01,  2.4160E-02,  4.9534E+00,  2.2529E-04,  2.6379E+04,  2.2578E-01,  1.0016E-10,  1.2781E-10,  9.4239E-09,  3.1976E-03,  2.5635E-04,  3.3618E-02,  2.0098E-06
'End of File'
