'*',    54,     1,    25,    22,     5,     5,    75,     1
'SPENVIS 4.6.10.3408          -  5-Apr-2020 01:58:26'
'PRJ_DEF', -1,'TESTING'
'PRJ_HDR', -1,'test1'
'MOD_ABB', -1,'SEP'
'MIS_PLA',  1,    3,' '
'MIS_NTR',  1,    1,' '
'MIS_STA',  1,  25567.00000000,' '
'MIS_END',  1,  29217.00000000,' '
'MIS_DUR',  1, 3.650000E+03,'days'
'SEP_IEL',  1,  1,' '
'SEP_JEL',  1,  9,' '
'SEP_MOD', -1,'ESP-PSYCHIC total fluence'
'SEP_TMI',  1,  7.0,'years'
'SEP_TMA',  1,  3.0,'years'
'SEP_DUR',  1, 10.0,'years'
'SEP_NCY',  1,  2,' '
'SEP_NOR',  1,  0,' '
'SEP_NAL',  1,  0,' '
'SEP_PRB',  1,  50.0,'%'
'SEP_OMN',  1, 1, ' '
'SEP_ABS', -1,'Energy'
'SEP_IGC',  1,  1,' '
'SEP_IGV',  1,  1,' '
'SEP_IST',  1,  0,' '
'PLT_HDR', -1,'ESP-PSYCHIC total fluence: solar protons'
'SPECIES', -1,'proton'
'PS Annotation',  8,  1
'Mission start: 01/01/2020 00:00:00'
 0.05, 0.00, 0.00
'Mission end: 29/12/2029 00:00:00'
 0.95, 0.00, 1.00
'Nr. of segments:   1'
 0.05, 1.50, 0.00
'Duration: 3650.00 days'
 0.95, 0.00, 1.00
'PS Annotation', 12,  0
'Solar particle model: ESP-PSYCHIC total fluence'
 0.05, 2.00, 0.00
'Mission duration: 10.00 years, spanning 2 solar cycles'
 0.10, 1.50, 0.00
'7.00 years in solar maximum'
 0.15, 1.50, 0.00
'3.00 years in solar minimum'
 0.15, 1.50, 0.00
'Confidence level: 50.000%'
 0.10, 1.50, 0.00
'Magnetic shielding:    quiet magnetosphere'
 0.10, 1.50, 0.00
'Energy','MeV', 1,'Energy'
'IFlux','cm!u-2!n', 1,'Integral Fluence'
'DFlux','cm!u-2!n MeV!u-1!n', 1,'Differential Fluence'
'Attenuation',' ', 1,'Orbit Averaged Proton Attenuation Factor'
'Exposure','hrs', 1,'Proton Exposure Time'
  1.0000E-01,  3.9947E+12,  3.8895E+13, 0.6588, 5.8563E+04
  1.1000E-01,  3.6357E+12,  3.2890E+13, 0.6588, 5.8563E+04
  1.2000E-01,  3.3326E+12,  2.7745E+13, 0.6588, 5.8563E+04
  1.4000E-01,  2.8499E+12,  2.0517E+13, 0.6588, 5.8563E+04
  1.6000E-01,  2.4886E+12,  1.5614E+13, 0.6588, 5.8563E+04
  1.8000E-01,  2.2096E+12,  1.2284E+13, 0.6588, 5.8563E+04
  2.0000E-01,  1.9876E+12,  9.9178E+12, 0.6588, 5.8563E+04
  2.2000E-01,  1.8064E+12,  8.2056E+12, 0.6588, 5.8563E+04
  2.5000E-01,  1.5878E+12,  6.3642E+12, 0.6588, 5.8563E+04
  2.8000E-01,  1.4163E+12,  5.0707E+12, 0.6588, 5.8563E+04
  3.2000E-01,  1.2376E+12,  3.8674E+12, 0.6588, 5.8563E+04
  3.5000E-01,  1.1311E+12,  3.2287E+12, 0.6588, 5.8563E+04
  4.0000E-01,  9.8840E+11,  2.4795E+12, 0.6588, 5.8563E+04
  4.5000E-01,  8.7765E+11,  1.9507E+12, 0.6588, 5.8563E+04
  5.0000E-01,  7.8951E+11,  1.5749E+12, 0.6588, 5.8563E+04
  5.5000E-01,  7.1754E+11,  1.3039E+12, 0.6588, 5.8563E+04
  6.3000E-01,  6.2553E+11,  9.9631E+11, 0.6588, 5.8563E+04
  7.1000E-01,  5.5440E+11,  7.8203E+11, 0.6588, 5.8563E+04
  8.0000E-01,  4.9152E+11,  6.1524E+11, 0.6588, 5.8563E+04
  9.0000E-01,  4.3652E+11,  4.8488E+11, 0.6588, 5.8563E+04
  1.0000E+00,  3.9270E+11,  3.9148E+11, 0.6588, 5.8563E+04
  1.1000E+00,  3.5699E+11,  3.2271E+11, 0.6588, 5.8563E+04
  1.2000E+00,  3.2724E+11,  2.7223E+11, 0.6588, 5.8563E+04
  1.4000E+00,  2.7989E+11,  2.0131E+11, 0.6588, 5.8563E+04
  1.6000E+00,  2.4444E+11,  1.5320E+11, 0.6588, 5.8563E+04
  1.8000E+00,  2.1706E+11,  1.2053E+11, 0.6588, 5.8563E+04
  2.0000E+00,  1.9528E+11,  9.7310E+10, 0.6588, 5.8563E+04
  2.2000E+00,  1.7750E+11,  8.0511E+10, 0.6588, 5.8563E+04
  2.5000E+00,  1.5605E+11,  6.2443E+10, 0.6588, 5.8563E+04
  2.8000E+00,  1.3899E+11,  5.1320E+10, 0.6588, 5.8563E+04
  3.2000E+00,  1.2017E+11,  4.2758E+10, 0.6588, 5.8563E+04
  3.5000E+00,  1.0826E+11,  3.6678E+10, 0.6588, 5.8563E+04
  4.0000E+00,  9.2220E+10,  2.7474E+10, 0.6588, 5.8563E+04
  4.5000E+00,  8.0072E+10,  2.1119E+10, 0.6588, 5.8563E+04
  5.0000E+00,  7.0413E+10,  1.7517E+10, 0.6588, 5.8563E+04
  5.5000E+00,  6.2286E+10,  1.4992E+10, 0.6588, 5.8563E+04
  6.3000E+00,  5.1885E+10,  1.1011E+10, 0.6588, 5.8563E+04
  7.1000E+00,  4.4041E+10,  8.5974E+09, 0.6588, 5.8563E+04
  8.0000E+00,  3.7140E+10,  6.7374E+09, 0.6588, 5.8563E+04
  9.0000E+00,  3.1258E+10,  5.0275E+09, 0.6588, 5.8563E+04
  1.0000E+01,  2.6729E+10,  4.0298E+09, 0.6588, 5.8563E+04
  1.1000E+01,  2.3052E+10,  3.3243E+09, 0.6588, 5.8563E+04
  1.2000E+01,  2.0058E+10,  2.6648E+09, 0.6588, 5.8563E+04
  1.4000E+01,  1.5563E+10,  1.8302E+09, 0.6588, 5.8563E+04
  1.6000E+01,  1.2406E+10,  1.3267E+09, 0.6588, 5.8563E+04
  1.8000E+01,  1.0099E+10,  9.7964E+08, 0.6588, 5.8563E+04
  2.0000E+01,  8.3739E+09,  7.4596E+08, 0.6588, 5.8563E+04
  2.2000E+01,  7.0379E+09,  5.9000E+08, 0.6588, 5.8563E+04
  2.5000E+01,  5.5260E+09,  4.1792E+08, 0.6588, 5.8563E+04
  2.8000E+01,  4.4342E+09,  3.0995E+08, 0.6588, 5.8563E+04
  3.2000E+01,  3.3924E+09,  2.1095E+08, 0.6588, 5.8563E+04
  3.5000E+01,  2.8312E+09,  1.6322E+08, 0.6588, 5.8563E+04
  4.0000E+01,  2.1424E+09,  1.1228E+08, 0.6588, 5.8563E+04
  4.5000E+01,  1.6646E+09,  7.8870E+07, 0.6588, 5.8563E+04
  5.0000E+01,  1.3245E+09,  5.7133E+07, 0.6588, 5.8563E+04
  5.5000E+01,  1.0742E+09,  4.3007E+07, 0.6588, 5.8563E+04
  6.3000E+01,  7.8875E+08,  2.8354E+07, 0.6588, 5.8563E+04
  7.1000E+01,  5.9836E+08,  1.9244E+07, 0.6588, 5.8563E+04
  8.0000E+01,  4.5277E+08,  1.3108E+07, 0.6588, 5.8563E+04
  9.0000E+01,  3.4290E+08,  8.8671E+06, 0.6588, 5.8563E+04
  1.0000E+02,  2.6899E+08,  5.9135E+06, 0.6599, 6.0759E+04
  1.1000E+02,  2.1934E+08,  4.0165E+06, 0.6640, 6.3931E+04
  1.2000E+02,  1.8372E+08,  3.1081E+06, 0.6704, 6.7103E+04
  1.4000E+02,  1.3243E+08,  2.0209E+06, 0.6882, 7.4667E+04
  1.6000E+02,  9.8724E+07,  1.3495E+06, 0.7154, 8.7600E+04
  1.8000E+02,  7.5780E+07,  9.4488E+05, 0.7459, 8.7600E+04
  2.0000E+02,  5.9490E+07,  6.8413E+05, 0.7706, 8.7600E+04
  2.2000E+02,  4.7526E+07,  5.1230E+05, 0.7906, 8.7600E+04
  2.5000E+02,  3.4653E+07,  3.4591E+05, 0.8168, 8.7600E+04
  2.8000E+02,  2.5839E+07,  2.4169E+05, 0.8394, 8.7600E+04
  3.2000E+02,  1.8014E+07,  1.4953E+05, 0.8622, 8.7600E+04
  3.5000E+02,  1.4151E+07,  1.0804E+05, 0.8755, 8.7600E+04
  4.0000E+02,  9.7569E+06,  6.7721E+04, 0.8956, 8.7600E+04
  4.5000E+02,  6.9674E+06,  4.3859E+04, 0.9127, 8.7600E+04
  5.0000E+02,  5.2192E+06,  2.6069E+04, 0.9270, 8.7600E+04
'End of Block'
'*',    52,     1,    25,    22,     3,    19,    75,     0
'SPENVIS 4.6.10.3408          -  5-Apr-2020 01:58:26'
'PRJ_DEF', -1,'TESTING'
'PRJ_HDR', -1,'test1'
'MOD_ABB', -1,'SEP'
'MIS_PLA',  1,    3,' '
'MIS_NTR',  1,    1,' '
'MIS_STA',  1,  25567.00000000,' '
'MIS_END',  1,  29217.00000000,' '
'MIS_DUR',  1, 3.650000E+03,'days'
'SEP_IEL',  1,  1,' '
'SEP_JEL',  1,  9,' '
'SEP_MOD', -1,'ESP-PSYCHIC total fluence'
'SEP_TMI',  1,  7.0,'years'
'SEP_TMA',  1,  3.0,'years'
'SEP_DUR',  1, 10.0,'years'
'SEP_NCY',  1,  2,' '
'SEP_NOR',  1,  0,' '
'SEP_NAL',  1,  0,' '
'SEP_PRB',  1,  50.0,'%'
'SEP_OMN',  1, 1, ' '
'SEP_ABS', -1,'Energy'
'SEP_IGC',  1,  1,' '
'SEP_IGV',  1,  1,' '
'SEP_IST',  1,  0,' '
'PLT_HDR', -1,'ESP-PSYCHIC total fluence: solar ions'
'SPECIES', -9,'H ','He','Li','Be','B ','C ','N ','O ','F '
'PS Annotation',  8,  1
'Mission start: 01/01/2020 00:00:00'
 0.05, 0.00, 0.00
'Mission end: 29/12/2029 00:00:00'
 0.95, 0.00, 1.00
'Nr. of segments:   1'
 0.05, 1.50, 0.00
'Duration: 3650.00 days'
 0.95, 0.00, 1.00
'PS Annotation', 12,  0
'Solar particle model: ESP-PSYCHIC total fluence'
 0.05, 2.00, 0.00
'Mission duration: 10.00 years, spanning 2 solar cycles'
 0.10, 1.50, 0.00
'7.00 years in solar maximum'
 0.15, 1.50, 0.00
'3.00 years in solar minimum'
 0.15, 1.50, 0.00
'Confidence level: 50.000%'
 0.10, 1.50, 0.00
'Magnetic shielding:    quiet magnetosphere'
 0.10, 1.50, 0.00
'Energy','MeV/n', 1,'Energy'
'IFlux','cm!u-2!n',  9,'Integral Fluence of ','SPECIES'
'DFlux','cm!u-2!n (MeV/n)!u-1!n',  9,'Differential Fluence of ','SPECIES'
  1.0000E-01,  3.9947E+12,  8.7658E+10,  3.8887E+01,  4.9494E+01,  1.2327E+03,  4.1968E+08,  1.5566E+08,  1.5287E+09,  6.4977E+04,  3.8895E+13,  3.2849E+11,  1.4571E+02,  1.8537E+02,  4.0141E+03,  1.3670E+09,  5.1119E+08,  5.0968E+09,  2.2307E+05
  1.1000E-01,  3.6357E+12,  8.4420E+10,  3.7450E+01,  4.7667E+01,  1.1931E+03,  4.0620E+08,  1.5061E+08,  1.4784E+09,  6.2777E+04,  3.2890E+13,  3.1919E+11,  1.4158E+02,  1.8013E+02,  3.9043E+03,  1.3296E+09,  4.9719E+08,  4.9571E+09,  2.1690E+05
  1.2000E-01,  3.3326E+12,  8.1275E+10,  3.6055E+01,  4.5892E+01,  1.1546E+03,  3.9309E+08,  1.4571E+08,  1.4295E+09,  6.0639E+04,  2.7745E+13,  3.0989E+11,  1.3746E+02,  1.7488E+02,  3.7945E+03,  1.2922E+09,  4.8319E+08,  4.8174E+09,  2.1074E+05
  1.4000E-01,  2.8499E+12,  7.5263E+10,  3.3388E+01,  4.2499E+01,  1.0809E+03,  3.6800E+08,  1.3633E+08,  1.3360E+09,  5.6548E+04,  2.0517E+13,  2.9130E+11,  1.2921E+02,  1.6439E+02,  3.5749E+03,  1.2174E+09,  4.5519E+08,  4.5380E+09,  1.9840E+05
  1.6000E-01,  2.4886E+12,  6.9623E+10,  3.0887E+01,  3.9316E+01,  1.0116E+03,  3.4439E+08,  1.2750E+08,  1.2480E+09,  5.2703E+04,  1.5614E+13,  2.7271E+11,  1.2096E+02,  1.5390E+02,  3.3553E+03,  1.1427E+09,  4.2719E+08,  4.2586E+09,  1.8607E+05
  1.8000E-01,  2.2096E+12,  6.4354E+10,  2.8550E+01,  3.6343E+01,  9.4673E+02,  3.2229E+08,  1.1924E+08,  1.1656E+09,  4.9105E+04,  1.2284E+13,  2.5411E+11,  1.1272E+02,  1.4341E+02,  3.1358E+03,  1.0679E+09,  3.9919E+08,  3.9793E+09,  1.7373E+05
  2.0000E-01,  1.9876E+12,  5.9458E+10,  2.6378E+01,  3.3580E+01,  8.8621E+02,  3.0168E+08,  1.1154E+08,  1.0888E+09,  4.5754E+04,  9.9178E+12,  2.3552E+11,  1.0447E+02,  1.3292E+02,  2.9162E+03,  9.9317E+08,  3.7120E+08,  3.6999E+09,  1.6140E+05
  2.2000E-01,  1.8064E+12,  5.4934E+10,  2.4371E+01,  3.1026E+01,  8.3008E+02,  2.8256E+08,  1.0439E+08,  1.0176E+09,  4.2649E+04,  8.2056E+12,  2.1693E+11,  9.6220E+01,  1.2243E+02,  2.6966E+03,  9.1841E+08,  3.4320E+08,  3.4205E+09,  1.4906E+05
  2.5000E-01,  1.5878E+12,  4.8844E+10,  2.1670E+01,  2.7589E+01,  7.5412E+02,  2.5669E+08,  9.4726E+07,  9.2129E+08,  3.8455E+04,  6.3642E+12,  1.8904E+11,  8.3849E+01,  1.0669E+02,  2.3672E+03,  8.0627E+08,  3.0120E+08,  3.0014E+09,  1.3056E+05
  2.8000E-01,  1.4163E+12,  4.3591E+10,  1.9340E+01,  2.4624E+01,  6.8805E+02,  2.3419E+08,  8.6320E+07,  8.3754E+08,  3.4816E+04,  5.0707E+12,  1.6115E+11,  7.1477E+01,  9.0959E+01,  2.0379E+03,  6.9413E+08,  2.5920E+08,  2.5823E+09,  1.1205E+05
  3.2000E-01,  1.2376E+12,  3.7889E+10,  1.6811E+01,  2.1406E+01,  6.1531E+02,  2.0941E+08,  7.7072E+07,  7.4542E+08,  3.0827E+04,  3.8674E+12,  1.2396E+11,  5.4982E+01,  6.9978E+01,  1.5987E+03,  5.4461E+08,  2.0320E+08,  2.0236E+09,  8.7383E+04
  3.5000E-01,  1.1311E+12,  3.4589E+10,  1.5347E+01,  1.9542E+01,  5.7229E+02,  1.9475E+08,  7.1606E+07,  6.9100E+08,  2.8483E+04,  3.2287E+12,  9.6069E+10,  4.2610E+01,  5.4243E+01,  1.2694E+03,  4.3247E+08,  1.6121E+08,  1.6045E+09,  6.8881E+04
  4.0000E-01,  9.8840E+11,  3.0697E+10,  1.3621E+01,  1.7345E+01,  5.1967E+02,  1.7682E+08,  6.4927E+07,  6.2456E+08,  2.5647E+04,  2.4795E+12,  5.9585E+10,  2.6426E+01,  3.3657E+01,  8.3574E+02,  2.8484E+08,  1.0592E+08,  1.0529E+09,  4.4563E+04
  4.5000E-01,  8.7765E+11,  2.7919E+10,  1.2389E+01,  1.5775E+01,  4.8051E+02,  1.6348E+08,  5.9966E+07,  5.7526E+08,  2.3563E+04,  1.9507E+12,  5.1561E+10,  2.2864E+01,  2.9126E+01,  7.3032E+02,  2.4897E+08,  9.2518E+07,  9.1913E+08,  3.8804E+04
  5.0000E-01,  7.8951E+11,  2.5541E+10,  1.1335E+01,  1.4432E+01,  4.4663E+02,  1.5193E+08,  5.5676E+07,  5.3265E+08,  2.1767E+04,  1.5749E+12,  4.3536E+10,  1.9302E+01,  2.4594E+01,  6.2490E+02,  2.1309E+08,  7.9113E+07,  7.8539E+08,  3.3046E+04
  5.5000E-01,  7.1754E+11,  2.3565E+10,  1.0459E+01,  1.3316E+01,  4.1802E+02,  1.4217E+08,  5.2055E+07,  4.9673E+08,  2.0258E+04,  1.3039E+12,  3.5512E+10,  1.5739E+01,  2.0063E+01,  5.1948E+02,  1.7722E+08,  6.5707E+07,  6.5165E+08,  2.7287E+04
  6.3000E-01,  6.2553E+11,  2.1077E+10,  9.3562E+00,  1.1910E+01,  3.8117E+02,  1.2959E+08,  4.7397E+07,  4.5056E+08,  1.8331E+04,  9.9631E+11,  2.6690E+10,  1.1827E+01,  1.5082E+01,  4.0191E+02,  1.3712E+08,  5.0744E+07,  5.0248E+08,  2.0893E+04
  7.1000E-01,  5.5440E+11,  1.9117E+10,  8.4876E+00,  1.0802E+01,  3.5146E+02,  1.1946E+08,  4.3649E+07,  4.1346E+08,  1.6791E+04,  7.8203E+11,  2.2309E+10,  9.8887E+00,  1.2609E+01,  3.4082E+02,  1.1614E+08,  4.2951E+07,  4.2497E+08,  1.7615E+04
  8.0000E-01,  4.9152E+11,  1.7331E+10,  7.6957E+00,  9.7927E+00,  3.2388E+02,  1.1007E+08,  4.0178E+07,  3.7914E+08,  1.5371E+04,  6.1524E+11,  1.7380E+10,  7.7086E+00,  9.8268E+00,  2.7210E+02,  9.2534E+07,  3.4182E+07,  3.3776E+08,  1.3928E+04
  9.0000E-01,  4.3652E+11,  1.5734E+10,  6.9873E+00,  8.8897E+00,  2.9868E+02,  1.0151E+08,  3.7016E+07,  3.4791E+08,  1.4086E+04,  4.8488E+11,  1.4559E+10,  6.4600E+00,  8.2334E+00,  2.3178E+02,  7.8735E+07,  2.9055E+07,  2.8680E+08,  1.1785E+04
  1.0000E+00,  3.9270E+11,  1.4341E+10,  6.3692E+00,  8.1020E+00,  2.7646E+02,  9.3962E+07,  3.4232E+07,  3.2043E+08,  1.2957E+04,  3.9148E+11,  1.3297E+10,  5.9009E+00,  7.5197E+00,  2.1262E+02,  7.2233E+07,  2.6638E+07,  2.6281E+08,  1.0789E+04
  1.1000E+00,  3.5699E+11,  1.3075E+10,  5.8071E+00,  7.3858E+00,  2.5616E+02,  8.7063E+07,  3.1689E+07,  2.9535E+08,  1.1928E+04,  3.2271E+11,  1.2036E+10,  5.3417E+00,  6.8060E+00,  1.9346E+02,  6.5732E+07,  2.4221E+07,  2.3883E+08,  9.7937E+03
  1.2000E+00,  3.2724E+11,  1.1934E+10,  5.3009E+00,  6.7408E+00,  2.3777E+02,  8.0815E+07,  2.9388E+07,  2.7267E+08,  1.0998E+04,  2.7223E+11,  1.0775E+10,  4.7826E+00,  6.0922E+00,  1.7430E+02,  5.9230E+07,  2.1804E+07,  2.1485E+08,  8.7982E+03
  1.4000E+00,  2.7989E+11,  1.0031E+10,  4.4562E+00,  5.6651E+00,  2.0674E+02,  7.0270E+07,  2.5510E+07,  2.3449E+08,  9.4378E+03,  2.0131E+11,  8.2523E+09,  3.6643E+00,  4.6648E+00,  1.3599E+02,  4.6227E+07,  1.6969E+07,  1.6688E+08,  6.8073E+03
  1.6000E+00,  2.4444E+11,  8.6332E+09,  3.8352E+00,  4.8749E+00,  1.8338E+02,  6.2325E+07,  2.2600E+07,  2.0591E+08,  8.2754E+03,  1.5320E+11,  5.7296E+09,  2.5461E+00,  3.2373E+00,  9.7673E+01,  3.3224E+07,  1.2135E+07,  1.1891E+08,  4.8164E+03
  1.8000E+00,  2.1706E+11,  7.6622E+09,  3.4035E+00,  4.3264E+00,  1.6651E+02,  5.6585E+07,  2.0509E+07,  1.8547E+08,  7.4504E+03,  1.2053E+11,  3.9807E+09,  1.7706E+00,  2.2478E+00,  7.0995E+01,  2.4168E+07,  8.7707E+06,  8.5548E+07,  3.4340E+03
  2.0000E+00,  1.9528E+11,  6.8972E+09,  3.0633E+00,  3.8945E+00,  1.5282E+02,  5.1924E+07,  1.8819E+07,  1.6898E+08,  6.7888E+03,  9.7310E+10,  3.6687E+09,  1.6317E+00,  2.0715E+00,  6.5931E+01,  2.2442E+07,  8.1365E+06,  7.9302E+07,  3.1819E+03
  2.2000E+00,  1.7750E+11,  6.1947E+09,  2.7508E+00,  3.4978E+00,  1.4014E+02,  4.7608E+07,  1.7255E+07,  1.5375E+08,  6.1776E+03,  8.0511E+10,  3.3566E+09,  1.4928E+00,  1.8952E+00,  6.0866E+01,  2.0717E+07,  7.5022E+06,  7.3056E+07,  2.9297E+03
  2.5000E+00,  1.5605E+11,  5.2579E+09,  2.3343E+00,  2.9689E+00,  1.2302E+02,  4.1781E+07,  1.5147E+07,  1.3324E+08,  5.3554E+03,  6.2443E+10,  2.8885E+09,  1.2844E+00,  1.6308E+00,  5.3270E+01,  1.8129E+07,  6.5509E+06,  6.3687E+07,  2.5515E+03
  2.8000E+00,  1.3899E+11,  4.4616E+09,  1.9802E+00,  2.5194E+00,  1.0818E+02,  3.6731E+07,  1.3324E+07,  1.1553E+08,  4.6467E+03,  5.1320E+10,  2.4204E+09,  1.0760E+00,  1.3663E+00,  4.5673E+01,  1.5540E+07,  5.5995E+06,  5.4318E+07,  2.1733E+03
  3.2000E+00,  1.2017E+11,  3.6182E+09,  1.6053E+00,  2.0434E+00,  9.1932E+01,  3.1205E+07,  1.1338E+07,  9.6306E+07,  3.8782E+03,  4.2758E+10,  1.7963E+09,  7.9821E-01,  1.0137E+00,  3.5544E+01,  1.2089E+07,  4.3310E+06,  4.1825E+07,  1.6691E+03
  3.5000E+00,  1.0826E+11,  3.1496E+09,  1.3971E+00,  1.7789E+00,  8.2408E+01,  2.7967E+07,  1.0182E+07,  8.5164E+07,  3.4342E+03,  3.6678E+10,  1.3282E+09,  5.8985E-01,  7.4932E-01,  2.7948E+01,  9.5013E+06,  3.3796E+06,  3.2456E+07,  1.2909E+03
  4.0000E+00,  9.2220E+10,  2.6362E+09,  1.1693E+00,  1.4894E+00,  7.0931E+01,  2.4066E+07,  8.8041E+06,  7.2009E+07,  2.9127E+03,  2.7474E+10,  7.2537E+08,  3.2150E-01,  4.0879E-01,  1.7960E+01,  6.0988E+06,  2.1302E+06,  2.0162E+07,  7.9539E+02
  4.5000E+00,  8.0072E+10,  2.2980E+09,  1.0195E+00,  1.2988E+00,  6.2547E+01,  2.1219E+07,  7.8121E+06,  6.2638E+07,  2.5429E+03,  2.1119E+10,  6.2719E+08,  2.7776E-01,  3.5340E-01,  1.5577E+01,  5.2901E+06,  1.8379E+06,  1.7321E+07,  6.8368E+02
  5.0000E+00,  7.0413E+10,  2.0090E+09,  8.9154E-01,  1.1360E+00,  5.5353E+01,  1.8776E+07,  6.9662E+06,  5.4688E+07,  2.2290E+03,  1.7517E+10,  5.2901E+08,  2.3402E-01,  2.9802E-01,  1.3195E+01,  4.4813E+06,  1.5456E+06,  1.4479E+07,  5.7197E+02
  5.5000E+00,  6.2286E+10,  1.7690E+09,  7.8547E-01,  1.0008E+00,  4.9351E+01,  1.6738E+07,  6.2665E+06,  4.8159E+07,  1.9709E+03,  1.4992E+10,  4.3083E+08,  1.9028E-01,  2.4263E-01,  1.0813E+01,  3.6726E+06,  1.2532E+06,  1.1638E+07,  4.6026E+02
  6.3000E+00,  5.1885E+10,  1.4684E+09,  6.5278E-01,  8.3151E-01,  4.1782E+01,  1.4167E+07,  5.3928E+06,  4.0096E+07,  1.6517E+03,  1.1011E+10,  3.2074E+08,  1.4145E-01,  1.8064E-01,  8.1097E+00,  2.7551E+06,  9.3100E+05,  8.5203E+06,  3.3780E+02
  7.1000E+00,  4.4041E+10,  1.2351E+09,  5.4980E-01,  7.0002E-01,  3.5886E+01,  1.2163E+07,  4.7125E+06,  3.3895E+07,  1.4055E+03,  8.5974E+09,  2.6260E+08,  1.1600E-01,  1.4808E-01,  6.6310E+00,  2.2538E+06,  7.6965E+05,  6.9826E+06,  2.7756E+02
  8.0000E+00,  3.7140E+10,  1.0282E+09,  4.5828E-01,  5.8324E-01,  3.0667E+01,  1.0389E+07,  4.1015E+06,  2.8389E+07,  1.1862E+03,  6.7374E+09,  1.9720E+08,  8.7375E-02,  1.1144E-01,  4.9674E+00,  1.6898E+06,  5.8813E+05,  5.2527E+06,  2.0978E+02
  9.0000E+00,  3.1258E+10,  8.5261E+08,  3.8044E-01,  4.8399E-01,  2.6226E+01,  8.8777E+06,  3.5727E+06,  2.3706E+07,  9.9884E+02,  5.0275E+09,  1.5390E+08,  6.8305E-02,  8.7061E-02,  3.9142E+00,  1.3321E+06,  4.6957E+05,  4.1128E+06,  1.6503E+02
  1.0000E+01,  2.6729E+10,  7.1172E+08,  3.1793E-01,  4.0432E-01,  2.2605E+01,  7.6455E+06,  3.1380E+06,  1.9933E+07,  8.4722E+02,  4.0298E+09,  1.2786E+08,  5.6717E-02,  7.2273E-02,  3.3280E+00,  1.1323E+06,  3.9984E+05,  3.4323E+06,  1.3821E+02
  1.1000E+01,  2.3052E+10,  5.9688E+08,  2.6700E-01,  3.3944E-01,  1.9570E+01,  6.6131E+06,  2.7730E+06,  1.6841E+07,  7.2242E+02,  3.3243E+09,  1.0182E+08,  4.5129E-02,  5.7484E-02,  2.7419E+00,  9.3255E+05,  3.3011E+05,  2.7519E+06,  1.1140E+02
  1.2000E+01,  2.0058E+10,  5.0808E+08,  2.2767E-01,  2.8935E-01,  1.7121E+01,  5.7804E+06,  2.4778E+06,  1.4430E+07,  6.2443E+02,  2.6648E+09,  7.5782E+07,  3.3541E-02,  4.2696E-02,  2.1557E+00,  7.3279E+05,  2.6037E+05,  2.0714E+06,  8.4581E+01
  1.4000E+01,  1.5563E+10,  3.7666E+08,  1.6950E-01,  2.1530E-01,  1.3318E+01,  4.4877E+06,  2.0120E+06,  1.0819E+07,  4.7725E+02,  1.8302E+09,  5.5638E+07,  2.4625E-02,  3.1360E-02,  1.6469E+00,  5.5987E+05,  2.0545E+05,  1.5396E+06,  6.2598E+01
  1.6000E+01,  1.2406E+10,  2.8198E+08,  1.2759E-01,  1.6189E-01,  1.0460E+01,  3.5157E+06,  1.6466E+06,  8.1791E+06,  3.7052E+02,  1.3267E+09,  3.9043E+07,  1.7293E-02,  2.2050E-02,  1.2118E+00,  4.1213E+05,  1.5991E+05,  1.0999E+06,  4.4130E+01
  1.8000E+01,  1.0099E+10,  2.1672E+08,  9.8672E-02,  1.2500E-01,  8.3802E+00,  2.8084E+06,  1.3640E+06,  6.3223E+06,  2.9638E+02,  9.7964E+08,  2.6219E+07,  1.1621E-02,  1.4837E-02,  8.6767E-01,  2.9520E+05,  1.2271E+05,  7.5692E+05,  3.0019E+01
  2.0000E+01,  8.3739E+09,  1.7010E+08,  7.7998E-02,  9.8639E-02,  6.8199E+00,  2.2777E+06,  1.1403E+06,  4.9718E+06,  2.4236E+02,  7.4596E+08,  2.0400E+07,  9.0522E-03,  1.1527E-02,  6.9261E-01,  2.3550E+05,  1.0101E+05,  5.9349E+05,  2.3998E+01
  2.2000E+01,  7.0379E+09,  1.3512E+08,  6.2449E-02,  7.8869E-02,  5.6091E+00,  1.8664E+06,  9.5996E+05,  3.9483E+06,  2.0038E+02,  5.9000E+08,  1.4582E+07,  6.4971E-03,  8.2428E-03,  5.1820E-01,  1.7580E+05,  7.9302E+04,  4.3007E+05,  1.7979E+01
  2.5000E+01,  5.5260E+09,  9.8121E+07,  4.5863E-02,  5.7846E-02,  4.2669E+00,  1.4124E+06,  7.5136E+05,  2.8518E+06,  1.5380E+02,  4.1792E+08,  1.0082E+07,  4.5603E-03,  5.7724E-03,  3.7661E-01,  1.2689E+05,  5.9762E+04,  3.0093E+05,  1.3074E+01
  2.8000E+01,  4.4342E+09,  7.2999E+07,  3.4426E-02,  4.3376E-02,  3.3046E+00,  1.0890E+06,  5.9583E+05,  2.0978E+06,  1.2036E+02,  3.0995E+08,  6.6659E+06,  3.0642E-03,  3.8744E-03,  2.6493E-01,  8.8694E+04,  4.3924E+04,  2.0170E+05,  9.2195E+00
  3.2000E+01,  3.3924E+09,  5.1139E+07,  2.4292E-02,  3.0595E-02,  2.4161E+00,  7.9259E+05,  4.4628E+05,  1.4364E+06,  8.9359E+01,  2.1095E+08,  4.2637E+06,  2.0026E-03,  2.5159E-03,  1.7932E-01,  5.9504E+04,  3.0850E+04,  1.2903E+05,  6.2816E+00
  3.5000E+01,  2.8312E+09,  3.9930E+07,  1.8990E-02,  2.3934E-02,  1.9372E+00,  6.3423E+05,  3.6319E+05,  1.0979E+06,  7.2545E+01,  1.6322E+08,  3.2094E+06,  1.5323E-03,  1.9250E-03,  1.3993E-01,  4.6073E+04,  2.4547E+04,  9.6656E+04,  4.9274E+00
  4.0000E+01,  2.1424E+09,  2.6922E+07,  1.2756E-02,  1.6097E-02,  1.3557E+00,  4.4396E+05,  2.6008E+05,  7.0864E+05,  5.1949E+01,  1.1228E+08,  1.9937E+06,  9.6133E-04,  1.2100E-03,  9.2683E-02,  3.0032E+04,  1.6695E+04,  5.9035E+04,  3.3112E+00
  4.5000E+01,  1.6646E+09,  1.8688E+07,  8.7987E-03,  1.1115E-02,  9.6716E-01,  3.1784E+05,  1.8912E+05,  4.6741E+05,  3.7952E+01,  7.8870E+07,  1.3001E+06,  6.2158E-04,  7.8275E-04,  6.2723E-02,  2.0420E+04,  1.1691E+04,  3.7455E+04,  2.2876E+00
  5.0000E+01,  1.3245E+09,  1.3267E+07,  6.2145E-03,  7.8598E-03,  7.0235E-01,  2.3145E+05,  1.3916E+05,  3.1356E+05,  2.8213E+01,  5.7133E+07,  8.6829E+05,  4.1212E-04,  5.1917E-04,  4.3203E-02,  1.4135E+04,  8.2958E+03,  2.4086E+04,  1.6078E+00
  5.5000E+01,  1.0742E+09,  9.6147E+06,  4.4857E-03,  5.6793E-03,  5.1880E-01,  1.7131E+05,  1.0355E+05,  2.1419E+05,  2.1328E+01,  4.3007E+07,  5.9255E+05,  2.7938E-04,  3.5303E-04,  3.0218E-02,  9.9211E+03,  5.9455E+03,  1.5660E+04,  1.1465E+00
  6.3000E+01,  7.8875E+08,  5.8873E+06,  2.7311E-03,  3.4599E-03,  3.2619E-01,  1.0802E+05,  6.5397E+04,  1.1880E+05,  1.3928E+01,  2.8354E+07,  3.3930E+05,  1.5926E-04,  2.0183E-04,  1.7934E-02,  5.9014E+03,  3.5935E+03,  8.1890E+03,  7.0343E-01
  7.1000E+01,  5.9836E+08,  3.7087E+06,  1.7115E-03,  2.1677E-03,  2.0977E-01,  6.9670E+04,  4.1970E+04,  6.8085E+04,  9.3078E+00,  1.9244E+07,  2.0536E+05,  9.5655E-05,  1.2123E-04,  1.1171E-02,  3.6855E+03,  2.2634E+03,  4.4890E+03,  4.5163E-01
  8.0000E+01,  4.5277E+08,  2.2609E+06,  1.0390E-03,  1.3158E-03,  1.3028E-01,  4.3380E+04,  2.5805E+04,  3.7966E+04,  6.0452E+00,  1.3108E+07,  1.1636E+05,  5.3785E-05,  6.8078E-05,  6.4938E-03,  2.1566E+03,  1.3288E+03,  2.2041E+03,  2.7339E-01
  9.0000E+01,  3.4290E+08,  1.3570E+06,  6.2181E-04,  7.8761E-04,  7.9423E-02,  2.6477E+04,  1.5423E+04,  2.1610E+04,  3.8675E+00,  8.8671E+06,  6.4420E+04,  2.9652E-05,  3.7551E-05,  3.6775E-03,  1.2240E+03,  7.4758E+02,  1.0669E+03,  1.6215E-01
  1.0000E+02,  2.6899E+08,  8.4169E+05,  3.8478E-04,  4.8752E-04,  4.9814E-02,  1.6621E+04,  9.4320E+03,  1.3210E+04,  2.5409E+00,  5.9135E+06,  3.8649E+04,  1.7756E-05,  2.2468E-05,  2.2443E-03,  7.4735E+02,  4.5063E+02,  6.1312E+02,  1.0317E-01
  1.1000E+02,  2.1934E+08,  5.3590E+05,  2.4438E-04,  3.0980E-04,  3.1956E-02,  1.0676E+04,  5.8758E+03,  8.3990E+03,  1.7057E+00,  4.0165E+06,  2.2508E+04,  1.0324E-05,  1.3076E-05,  1.3272E-03,  4.4147E+02,  2.6061E+02,  3.4908E+02,  6.3881E-02
  1.2000E+02,  1.8372E+08,  3.4816E+05,  1.5837E-04,  2.0081E-04,  2.0849E-02,  6.9808E+03,  3.7110E+03,  5.5014E+03,  1.1638E+00,  3.1081E+06,  1.5040E+04,  6.8790E-06,  8.7216E-06,  8.9412E-04,  2.9765E+02,  1.7233E+02,  2.3043E+02,  4.4500E-02
  1.4000E+02,  1.3243E+08,  1.4380E+05,  6.5054E-05,  8.2534E-05,  8.6518E-03,  2.9114E+03,  1.4057E+03,  2.3849E+03,  5.3795E-01,  2.0209E+06,  5.3953E+03,  2.4522E-06,  3.1065E-06,  3.2562E-04,  1.0928E+02,  5.8196E+01,  8.1215E+01,  1.8080E-02
  1.6000E+02,  9.8724E+07,  6.6726E+04,  3.0059E-05,  3.8181E-05,  3.9948E-03,  1.3466E+03,  5.9197E+02,  1.2099E+03,  2.7237E-01,  1.3495E+06,  2.3122E+03,  1.0474E-06,  1.3288E-06,  1.4008E-04,  4.7203E+01,  2.3181E+01,  3.6290E+01,  8.4780E-03
  1.8000E+02,  7.5780E+07,  3.2568E+04,  1.4610E-05,  1.8572E-05,  1.9274E-03,  6.5001E+02,  2.5829E+02,  6.6247E+02,  1.4401E-01,  9.4488E+05,  1.1036E+03,  4.9750E-07,  6.3212E-07,  6.6653E-05,  2.2451E+01,  1.0187E+01,  1.8451E+01,  4.3588E-03
  2.0000E+02,  5.9490E+07,  1.6337E+04,  7.3067E-06,  9.2908E-06,  9.5050E-04,  3.2090E+02,  1.1356E+02,  3.8246E+02,  7.8205E-02,  6.8413E+05,  5.1946E+02,  2.3283E-07,  2.9604E-07,  3.1038E-05,  1.0460E+01,  4.2863E+00,  9.5503E+00,  2.2214E-03
  2.2000E+02,  4.7526E+07,  8.6629E+03,  3.8695E-06,  4.9204E-06,  4.9434E-04,  1.6704E+02,  5.2773E+01,  2.3545E+02,  4.4509E-02,  5.1230E+05,  2.4793E+02,  1.1089E-07,  1.4100E-07,  1.4578E-05,  4.9254E+00,  1.7921E+00,  5.1505E+00,  1.1481E-03
  2.5000E+02,  3.4653E+07,  3.5579E+03,  1.5865E-06,  2.0177E-06,  1.9617E-04,  6.6329E+01,  1.7561E+01,  1.2317E+02,  2.0176E-02,  3.4591E+05,  9.2408E+01,  4.1315E-08,  5.2512E-08,  5.2999E-06,  1.7889E+00,  5.5528E-01,  2.3345E+00,  4.7406E-04
  2.8000E+02,  2.5839E+07,  1.6320E+03,  7.2618E-07,  9.2398E-07,  8.6828E-05,  2.9403E+01,  6.6198E+00,  7.1096E+01,  1.0018E-02,  2.4169E+05,  3.5986E+01,  1.6040E-08,  2.0403E-08,  1.9896E-06,  6.7289E-01,  1.7417E-01,  1.1374E+00,  2.0316E-04
  3.2000E+02,  1.8014E+07,  6.1199E+02,  2.7202E-07,  3.4619E-07,  3.0952E-05,  1.0497E+01,  1.9022E+00,  3.6839E+01,  4.1460E-03,  1.4953E+05,  1.5014E+01,  6.6684E-09,  8.4867E-09,  8.0423E-07,  2.7242E-01,  6.1706E-02,  5.7540E-01,  9.0432E-05
  3.5000E+02,  1.4151E+07,  3.1133E+02,  1.3843E-07,  1.7620E-07,  1.5096E-05,  5.1235E+00,  7.6538E-01,  2.4016E+01,  2.2714E-03,  1.0804E+05,  5.0297E+00,  2.2376E-09,  2.8465E-09,  2.5282E-07,  8.5809E-02,  1.4085E-02,  2.7948E-01,  3.4538E-05
  4.0000E+02,  9.7569E+06,  1.1890E+02,  5.2832E-08,  6.7299E-08,  5.4674E-06,  1.8553E+00,  2.3542E-01,  1.2908E+01,  9.3980E-04,  6.7721E+04,  2.6677E+00,  1.1861E-09,  1.5094E-09,  1.3233E-07,  4.4920E-02,  7.1135E-03,  1.6485E-01,  1.8727E-05
  4.5000E+02,  6.9674E+06,  4.1555E+01,  1.8447E-08,  2.3523E-08,  1.7060E-06,  5.7871E-01,  4.4663E-02,  7.4020E+00,  3.7894E-04,  4.3859E+04,  4.2610E-01,  1.8927E-10,  2.4165E-10,  1.8128E-08,  6.1450E-03,  5.1662E-04,  5.5390E-02,  3.7074E-06
  5.0000E+02,  5.2192E+06,  2.5041E+01,  1.1113E-08,  1.4161E-08,  1.0080E-06,  3.4207E-01,  2.5092E-02,  5.1444E+00,  2.3405E-04,  2.6069E+04,  2.3448E-01,  1.0409E-10,  1.3282E-10,  9.7915E-09,  3.3208E-03,  2.6623E-04,  3.4913E-02,  2.0880E-06
'End of File'
