Energy
(MeV)	NIEL
(MeV cm2 g-1)	NIEL Dose*
(MeV g-1)	NIEL Dose*
(Gy)
1.0000e-05	0.0000e+00	0.0000e+00	0.0000e+00
1.5000e-05	0.0000e+00	0.0000e+00	0.0000e+00
2.0000e-05	0.0000e+00	0.0000e+00	0.0000e+00
2.5000e-05	2.9733e+00	2.9733e+00	4.7649e-10
3.0000e-05	1.1475e+01	1.1475e+01	1.8390e-09
3.5000e-05	1.9172e+01	1.9172e+01	3.0725e-09
4.0000e-05	2.6248e+01	2.6248e+01	4.2064e-09
4.5000e-05	3.2825e+01	3.2825e+01	5.2604e-09
5.0000e-05	3.8990e+01	3.8990e+01	6.2483e-09
5.5000e-05	4.4807e+01	4.4807e+01	7.1807e-09
6.0000e-05	5.0327e+01	5.0327e+01	8.0653e-09
6.5000e-05	5.5588e+01	5.5588e+01	8.9083e-09
7.0000e-05	6.0620e+01	6.0620e+01	9.7148e-09
7.5000e-05	6.5449e+01	6.5449e+01	1.0489e-08
8.0000e-05	7.0096e+01	7.0096e+01	1.1233e-08
8.5000e-05	7.4578e+01	7.4578e+01	1.1952e-08
9.0000e-05	7.8910e+01	7.8910e+01	1.2646e-08
9.5000e-05	8.3105e+01	8.3105e+01	1.3318e-08
1.0000e-04	8.7174e+01	8.7174e+01	1.3970e-08
1.5000e-04	1.2259e+02	1.2259e+02	1.9647e-08
2.0000e-04	1.5154e+02	1.5154e+02	2.4285e-08
2.5000e-04	1.7638e+02	1.7638e+02	2.8266e-08
3.0000e-04	1.9832e+02	1.9832e+02	3.1783e-08
3.5000e-04	2.1808e+02	2.1808e+02	3.4948e-08
4.0000e-04	2.3610e+02	2.3610e+02	3.7837e-08
4.5000e-04	2.5273e+02	2.5273e+02	4.0501e-08
5.0000e-04	2.6817e+02	2.6817e+02	4.2977e-08
5.5000e-04	2.8263e+02	2.8263e+02	4.5293e-08
6.0000e-04	2.9622e+02	2.9622e+02	4.7471e-08
6.5000e-04	3.0906e+02	3.0906e+02	4.9528e-08
7.0000e-04	3.2123e+02	3.2123e+02	5.1479e-08
7.5000e-04	3.3281e+02	3.3281e+02	5.3335e-08
8.0000e-04	3.4386e+02	3.4386e+02	5.5106e-08
8.5000e-04	3.5443e+02	3.5443e+02	5.6800e-08
9.0000e-04	3.6456e+02	3.6456e+02	5.8424e-08
9.5000e-04	3.7430e+02	3.7430e+02	5.9983e-08
1.0000e-03	3.8366e+02	3.8366e+02	6.1484e-08
1.5000e-03	4.6206e+02	4.6206e+02	7.4047e-08
2.0000e-03	5.2201e+02	5.2201e+02	8.3655e-08
2.5000e-03	5.7062e+02	5.7062e+02	9.1445e-08
3.0000e-03	6.1145e+02	6.1145e+02	9.7989e-08
3.5000e-03	6.4659e+02	6.4659e+02	1.0362e-07
4.0000e-03	6.7736e+02	6.7736e+02	1.0855e-07
4.5000e-03	7.0468e+02	7.0468e+02	1.1293e-07
5.0000e-03	7.2918e+02	7.2918e+02	1.1686e-07
5.5000e-03	7.5135e+02	7.5135e+02	1.2041e-07
6.0000e-03	7.7154e+02	7.7154e+02	1.2364e-07
6.5000e-03	7.9006e+02	7.9006e+02	1.2661e-07
7.0000e-03	8.0712e+02	8.0712e+02	1.2935e-07
7.5000e-03	8.2290e+02	8.2290e+02	1.3188e-07
8.0000e-03	8.3757e+02	8.3757e+02	1.3423e-07
8.5000e-03	8.5124e+02	8.5124e+02	1.3642e-07
9.0000e-03	8.6403e+02	8.6403e+02	1.3847e-07
9.5000e-03	8.7601e+02	8.7601e+02	1.4039e-07
1.0000e-02	8.8728e+02	8.8728e+02	1.4219e-07
1.5000e-02	9.7158e+02	9.7158e+02	1.5570e-07
2.0000e-02	1.0244e+03	1.0244e+03	1.6417e-07
2.5000e-02	1.0600e+03	1.0600e+03	1.6988e-07
3.0000e-02	1.0850e+03	1.0850e+03	1.7387e-07
3.5000e-02	1.1027e+03	1.1027e+03	1.7672e-07
4.0000e-02	1.1154e+03	1.1154e+03	1.7875e-07
4.5000e-02	1.1243e+03	1.1243e+03	1.8018e-07
5.0000e-02	1.1304e+03	1.1304e+03	1.8115e-07
5.5000e-02	1.1343e+03	1.1343e+03	1.8178e-07
6.0000e-02	1.1365e+03	1.1365e+03	1.8213e-07
6.5000e-02	1.1373e+03	1.1373e+03	1.8226e-07
7.0000e-02	1.1370e+03	1.1370e+03	1.8222e-07
7.5000e-02	1.1358e+03	1.1358e+03	1.8202e-07
8.0000e-02	1.1339e+03	1.1339e+03	1.8171e-07
8.5000e-02	1.1313e+03	1.1313e+03	1.8130e-07
9.0000e-02	1.1283e+03	1.1283e+03	1.8081e-07
9.5000e-02	1.1248e+03	1.1248e+03	1.8026e-07
1.0000e-01	1.1210e+03	1.1210e+03	1.7964e-07
1.5000e-01	1.0727e+03	1.0727e+03	1.7190e-07
2.0000e-01	1.0198e+03	1.0198e+03	1.6343e-07
2.5000e-01	9.6936e+02	9.6936e+02	1.5535e-07
3.0000e-01	9.2299e+02	9.2299e+02	1.4791e-07
3.5000e-01	8.8081e+02	8.8081e+02	1.4115e-07
4.0000e-01	8.4251e+02	8.4251e+02	1.3502e-07
4.5000e-01	8.0768e+02	8.0768e+02	1.2944e-07
5.0000e-01	7.7592e+02	7.7592e+02	1.2435e-07
5.5000e-01	7.4685e+02	7.4685e+02	1.1969e-07
6.0000e-01	7.2015e+02	7.2015e+02	1.1541e-07
6.5000e-01	6.9453e+02	6.9453e+02	1.1130e-07
7.0000e-01	6.7103e+02	6.7103e+02	1.0754e-07
7.5000e-01	6.4939e+02	6.4939e+02	1.0407e-07
8.0000e-01	6.2852e+02	6.2852e+02	1.0072e-07
8.5000e-01	6.0722e+02	6.0722e+02	9.7310e-08
9.0000e-01	5.8779e+02	5.8779e+02	9.4198e-08
9.5000e-01	5.6999e+02	5.6999e+02	9.1345e-08
1.0000e+00	5.5360e+02	5.5360e+02	8.8719e-08
1.5000e+00	4.3959e+02	4.3959e+02	7.0448e-08
2.0000e+00	3.7297e+02	3.7297e+02	5.9771e-08
2.5000e+00	3.2705e+02	3.2705e+02	5.2412e-08
3.0000e+00	2.9130e+02	2.9130e+02	4.6683e-08
3.5000e+00	2.6310e+02	2.6310e+02	4.2164e-08
4.0000e+00	2.4026e+02	2.4026e+02	3.8503e-08
4.5000e+00	2.2135e+02	2.2135e+02	3.5472e-08
5.0000e+00	2.0542e+02	2.0542e+02	3.2919e-08
5.5000e+00	1.9179e+02	1.9179e+02	3.0736e-08
6.0000e+00	1.8000e+02	1.8000e+02	2.8847e-08
6.5000e+00	1.6969e+02	1.6969e+02	2.7193e-08
7.0000e+00	1.6058e+02	1.6058e+02	2.5734e-08
7.5000e+00	1.5247e+02	1.5247e+02	2.4435e-08
8.0000e+00	1.4521e+02	1.4521e+02	2.3271e-08
8.5000e+00	1.3866e+02	1.3866e+02	2.2221e-08
9.0000e+00	1.3272e+02	1.3272e+02	2.1269e-08
9.5000e+00	1.2730e+02	1.2730e+02	2.0401e-08
1.0000e+01	1.2234e+02	1.2234e+02	1.9607e-08
1.5000e+01	8.8831e+01	8.8831e+01	1.4236e-08
2.0000e+01	7.0377e+01	7.0377e+01	1.1278e-08
2.5000e+01	5.8587e+01	5.8587e+01	9.3889e-09
3.0000e+01	5.0357e+01	5.0357e+01	8.0701e-09
3.5000e+01	4.4265e+01	4.4265e+01	7.0938e-09
4.0000e+01	3.9561e+01	3.9561e+01	6.3400e-09
4.5000e+01	3.5812e+01	3.5812e+01	5.7391e-09
5.0000e+01	3.2749e+01	3.2749e+01	5.2483e-09
5.5000e+01	3.0197e+01	3.0197e+01	4.8392e-09
6.0000e+01	2.8035e+01	2.8035e+01	4.4927e-09
6.5000e+01	2.6178e+01	2.6178e+01	4.1952e-09
7.0000e+01	2.4566e+01	2.4566e+01	3.9368e-09
7.5000e+01	2.3152e+01	2.3152e+01	3.7102e-09
8.0000e+01	2.1900e+01	2.1900e+01	3.5097e-09
8.5000e+01	2.0785e+01	2.0785e+01	3.3309e-09
9.0000e+01	1.9784e+01	1.9784e+01	3.1705e-09
9.5000e+01	1.8880e+01	1.8880e+01	3.0257e-09
1.0000e+02	1.8060e+01	1.8060e+01	2.8942e-09
1.5000e+02	1.2691e+01	1.2691e+01	2.0338e-09
2.0000e+02	9.8633e+00	9.8633e+00	1.5807e-09
2.5000e+02	8.1040e+00	8.1040e+00	1.2987e-09
3.0000e+02	6.8980e+00	6.8980e+00	1.1055e-09
3.5000e+02	6.0171e+00	6.0171e+00	9.6428e-10
4.0000e+02	5.3439e+00	5.3439e+00	8.5639e-10
4.5000e+02	4.8118e+00	4.8118e+00	7.7112e-10
5.0000e+02	4.3801e+00	4.3801e+00	7.0193e-10
5.5000e+02	4.0224e+00	4.0224e+00	6.4462e-10
6.0000e+02	3.7211e+00	3.7211e+00	5.9633e-10
6.5000e+02	3.4636e+00	3.4636e+00	5.5506e-10
7.0000e+02	3.2408e+00	3.2408e+00	5.1936e-10
7.5000e+02	3.0461e+00	3.0461e+00	4.8816e-10
8.0000e+02	2.8745e+00	2.8745e+00	4.6066e-10
8.5000e+02	2.7220e+00	2.7220e+00	4.3622e-10
9.0000e+02	2.5855e+00	2.5855e+00	4.1435e-10
9.5000e+02	2.4627e+00	2.4627e+00	3.9467e-10
1.0000e+03	2.3515e+00	2.3515e+00	3.7685e-10
5.0000e+03	5.6423e-01	5.6423e-01	9.0422e-11
1.0000e+04	3.2322e-01	3.2322e-01	5.1799e-11
5.0000e+04	1.3084e-01	1.3084e-01	2.0969e-11
1.0000e+05	1.0977e-01	1.0977e-01	1.7592e-11
* The mediun has to to be thick enough to fully absorb the kinetic energy of recoil nuclei.