0.0 0.0
0.02 0.0
0.07 1.2404282654549098e-05
0.15 0.0
0.25 0.0
0.35000000000000003 0.0
0.45 9.923426123639273e-06
0.55 1.984685224727856e-05
0.65 9.92342612363928e-06
0.75 3.307808707879759e-05
0.9 1.3231234831519038e-05
1.125 2.3816222696734267e-05
1.375 1.9846852247278553e-05
1.625 2.7785593146189977e-05
1.875 3.57243340451014e-05
2.125 2.7785593146189977e-05
2.375 5.557118629237995e-05
2.625 4.366307494401282e-05
2.875 5.954055674183566e-05
3.125 7.14486680902028e-05
3.375 3.969370449455711e-05
3.625 4.7632445393468533e-05
3.875 7.14486680902028e-05
4.125 5.954055674183566e-05
4.375 8.732614988802564e-05
4.625 7.938740898911421e-05
4.875 7.14486680902028e-05
5.25 5.954055674183566e-05
5.75 6.152524196656352e-05
6.25 5.35865010676521e-05
6.75 9.072846741613053e-05
8.5 0.00011297438971527792
15.0 0.00016800360427321297
25.0 0.00021841460898130047
35.0 0.0002707110646528795
45.0 0.0003111986432373277
55.0 0.00035496095244257693
65.0 0.0003986240273865897
75.0 0.0004770521718504188
90.0 0.0005163867428281205
125.0 0.0005950880177824001
175.0 0.0006372427319556198
250.0 0.0006327771901999821
350.0 0.0005973406355124662
450.0 0.0005039463105498352
650.0 0.00039334079531836417
