0.0 0.0
0.02 0.0
0.07 1.2474282100069957e-05
0.15 0.0
0.25 1.9958851360111923e-05
0.35000000000000003 3.9917702720223866e-05
0.45 1.9958851360111923e-05
0.55 1.9958851360111933e-05
0.65 1.9958851360111933e-05
0.75 1.9958851360111926e-05
0.9 2.6611801813482573e-05
1.125 2.3950621632134314e-05
1.375 3.1934162176179085e-05
1.625 5.189301353629101e-05
1.875 3.1934162176179085e-05
2.125 4.790124326426863e-05
2.375 7.98354054404477e-05
2.625 8.38271757124701e-05
2.875 5.58847838083134e-05
3.125 6.386832435235817e-05
3.375 6.786009462438056e-05
3.625 8.38271757124701e-05
3.875 7.584363516842533e-05
4.125 7.584363516842533e-05
4.375 0.00010378602707258202
4.625 5.9876554080335786e-05
4.875 0.00011443074779797506
5.25 9.979425680055964e-05
5.75 8.38271757124701e-05
6.25 9.779837166454845e-05
6.75 0.00012602589001670675
8.5 0.000155218451731332
15.0 0.0002056759632659534
25.0 0.0002853117801928
35.0 0.0003153498514897685
45.0 0.00035476858292598953
55.0 0.0004373982275568529
65.0 0.00044019246674726855
75.0 0.00046756935786288877
90.0 0.0005358381337294049
125.0 0.0005935562805983686
175.0 0.0006293957246906762
250.0 0.0006288335503773665
350.0 0.0005778386851522805
450.0 0.0004924746778850817
650.0 0.000376962825638434
