0.0 0.0
0.02 1.9846852247278553e-05
0.07 0.0
0.15 0.0
0.25 0.0
0.35000000000000003 2.977027837091784e-05
0.45 1.9846852247278547e-05
0.55 1.984685224727856e-05
0.65 1.984685224727856e-05
0.75 2.646246966303807e-05
0.9 4.851452771556981e-05
1.125 5.557118629237995e-05
1.375 3.175496359564569e-05
1.625 4.366307494401282e-05
1.875 5.954055674183566e-05
2.125 7.54180385396585e-05
2.375 7.938740898911421e-05
2.625 7.54180385396585e-05
2.875 7.938740898911421e-05
3.125 8.732614988802564e-05
3.375 6.350992719129137e-05
3.625 4.366307494401282e-05
3.875 4.366307494401282e-05
4.125 9.129552033748135e-05
4.375 5.954055674183566e-05
4.625 7.54180385396585e-05
4.875 7.14486680902028e-05
5.25 7.54180385396585e-05
5.75 9.328020556220921e-05
6.25 6.946398286547494e-05
6.75 7.201572101155362e-05
8.5 9.434888222167805e-05
15.0 0.00012007345609603526
25.0 0.0001877512222592551
35.0 0.00024233006593927115
45.0 0.00029016097985521246
55.0 0.00034146509291442756
65.0 0.00037133460554658176
75.0 0.00043543993830529146
90.0 0.0005236450202214109
125.0 0.0005988986134138777
175.0 0.0006503151919691606
250.0 0.0006439807382935709
350.0 0.0006077602329422875
450.0 0.0005140334732045145
650.0 0.00040551882385729435
