0.0 0.0
0.02 0.0
0.07 0.0
0.15 0.0
0.25 0.0
0.35000000000000003 0.0
0.45 9.979425680055961e-06
0.55 1.9958851360111933e-05
0.65 1.9958851360111933e-05
0.75 1.3305900906741283e-05
0.9 2.2176501511235476e-05
1.125 3.592593244820147e-05
1.375 3.1934162176179085e-05
1.625 4.790124326426863e-05
1.875 1.5967081088089542e-05
2.125 1.9958851360111926e-05
2.375 3.991770272022385e-05
2.625 4.390947299224624e-05
2.875 6.386832435235817e-05
3.125 4.390947299224624e-05
3.375 4.390947299224624e-05
3.625 4.790124326426863e-05
3.875 5.189301353629101e-05
4.125 6.386832435235817e-05
4.375 9.979425680055964e-05
4.625 7.98354054404477e-05
4.875 6.919068471505468e-05
5.25 7.584363516842533e-05
5.75 6.985597976039174e-05
6.25 6.985597976039174e-05
6.75 7.299237068840934e-05
8.5 9.518836802514918e-05
15.0 0.00014869344263283385
25.0 0.00019749283420830753
35.0 0.00025557309166623324
45.0 0.0003010792727672884
55.0 0.00035187454947877326
65.0 0.00039428710861901114
75.0 0.00043656660875018155
90.0 0.0005191582365213114
125.0 0.0006012803560747319
175.0 0.0006527741925838207
250.0 0.0006507683280221295
350.0 0.0006052421880697142
450.0 0.0005135961323369202
650.0 0.0004065338598135758
