0.0 0.0
0.02 0.0
0.07 0.0
0.15 0.0
0.25 0.0
0.35000000000000003 0.0
0.45 9.923426123639273e-06
0.55 3.969370449455712e-05
0.65 3.969370449455712e-05
0.75 1.9846852247278553e-05
0.9 3.087288127354442e-05
1.125 3.175496359564569e-05
1.375 1.5877481797822843e-05
1.625 3.969370449455711e-05
1.875 1.5877481797822843e-05
2.125 3.57243340451014e-05
2.375 4.7632445393468533e-05
2.625 3.969370449455711e-05
2.875 5.160181584292424e-05
3.125 2.3816222696734267e-05
3.375 5.160181584292424e-05
3.625 3.969370449455711e-05
3.875 5.954055674183566e-05
4.125 5.954055674183566e-05
4.375 3.57243340451014e-05
4.625 6.350992719129137e-05
4.875 7.14486680902028e-05
5.25 4.7632445393468533e-05
5.75 7.14486680902028e-05
6.25 6.152524196656352e-05
6.75 7.88203560677634e-05
8.5 8.091408993121257e-05
15.0 0.00014726364367480688
25.0 0.00019817081968907636
35.0 0.00025483358285505664
45.0 0.00029948900041143337
55.0 0.00034285437257173705
65.0 0.0003771894269595289
75.0 0.00044774498669860414
90.0 0.0005253178263393958
125.0 0.0005969734687458916
175.0 0.0006482246568657806
250.0 0.0006421449044606976
350.0 0.0006057060837346942
450.0 0.0005119694005707976
650.0 0.00040285140691526014
