0.0 0.0
0.02 0.0
0.07 1.2404282654549098e-05
0.15 1.9846852247278553e-05
0.25 9.923426123639273e-06
0.35000000000000003 1.984685224727856e-05
0.45 0.0
0.55 4.96171306181964e-05
0.65 1.984685224727856e-05
0.75 3.969370449455711e-05
0.9 1.7641646442025383e-05
1.125 3.175496359564569e-05
1.375 1.1908111348367133e-05
1.625 3.175496359564569e-05
1.875 2.7785593146189977e-05
2.125 1.9846852247278553e-05
2.375 5.954055674183566e-05
2.625 4.366307494401282e-05
2.875 4.366307494401282e-05
3.125 3.969370449455711e-05
3.375 4.366307494401282e-05
3.625 6.747929764074709e-05
3.875 4.7632445393468533e-05
4.125 4.7632445393468533e-05
4.375 4.7632445393468533e-05
4.625 6.747929764074709e-05
4.875 7.40949150565066e-05
5.25 7.54180385396585e-05
5.75 6.549461241601923e-05
6.25 8.335677943856993e-05
6.75 8.846025573072726e-05
8.5 0.00010381430406268782
15.0 0.00015609549292484583
25.0 0.0002089873541638432
35.0 0.00025790984495338483
45.0 0.0003120917515884552
55.0 0.00034970153659704816
65.0 0.0004008071811337904
75.0 0.00045092048305816877
90.0 0.000523389846406803
125.0 0.0005983825952554484
175.0 0.0006449300793927323
250.0 0.0006394953496856859
350.0 0.0006029969884029407
450.0 0.0005092057263953641
650.0 0.0003995131663672679
