0.0 0.0
0.02 0.0
0.07 1.2474282100069957e-05
0.15 9.979425680055963e-06
0.25 0.0
0.35000000000000003 0.0
0.45 2.9938277040167883e-05
0.55 1.9958851360111933e-05
0.65 9.979425680055967e-06
0.75 1.9958851360111926e-05
0.9 1.3305900906741286e-05
1.125 2.3950621632134314e-05
1.375 1.1975310816067157e-05
1.625 2.79423919041567e-05
1.875 3.592593244820147e-05
2.125 3.991770272022385e-05
2.375 5.189301353629101e-05
2.625 3.991770272022385e-05
2.875 2.3950621632134314e-05
3.125 4.790124326426863e-05
3.375 5.189301353629101e-05
3.625 2.79423919041567e-05
3.875 5.58847838083134e-05
4.125 9.580248652853725e-05
4.375 6.786009462438056e-05
4.625 5.189301353629101e-05
4.875 4.790124326426863e-05
5.25 5.3888898672302206e-05
5.75 7.783952030443652e-05
6.25 8.38271757124701e-05
6.75 8.04056583364509e-05
8.5 0.00010071543455564173
15.0 0.00015787451425848536
25.0 0.00020527678623875117
35.0 0.00026555251734628924
45.0 0.0003117572582449483
55.0 0.0003554671427235934
65.0 0.00040755974477348555
75.0 0.00045233410132467005
90.0 0.000515508617986891
125.0 0.0006008811790475297
175.0 0.0006493412701498815
250.0 0.0006486726486293178
350.0 0.0006021186278318567
450.0 0.0005111262244811063
650.0 0.000403184764555349
