0.0 4.961713061819638e-05
0.02 0.0
0.07 1.2404282654549098e-05
0.15 9.923426123639277e-06
0.25 9.923426123639273e-06
0.35000000000000003 9.92342612363928e-06
0.45 9.923426123639273e-06
0.55 1.984685224727856e-05
0.65 9.92342612363928e-06
0.75 1.3231234831519035e-05
0.9 2.6462469663038077e-05
1.125 3.57243340451014e-05
1.375 3.57243340451014e-05
1.625 2.3816222696734267e-05
1.875 1.9846852247278553e-05
2.125 7.14486680902028e-05
2.375 3.969370449455711e-05
2.625 3.57243340451014e-05
2.875 5.557118629237995e-05
3.125 6.350992719129137e-05
3.375 4.366307494401282e-05
3.625 7.54180385396585e-05
3.875 0.0001071730021353042
4.125 5.954055674183566e-05
4.375 0.0001111423725847599
4.625 8.732614988802564e-05
4.875 7.938740898911421e-05
5.25 9.724957601166491e-05
5.75 9.724957601166491e-05
6.25 0.00011312705780948776
6.75 0.00011624584887691725
8.5 0.00014915672804300883
15.0 0.00020511721797562385
25.0 0.000269817956301752
35.0 0.0003252899083328955
45.0 0.00035912879141450544
55.0 0.00043802002909743774
65.0 0.00045062278027445954
75.0 0.0004669302772043068
90.0 0.0005391822702664233
125.0 0.0005924285395812649
175.0 0.0006245672089870245
250.0 0.0006180012087018832
350.0 0.0005813738428795308
450.0 0.0004894680318354455
650.0 0.0003741727054179426
