0.0 0.0
0.02 0.0
0.07 0.0
0.15 9.979425680055963e-06
0.25 4.98971284002798e-05
0.35000000000000003 2.99382770401679e-05
0.45 1.9958851360111923e-05
0.55 6.985597976039177e-05
0.65 1.9958851360111933e-05
0.75 5.987655408033577e-05
0.9 4.878830332471805e-05
1.125 5.58847838083134e-05
1.375 4.390947299224624e-05
1.625 6.786009462438056e-05
1.875 5.9876554080335786e-05
2.125 5.9876554080335786e-05
2.375 6.386832435235817e-05
2.625 5.9876554080335786e-05
2.875 8.781894598449249e-05
3.125 9.979425680055964e-05
3.375 5.58847838083134e-05
3.625 8.38271757124701e-05
3.875 7.584363516842533e-05
4.125 4.390947299224624e-05
4.375 7.185186489640294e-05
4.625 6.386832435235817e-05
4.875 7.185186489640294e-05
5.25 6.386832435235817e-05
5.75 9.380660139252606e-05
6.25 4.790124326426863e-05
6.75 7.98354054404477e-05
8.5 9.825896054208948e-05
15.0 0.00013841463418237622
25.0 0.00018501855210823756
35.0 0.00023960601057814368
45.0 0.00029978194742888117
55.0 0.00033910088460830165
65.0 0.00038560500827736243
75.0 0.0004315103664056199
90.0 0.0005175330157677023
125.0 0.0006000029895876848
175.0 0.0006559409969996251
250.0 0.0006522752212998179
350.0 0.0006077270650640481
450.0 0.000515527151206011
650.0 0.0004092123376661028
