0.0 0.0
0.02 0.0
0.07 0.0
0.15 0.0
0.25 2.9938277040167883e-05
0.35000000000000003 0.0
0.45 1.9958851360111923e-05
0.55 1.9958851360111933e-05
0.65 0.0
0.75 6.6529504533706415e-06
0.9 2.6611801813482573e-05
1.125 2.3950621632134314e-05
1.375 3.592593244820147e-05
1.625 5.189301353629101e-05
1.875 2.3950621632134314e-05
2.125 1.9958851360111926e-05
2.375 3.991770272022385e-05
2.625 4.790124326426863e-05
2.875 6.386832435235817e-05
3.125 4.790124326426863e-05
3.375 8.38271757124701e-05
3.625 8.38271757124701e-05
3.875 8.38271757124701e-05
4.125 3.991770272022385e-05
4.375 3.991770272022385e-05
4.625 5.189301353629101e-05
4.875 7.451304507775121e-05
5.25 4.790124326426863e-05
5.75 7.384775003241413e-05
6.25 9.380660139252606e-05
6.75 8.667844019248609e-05
8.5 0.00010578191220859322
15.0 0.00017543830345538385
25.0 0.0002185494223932256
35.0 0.0002683467565367049
45.0 0.0003230340092634116
55.0 0.0003628519177268349
65.0 0.0003852058312501602
75.0 0.00047156112813491116
90.0 0.0005140544731020828
125.0 0.0005952328241126181
175.0 0.0006435398973545423
250.0 0.0006426949726469641
350.0 0.0005953425977950987
450.0 0.000506610534360881
650.0 0.0003965105246605276
