0.0 0.0
0.02 0.0
0.07 3.0347425208190428e-06
0.15 2.4277940166552335e-06
0.25 0.0
0.35000000000000003 0.0
0.45 0.0
0.55 2.4277940166552344e-06
0.65 2.4277940166552344e-06
0.75 4.855588033310467e-06
0.9 5.395097814789409e-06
1.125 6.797823246634655e-06
1.375 8.740058459958841e-06
1.625 4.855588033310467e-06
1.875 1.942235213324187e-06
2.125 8.740058459958841e-06
2.375 8.740058459958841e-06
2.625 1.0682293673283029e-05
2.875 8.740058459958841e-06
3.125 1.359564649326931e-05
3.375 9.711176066620934e-06
3.625 9.711176066620934e-06
3.875 1.4566764099931403e-05
4.125 7.768940853296748e-06
4.375 1.1653411279945122e-05
4.625 1.359564649326931e-05
4.875 1.4890469968818766e-05
5.25 1.7480116919917682e-05
5.75 1.3110087689938262e-05
6.25 1.6994558116586635e-05
6.75 1.8312503439913764e-05
8.5 2.345622526860749e-05
15.0 3.544579264316641e-05
25.0 4.484135548762217e-05
35.0 5.632482118640142e-05
45.0 6.368103705686677e-05
55.0 7.504311305481327e-05
65.0 7.873335996012923e-05
75.0 9.615682835299163e-05
90.0 0.00010621945650583313
125.0 0.00012406998542714907
175.0 0.00014348910050170205
250.0 0.00015094323739750585
350.0 0.00014845232073641758
450.0 0.00013377023642069505
650.0 0.00011176398311552701
