0.0 0.0
0.02 0.0
0.07 0.0
0.15 7.721077976223872e-07
0.25 3.860538988111935e-07
0.35000000000000003 3.860538988111937e-07
0.45 7.72107797622387e-07
0.55 3.860538988111937e-07
0.65 0.0
0.75 7.721077976223872e-07
0.9 8.578975529137637e-07
1.125 3.088431190489549e-07
1.375 1.6986371547692518e-06
1.625 1.389794035720297e-06
1.875 7.721077976223872e-07
2.125 4.6326467857343237e-07
2.375 2.007480273818207e-06
2.625 2.007480273818207e-06
2.875 1.8530587142937295e-06
3.125 9.265293571468647e-07
3.375 2.1619018333426843e-06
3.625 1.8530587142937295e-06
3.875 1.389794035720297e-06
4.125 1.2353724761958196e-06
4.375 1.5442155952447744e-06
4.625 2.007480273818207e-06
4.875 1.6471633015944262e-06
5.25 1.8530587142937295e-06
5.75 2.0846910535804456e-06
6.25 2.3163233928671617e-06
6.75 2.2280825017103174e-06
8.5 2.7914666529424766e-06
15.0 3.4436007773958474e-06
25.0 3.74858335745669e-06
35.0 4.1076134833510996e-06
45.0 3.964773540790958e-06
55.0 3.779467669361585e-06
65.0 3.7640255134091377e-06
75.0 3.4307323141021405e-06
90.0 4.091068316259192e-06
125.0 5.865702938537276e-06
175.0 1.0218074593734672e-05
250.0 1.6178360737480692e-05
350.0 2.3146247557123924e-05
450.0 3.022358065708013e-05
650.0 3.1522999475088725e-05
