0.0 0.0
0.02 0.0
0.07 0.0
0.15 7.283382049965701e-06
0.25 0.0
0.35000000000000003 7.283382049965703e-06
0.45 0.0
0.55 2.4277940166552344e-06
0.65 0.0
0.75 8.092646722184111e-06
0.9 4.316078251831527e-06
1.125 3.884470426648374e-06
1.375 5.826705639972561e-06
1.625 0.0
1.875 4.855588033310467e-06
2.125 7.768940853296748e-06
2.375 8.740058459958841e-06
2.625 7.768940853296748e-06
2.875 9.711176066620934e-06
3.125 1.1653411279945122e-05
3.375 1.2624528886607215e-05
3.625 1.0682293673283029e-05
3.875 4.855588033310467e-06
4.125 1.359564649326931e-05
4.375 1.1653411279945122e-05
4.625 1.2624528886607215e-05
4.875 1.1005999542170394e-05
5.25 1.6023440509924543e-05
5.75 1.7480116919917682e-05
6.25 1.6023440509924543e-05
6.75 1.9422352133241868e-05
8.5 2.1626042086821237e-05
15.0 3.1852657498516664e-05
25.0 4.3676014359627657e-05
35.0 5.324152278524928e-05
45.0 6.455504290286267e-05
55.0 7.176559113232872e-05
65.0 8.116115397678447e-05
75.0 9.141453737379173e-05
90.0 0.00010605297920183391
125.0 0.00012414767483568203
175.0 0.00014438900281720895
250.0 0.0001521012951434504
350.0 0.00014986529685411093
450.0 0.00013494043313672286
650.0 0.00011359259756887175
