0.0 0.0
0.02 0.0
0.07 3.0347425208190428e-06
0.15 4.855588033310467e-06
0.25 4.855588033310466e-06
0.35000000000000003 7.283382049965703e-06
0.45 7.283382049965699e-06
0.55 9.711176066620937e-06
0.65 4.855588033310469e-06
0.75 6.474117377747289e-06
0.9 7.553136940705173e-06
1.125 9.711176066620934e-06
1.375 8.740058459958841e-06
1.625 9.711176066620934e-06
1.875 1.359564649326931e-05
2.125 1.2624528886607215e-05
2.375 7.768940853296748e-06
2.625 1.650899931325559e-05
2.875 1.1653411279945122e-05
3.125 1.0682293673283029e-05
3.375 1.1653411279945122e-05
3.625 1.1653411279945122e-05
3.875 1.5537881706593496e-05
4.125 1.7480116919917682e-05
4.375 2.427794016655234e-05
4.625 1.9422352133241868e-05
4.875 2.0717175608791328e-05
5.25 2.427794016655234e-05
5.75 2.6220175379876525e-05
6.25 2.2821263756559197e-05
6.75 2.6358906466542538e-05
8.5 3.488553248547674e-05
15.0 4.911427295693538e-05
25.0 5.979656663021841e-05
35.0 6.584177373168993e-05
45.0 7.514022481547948e-05
55.0 9.179489176973439e-05
65.0 9.592214159804828e-05
75.0 9.696609302521005e-05
90.0 0.00011287854866580177
125.0 0.00012800301173413055
175.0 0.0001419968164461313
250.0 0.00014876307837054944
350.0 0.00014444646060893644
450.0 0.00013026814355166988
650.0 0.00010637233816333908
