0.0 0.0
0.02 0.0
0.07 3.0347425208190428e-06
0.15 0.0
0.25 2.427794016655233e-06
0.35000000000000003 2.4277940166552344e-06
0.45 4.855588033310466e-06
0.55 2.4277940166552344e-06
0.65 7.283382049965703e-06
0.75 4.855588033310467e-06
0.9 3.2370586888736454e-06
1.125 4.855588033310467e-06
1.375 5.826705639972561e-06
1.625 8.740058459958841e-06
1.875 2.9133528199862805e-06
2.125 5.826705639972561e-06
2.375 5.826705639972561e-06
2.625 1.2624528886607215e-05
2.875 1.0682293673283029e-05
3.125 6.797823246634655e-06
3.375 1.359564649326931e-05
3.625 1.359564649326931e-05
3.875 7.768940853296748e-06
4.125 1.5537881706593496e-05
4.375 1.5537881706593496e-05
4.625 1.650899931325559e-05
4.875 1.3595646493269308e-05
5.25 1.650899931325559e-05
5.75 1.5052322903262449e-05
6.25 1.4566764099931403e-05
6.75 1.2485797799941204e-05
8.5 1.85259358809384e-05
15.0 3.022603550735766e-05
25.0 4.0277102736310325e-05
35.0 5.2561740460585805e-05
45.0 6.229719446737329e-05
55.0 6.897362801317519e-05
65.0 8.055420547262065e-05
75.0 8.765954929469832e-05
90.0 0.00010562291283316927
125.0 0.000124084552191249
175.0 0.00014465120457100768
250.0 0.00015263540982711455
350.0 0.00015056207373689097
450.0 0.00013548425899645366
650.0 0.00011454332170579393
