0.0 0.0
0.02 0.0
0.07 0.0
0.15 5.090513443190589e-06
0.25 2.5452567215952935e-06
0.35000000000000003 0.0
0.45 5.090513443190587e-06
0.55 0.0
0.65 2.545256721595295e-06
0.75 5.090513443190589e-06
0.9 4.524900838391635e-06
1.125 1.0181026886381179e-05
1.375 2.0362053772762357e-06
1.625 6.108616131828707e-06
1.875 6.108616131828707e-06
2.125 6.108616131828707e-06
2.375 1.1199129575019296e-05
2.625 7.126718820466824e-06
2.875 1.2217232263657414e-05
3.125 1.2217232263657414e-05
3.375 1.2217232263657414e-05
3.625 1.4253437640933649e-05
3.875 1.527154032957177e-05
4.125 1.6289643018209885e-05
4.375 1.934395108412424e-05
4.625 1.7307745706848002e-05
4.875 1.0181026886381179e-05
5.25 1.4762488985252709e-05
5.75 1.7307745706848002e-05
6.25 1.0690078230700237e-05
6.75 1.7307745706848002e-05
8.5 2.2124154580020635e-05
15.0 3.738982124023488e-05
25.0 4.561100045098768e-05
35.0 5.892269310493106e-05
45.0 6.747475568949126e-05
55.0 7.56704823330281e-05
65.0 8.506247963571475e-05
75.0 0.0001047797350390063
90.0 0.0001132711962730523
125.0 0.0001321497289852277
175.0 0.00014865996091930917
250.0 0.00015811643805894288
350.0 0.00015447672094706161
450.0 0.00014078705766996133
650.0 0.00011668983965825787
