0.0 0.0
0.02 1.0181026886381177e-05
0.07 3.181570901994119e-06
0.15 0.0
0.25 7.635770164785881e-06
0.35000000000000003 2.545256721595295e-06
0.45 7.635770164785881e-06
0.55 7.635770164785886e-06
0.65 1.018102688638118e-05
0.75 1.5271540329571765e-05
0.9 1.583715293437072e-05
1.125 1.3235334952295532e-05
1.375 9.162924197743061e-06
1.625 1.527154032957177e-05
1.875 1.6289643018209885e-05
2.125 1.3235334952295532e-05
2.375 9.162924197743061e-06
2.625 2.8506875281867298e-05
2.875 1.8325848395486122e-05
3.125 2.239825915003859e-05
3.375 1.934395108412424e-05
3.625 1.2217232263657414e-05
3.875 1.527154032957177e-05
4.125 1.2217232263657414e-05
4.375 2.0362053772762358e-05
4.625 1.7307745706848002e-05
4.875 1.8325848395486122e-05
5.25 1.6798694362528945e-05
5.75 1.1708180919338356e-05
6.25 2.1380156461400475e-05
6.75 1.8907621360422188e-05
8.5 2.118436748281622e-05
15.0 2.8761400954026828e-05
25.0 4.0138698499557796e-05
35.0 5.103239726798566e-05
45.0 6.13915921248785e-05
55.0 7.12926407718842e-05
65.0 7.99465136253082e-05
75.0 9.274915493493253e-05
90.0 0.00011266760682193115
125.0 0.0001318137550979771
175.0 0.00015018032760100877
250.0 0.0001602111843408158
350.0 0.00015667327749779836
450.0 0.00014332340599303105
650.0 0.00012040896877985292
