0.0 0.0
0.02 0.0
0.07 0.0
0.15 0.0
0.25 5.090513443190587e-06
0.35000000000000003 1.018102688638118e-05
0.45 7.635770164785881e-06
0.55 1.2726283607976477e-05
0.65 1.2726283607976477e-05
0.75 6.787351257587451e-06
0.9 1.131225209597909e-05
1.125 1.0181026886381179e-05
1.375 7.126718820466824e-06
1.625 1.3235334952295532e-05
1.875 2.1380156461400475e-05
2.125 1.7307745706848002e-05
2.375 1.3235334952295532e-05
2.625 1.6289643018209885e-05
2.875 1.934395108412424e-05
3.125 1.527154032957177e-05
3.375 1.3235334952295532e-05
3.625 2.6470669904591064e-05
3.875 1.4253437640933649e-05
4.125 2.1380156461400475e-05
4.375 2.0362053772762358e-05
4.625 1.934395108412424e-05
4.875 2.5113199653073572e-05
5.25 1.934395108412424e-05
5.75 2.748877259322918e-05
6.25 2.5961618560272004e-05
6.75 2.67615563870591e-05
8.5 3.645590781238799e-05
15.0 4.614550436252269e-05
25.0 6.340234493493878e-05
35.0 7.322703588029663e-05
45.0 8.200817156980039e-05
55.0 9.80687414830667e-05
65.0 0.00010051218793579819
75.0 0.00010335439127491293
90.0 0.00011989613591126177
125.0 0.0001353822050216537
175.0 0.00014811357914307338
250.0 0.00015557627185079078
350.0 0.0001507581008768109
450.0 0.00013682791083951984
650.0 0.0001110414059416936
