0.0 0.0
0.02 0.0
0.07 0.0
0.15 0.0
0.25 0.0
0.35000000000000003 0.0
0.45 0.0
0.55 0.0
0.65 3.860538988111937e-07
0.75 2.57369265874129e-07
0.9 1.7157951058275274e-07
1.125 0.0
1.375 1.5442155952447745e-07
1.625 1.5442155952447745e-07
1.875 1.5442155952447745e-07
2.125 1.5442155952447745e-07
2.375 6.176862380979098e-07
2.625 1.2353724761958196e-06
2.875 4.6326467857343237e-07
3.125 7.721077976223872e-07
3.375 3.088431190489549e-07
3.625 1.5442155952447745e-07
3.875 4.6326467857343237e-07
4.125 1.5442155952447745e-07
4.375 3.088431190489549e-07
4.625 3.088431190489549e-07
4.875 4.1179082539860654e-07
5.25 5.404754583356711e-07
5.75 2.3163233928671618e-07
6.25 3.088431190489549e-07
6.75 3.5296356462737704e-07
8.5 3.147824097998963e-07
15.0 3.0498258006084297e-07
25.0 3.6675120387063393e-07
35.0 3.8219335982308173e-07
45.0 4.3238036666853686e-07
55.0 4.130776717279772e-07
65.0 5.674992312524546e-07
75.0 5.379017656769298e-07
90.0 5.868019261930143e-07
125.0 1.970419099532332e-06
175.0 7.894544861423035e-06
250.0 1.4972714411493334e-05
350.0 2.2488025659650842e-05
450.0 3.1079655177693957e-05
650.0 3.421024345393368e-05
