0.0 0.0
0.02 0.0
0.07 0.0
0.15 0.0
0.25 0.0
0.35000000000000003 0.0
0.45 0.0
0.55 0.0
0.65 0.0
0.75 2.57369265874129e-07
0.9 1.0294770634965165e-06
1.125 6.176862380979098e-07
1.375 1.5442155952447745e-07
1.625 0.0
1.875 1.5442155952447745e-07
2.125 9.265293571468647e-07
2.375 4.6326467857343237e-07
2.625 9.265293571468647e-07
2.875 7.721077976223872e-07
3.125 4.6326467857343237e-07
3.375 4.6326467857343237e-07
3.625 4.6326467857343237e-07
3.875 6.176862380979098e-07
4.125 4.6326467857343237e-07
4.375 6.176862380979098e-07
4.625 1.5442155952447745e-07
4.875 2.0589541269930327e-07
5.25 5.404754583356711e-07
5.75 8.493185773846259e-07
6.25 5.404754583356711e-07
6.75 6.397464608871209e-07
8.5 7.364720531167386e-07
15.0 7.643867196461635e-07
25.0 9.110872011944168e-07
35.0 8.145737264916185e-07
45.0 7.412234857174918e-07
55.0 8.724818113132976e-07
65.0 7.412234857174918e-07
75.0 8.518922700433673e-07
90.0 8.901299895446664e-07
125.0 2.31246285387905e-06
175.0 8.102499228249333e-06
250.0 1.5070386047892565e-05
350.0 2.253628239700224e-05
450.0 3.100746309861626e-05
650.0 3.39926634765637e-05
