0.0 1.930269494055968e-06
0.02 7.721077976223872e-07
0.07 9.65134747027984e-07
0.15 3.860538988111936e-07
0.25 0.0
0.35000000000000003 3.860538988111937e-07
0.45 0.0
0.55 3.860538988111937e-07
0.65 0.0
0.75 2.57369265874129e-07
0.9 5.147385317482582e-07
1.125 1.5442155952447745e-07
1.375 4.6326467857343237e-07
1.625 6.176862380979098e-07
1.875 7.721077976223872e-07
2.125 4.6326467857343237e-07
2.375 3.088431190489549e-07
2.625 1.0809509166713422e-06
2.875 7.721077976223872e-07
3.125 4.6326467857343237e-07
3.375 6.176862380979098e-07
3.625 9.265293571468647e-07
3.875 7.721077976223872e-07
4.125 9.265293571468647e-07
4.375 4.6326467857343237e-07
4.625 3.088431190489549e-07
4.875 9.265293571468646e-07
5.25 9.265293571468647e-07
5.75 3.860538988111936e-07
6.25 1.3125832559580583e-06
6.75 6.83866906465543e-07
8.5 9.681043924034549e-07
15.0 1.1349984625049092e-06
25.0 1.0423455267902228e-06
35.0 1.088671994647566e-06
45.0 1.0423455267902228e-06
55.0 1.1851854693503644e-06
65.0 1.1118352285762376e-06
75.0 1.1015404579412726e-06
90.0 1.1835309526411737e-06
125.0 2.749475867333321e-06
175.0 8.326925228091573e-06
250.0 1.5210523613161029e-05
350.0 2.2598823128609655e-05
450.0 3.093778036988084e-05
650.0 3.3703277474014826e-05
