0.0 0.0
0.02 0.0
0.07 9.104227562457128e-06
0.15 2.4277940166552335e-06
0.25 4.855588033310466e-06
0.35000000000000003 4.855588033310469e-06
0.45 4.855588033310466e-06
0.55 4.855588033310469e-06
0.65 1.2138970083276171e-05
0.75 1.2948234755494578e-05
0.9 1.5106273881410346e-05
1.125 9.711176066620934e-06
1.375 1.1653411279945122e-05
1.625 1.650899931325559e-05
1.875 1.5537881706593496e-05
2.125 8.740058459958841e-06
2.375 1.2624528886607215e-05
2.625 2.233570495322815e-05
2.875 1.1653411279945122e-05
3.125 2.0393469739903963e-05
3.375 2.1364587346566058e-05
3.625 1.1653411279945122e-05
3.875 1.8451234526579777e-05
4.125 7.768940853296748e-06
4.375 1.359564649326931e-05
4.625 1.1653411279945122e-05
4.875 1.6185293444368226e-05
5.25 6.797823246634655e-06
5.75 1.4081205296600355e-05
6.25 1.5052322903262449e-05
6.75 1.8312503439913764e-05
8.5 2.035611906272465e-05
15.0 2.6438676841375495e-05
25.0 3.7023858753992316e-05
35.0 4.9745499401265735e-05
45.0 6.001506809171738e-05
55.0 6.882796037217588e-05
65.0 7.878191584046234e-05
75.0 8.536123762559802e-05
90.0 0.000104970876725839
125.0 0.00012388061749384996
175.0 0.00014483895397496236
250.0 0.00015278593305614717
350.0 0.00015118844459318802
450.0 0.00013593218699252654
650.0 0.00011527360214600383
