0.0 0.0
0.02 0.0
0.07 0.0
0.15 2.5452567215952944e-06
0.25 2.5452567215952935e-06
0.35000000000000003 5.09051344319059e-06
0.45 2.5452567215952935e-06
0.55 7.635770164785886e-06
0.65 2.545256721595295e-06
0.75 3.3936756287937257e-06
0.9 6.787351257587453e-06
1.125 1.0181026886381179e-05
1.375 1.2217232263657414e-05
1.625 1.0181026886381179e-05
1.875 1.1199129575019296e-05
2.125 1.0181026886381179e-05
2.375 1.2217232263657414e-05
2.625 1.4253437640933649e-05
2.875 9.162924197743061e-06
3.125 1.4253437640933649e-05
3.375 1.3235334952295532e-05
3.625 1.2217232263657414e-05
3.875 9.162924197743061e-06
4.125 1.0181026886381179e-05
4.375 1.4253437640933649e-05
4.625 1.4253437640933649e-05
4.875 1.425343764093365e-05
5.25 1.4762488985252709e-05
5.75 1.527154032957177e-05
6.25 1.4253437640933649e-05
6.75 1.687141598314595e-05
8.5 1.9813844632726446e-05
15.0 3.260473860363572e-05
25.0 4.4236561821326225e-05
35.0 5.383217966174048e-05
45.0 6.317327182999521e-05
55.0 7.259072169989781e-05
65.0 8.21099818386642e-05
75.0 9.65500716391815e-05
90.0 0.00011242762547389501
125.0 0.00013285731035383118
175.0 0.00014985792841627334
250.0 0.00015975558338765029
350.0 0.00015635512040759896
450.0 0.00014275581374411527
650.0 0.00011957921508861286
