0.0 0.0
0.02 0.0
0.07 6.363141803988238e-06
0.15 2.5452567215952944e-06
0.25 2.5452567215952935e-06
0.35000000000000003 0.0
0.45 1.0181026886381174e-05
0.55 0.0
0.65 2.545256721595295e-06
0.75 3.3936756287937257e-06
0.9 5.656126047989545e-06
1.125 5.0905134431905896e-06
1.375 1.0181026886381179e-05
1.625 1.3235334952295532e-05
1.875 7.126718820466824e-06
2.125 1.1199129575019296e-05
2.375 1.527154032957177e-05
2.625 1.3235334952295532e-05
2.875 1.0181026886381179e-05
3.125 8.144821509104943e-06
3.375 5.0905134431905896e-06
3.625 1.1199129575019296e-05
3.875 1.527154032957177e-05
4.125 1.0181026886381179e-05
4.375 1.6289643018209885e-05
4.625 1.3235334952295532e-05
4.875 2.0362053772762358e-05
5.25 1.374438629661459e-05
5.75 1.5780591673890825e-05
6.25 1.7816797051167062e-05
6.75 1.9925724049060304e-05
8.5 2.2124154580020635e-05
15.0 3.565904666955008e-05
25.0 4.347298480484763e-05
35.0 5.515571315697004e-05
45.0 6.617667476147766e-05
55.0 7.472873734603786e-05
65.0 8.524064760622642e-05
75.0 9.955347457066395e-05
90.0 0.00011303121492501618
125.0 0.00013283185778661523
175.0 0.00014939299485512863
250.0 0.00015947305989155318
350.0 0.0001557366230242513
450.0 0.00014210295539502607
650.0 0.00011859572789138844
