0.0 0.0
0.02 0.0
0.07 0.0
0.15 0.0
0.25 0.0
0.35000000000000003 3.860538988111937e-07
0.45 3.860538988111935e-07
0.55 3.860538988111937e-07
0.65 0.0
0.75 1.029477063496516e-06
0.9 0.0
1.125 4.6326467857343237e-07
1.375 9.265293571468647e-07
1.625 3.088431190489549e-07
1.875 7.721077976223872e-07
2.125 7.721077976223872e-07
2.375 3.088431190489549e-07
2.625 3.088431190489549e-07
2.875 4.6326467857343237e-07
3.125 7.721077976223872e-07
3.375 1.2353724761958196e-06
3.625 4.6326467857343237e-07
3.875 7.721077976223872e-07
4.125 6.176862380979098e-07
4.375 7.721077976223872e-07
4.625 4.6326467857343237e-07
4.875 7.206339444475614e-07
5.25 5.404754583356711e-07
5.75 6.948970178601485e-07
6.25 9.265293571468647e-07
6.75 1.0588906938821312e-06
8.5 1.2056760224411123e-06
15.0 1.204488164290924e-06
25.0 1.33574648988673e-06
35.0 1.393654574708409e-06
45.0 1.4013756526846328e-06
55.0 1.4129572696489687e-06
65.0 1.459283737506312e-06
75.0 1.382072957744073e-06
90.0 1.6578257426092113e-06
125.0 3.3671621054312306e-06
175.0 8.695992755355072e-06
250.0 1.5432890658876276e-05
350.0 2.2732011723699514e-05
450.0 3.0752667525400874e-05
650.0 3.3155389780821975e-05
