0.0 0.0
0.02 0.0
0.07 1.0773436320748114e-05
0.15 8.61874905659849e-06
0.25 2.585624716979546e-05
0.35000000000000003 1.7237498113196982e-05
0.45 0.0
0.55 1.7237498113196982e-05
0.65 6.894999245278793e-05
0.75 3.447499622639395e-05
0.9 3.4474996226393963e-05
1.125 2.7579996981115165e-05
1.375 4.826499471695154e-05
1.625 3.1027496603754564e-05
1.875 3.792249584903335e-05
2.125 7.92924913207061e-05
2.375 7.239749207542731e-05
2.625 4.826499471695154e-05
2.875 4.826499471695154e-05
3.125 4.826499471695154e-05
3.375 4.826499471695154e-05
3.625 3.1027496603754564e-05
3.875 2.7579996981115165e-05
4.125 3.792249584903335e-05
4.375 4.136999547167275e-05
4.625 3.1027496603754564e-05
4.875 4.1369995471672755e-05
5.25 3.6198746037713656e-05
5.75 6.894999245278791e-05
6.25 4.481749509431215e-05
6.75 5.860749358486972e-05
8.5 7.120412682143675e-05
15.0 8.825599033956853e-05
25.0 0.00012342048649049037
35.0 0.00015772310773575236
45.0 0.00018556166718856548
55.0 0.00022848303749042594
65.0 0.0002528740973205997
75.0 0.00027867288616335113
90.0 0.0003493548367598936
125.0 0.0004458478886978398
175.0 0.00053165040847263
250.0 0.0005714661561977628
350.0 0.0005582105201487143
450.0 0.0004895363276657376
650.0 0.0003977621639612656
