0.0 0.0
0.02 0.0
0.07 1.1683862523115918e-05
0.15 0.0
0.25 0.0
0.35000000000000003 9.347090018492735e-06
0.45 1.869418003698546e-05
0.55 9.347090018492735e-06
0.65 9.347090018492735e-06
0.75 3.11569667283091e-05
0.9 2.492557338264729e-05
1.125 3.364952406657384e-05
1.375 4.486603208876512e-05
1.625 1.8694180036985467e-05
1.875 1.8694180036985467e-05
2.125 2.9910688059176746e-05
2.375 3.738836007397093e-05
2.625 3.364952406657384e-05
2.875 4.112719608136803e-05
3.125 5.6082540110956396e-05
3.375 5.234370410355931e-05
3.625 2.9910688059176746e-05
3.875 4.486603208876512e-05
4.125 4.860486809616221e-05
4.375 4.860486809616221e-05
4.625 8.973206417753023e-05
4.875 6.231393345661822e-05
5.25 7.290730214424331e-05
5.75 5.6082540110956396e-05
6.25 6.916846613684623e-05
6.75 7.103788414054477e-05
8.5 8.584942678523326e-05
15.0 0.00013936511217572665
25.0 0.00019208269988002567
35.0 0.00023554666846601689
45.0 0.00027695427724793966
55.0 0.00032340931463984855
65.0 0.0003686492303293534
75.0 0.0004090909731426986
90.0 0.00048709021384939704
125.0 0.0005605262942289722
175.0 0.0006033858176604343
250.0 0.0006059811929889024
350.0 0.0005686676096350793
450.0 0.00048411383332779413
650.0 0.00038241936334459687
