0.0 0.0
0.02 0.0
0.07 0.0
0.15 1.8694180036985467e-05
0.25 9.34709001849273e-06
0.35000000000000003 9.347090018492735e-06
0.45 1.869418003698546e-05
0.55 2.8041270055478205e-05
0.65 1.869418003698547e-05
0.75 1.2462786691323642e-05
0.9 1.661704892176486e-05
1.125 1.8694180036985467e-05
1.375 2.9910688059176746e-05
1.625 4.112719608136803e-05
1.875 2.6171852051779654e-05
2.125 3.738836007397093e-05
2.375 2.9910688059176746e-05
2.625 5.982137611835349e-05
2.875 2.6171852051779654e-05
3.125 5.982137611835349e-05
3.375 3.364952406657384e-05
3.625 4.486603208876512e-05
3.875 4.860486809616221e-05
4.125 4.860486809616221e-05
4.375 4.860486809616221e-05
4.625 6.729904813314768e-05
4.875 7.976183482447132e-05
5.25 6.729904813314768e-05
5.75 5.6082540110956396e-05
6.25 5.234370410355931e-05
6.75 7.637907843682634e-05
8.5 9.86477500413233e-05
15.0 0.00015132938739939735
25.0 0.00019040022367669698
35.0 0.0002390985626730441
45.0 0.00028714260536809674
55.0 0.0003311673993551975
65.0 0.00037238806633675046
75.0 0.0004246694565068532
90.0 0.0004859685630471779
125.0 0.0005602458815284174
175.0 0.0006008683347487869
250.0 0.0006043547993256847
350.0 0.0005651811450581816
450.0 0.00048191726717344835
650.0 0.0003793198682944647
