0.0 4.6735450092463665e-05
0.02 0.0
0.07 0.0
0.15 9.347090018492733e-06
0.25 1.869418003698546e-05
0.35000000000000003 0.0
0.45 2.8041270055478188e-05
0.55 9.347090018492735e-06
0.65 3.738836007397094e-05
0.75 4.361975341963275e-05
0.9 3.738836007397093e-05
1.125 2.9910688059176746e-05
1.375 5.234370410355931e-05
1.625 6.356021212575058e-05
1.875 5.982137611835349e-05
2.125 0.00011216508022191279
2.375 9.347090018492733e-05
2.625 0.00010094857219972152
2.875 7.477672014794187e-05
3.125 0.0001084262442145157
3.375 8.599322817013314e-05
3.625 5.982137611835349e-05
3.875 4.486603208876512e-05
4.125 3.738836007397093e-05
4.375 6.356021212575058e-05
4.625 6.729904813314768e-05
4.875 7.726927748620659e-05
5.25 6.169079412205204e-05
5.75 6.356021212575058e-05
6.25 5.982137611835349e-05
6.75 7.904967558496711e-05
8.5 9.059487248692957e-05
15.0 0.00012712042425150116
25.0 0.00017666000134951266
35.0 0.00022582569484678444
45.0 0.0002715329650372139
55.0 0.0003116319812165477
65.0 0.00035995643661215516
75.0 0.0004018625568617309
90.0 0.0004873038616212483
125.0 0.0005600028571879366
175.0 0.0006052926240242067
250.0 0.000607869305172638
350.0 0.0005710604646798136
450.0 0.00048599727196652043
650.0 0.00038493186114156775
