0.0 0.0
0.02 0.0
0.07 0.0
0.15 1.723749811319698e-05
0.25 8.618749056598486e-06
0.35000000000000003 0.0
0.45 0.0
0.55 8.618749056598491e-06
0.65 1.7237498113196982e-05
0.75 1.7237498113196975e-05
0.9 1.5322220545063982e-05
1.125 2.413249735847577e-05
1.375 1.3789998490557583e-05
1.625 2.7579996981115165e-05
1.875 1.723749811319698e-05
2.125 4.481749509431215e-05
2.375 2.7579996981115165e-05
2.625 3.1027496603754564e-05
2.875 3.447499622639396e-05
3.125 1.723749811319698e-05
3.375 4.826499471695154e-05
3.625 2.0684997735836374e-05
3.875 4.136999547167275e-05
4.125 1.723749811319698e-05
4.375 4.826499471695154e-05
4.625 5.515999396223033e-05
4.875 5.286166088047073e-05
5.25 5.343624415091063e-05
5.75 6.033124339618942e-05
6.25 6.033124339618942e-05
6.75 5.7622493692687044e-05
8.5 7.372345346875015e-05
15.0 0.00010911336305653688
25.0 0.00014169223449047918
35.0 0.00016703135671687874
45.0 0.00021305547667911464
55.0 0.00023529184924513878
65.0 0.00025985528405644446
75.0 0.0003047589666413226
90.0 0.0003578258358326647
125.0 0.0004477440134902915
175.0 0.0005298692003342663
250.0 0.0005688546752336135
350.0 0.0005531254582053212
450.0 0.0004854596593619665
650.0 0.0003918600446073069
