0.0 0.0
0.02 3.447499622639396e-05
0.07 0.0
0.15 0.0
0.25 2.585624716979546e-05
0.35000000000000003 8.618749056598491e-06
0.45 8.618749056598486e-06
0.55 1.7237498113196982e-05
0.65 8.618749056598491e-06
0.75 1.7237498113196975e-05
0.9 1.1491665408797987e-05
1.125 1.723749811319698e-05
1.375 3.447499622639396e-05
1.625 2.7579996981115165e-05
1.875 3.1027496603754564e-05
2.125 4.481749509431215e-05
2.375 3.1027496603754564e-05
2.625 2.0684997735836374e-05
2.875 3.1027496603754564e-05
3.125 3.792249584903335e-05
3.375 3.1027496603754564e-05
3.625 3.1027496603754564e-05
3.875 4.481749509431215e-05
4.125 5.171249433959093e-05
4.375 4.826499471695154e-05
4.625 4.136999547167275e-05
4.875 5.515999396223033e-05
5.25 5.515999396223033e-05
5.75 5.515999396223033e-05
6.25 5.171249433959093e-05
6.75 6.008499342314375e-05
8.5 7.942508746003838e-05
15.0 0.000114112237509364
25.0 0.00014479498415085462
35.0 0.00018685447954705525
45.0 0.00021340022664137858
55.0 0.0002408940361319278
65.0 0.00025270172233946773
75.0 0.00032119204817590373
90.0 0.00036390821016689276
125.0 0.00044703727606765047
175.0 0.0005265366173657148
250.0 0.0005644935882109746
350.0 0.0005485919962015505
450.0 0.00048075382237706374
650.0 0.00038553388279976365
