0.0 0.0
0.02 0.0
0.07 2.1546872641496227e-05
0.15 8.61874905659849e-06
0.25 8.618749056598486e-06
0.35000000000000003 4.3093745282992454e-05
0.45 8.618749056598486e-06
0.55 1.7237498113196982e-05
0.65 4.3093745282992454e-05
0.75 1.7237498113196975e-05
0.9 3.8305551362659956e-05
1.125 2.413249735847577e-05
1.375 3.447499622639396e-05
1.625 1.723749811319698e-05
1.875 4.136999547167275e-05
2.125 4.481749509431215e-05
2.375 6.205499320750913e-05
2.625 5.515999396223033e-05
2.875 5.515999396223033e-05
3.125 5.860749358486973e-05
3.375 5.171249433959093e-05
3.625 8.61874905659849e-05
3.875 4.136999547167275e-05
4.125 6.205499320750913e-05
4.375 8.27399909433455e-05
4.625 6.550249283014851e-05
4.875 6.435332628926871e-05
5.25 8.61874905659849e-05
5.75 6.894999245278791e-05
6.25 0.00010342498867918186
6.75 8.076999115898013e-05
8.5 0.00011535864121908747
15.0 0.00015720598279235644
25.0 0.000199696415641387
35.0 0.00022434603794325867
45.0 0.00025528734705644726
55.0 0.0003040694667167947
65.0 0.0003184627776413142
75.0 0.0003322815052953937
90.0 0.0003965855815900533
125.0 0.0004670500113770721
175.0 0.000521468792920435
250.0 0.0005536512018977737
350.0 0.000533595372843069
450.0 0.0004683859174808449
650.0 0.0003664726573861904
