0.0 0.0
0.02 0.0
0.07 0.0
0.15 2.8041270055478198e-05
0.25 9.34709001849273e-06
0.35000000000000003 9.347090018492735e-06
0.45 9.34709001849273e-06
0.55 2.8041270055478205e-05
0.65 5.608254011095641e-05
0.75 3.11569667283091e-05
0.9 2.9079835613088507e-05
1.125 2.9910688059176746e-05
1.375 3.738836007397093e-05
1.625 2.6171852051779654e-05
1.875 3.738836007397093e-05
2.125 4.112719608136803e-05
2.375 3.364952406657384e-05
2.625 7.851555615533896e-05
2.875 5.234370410355931e-05
3.125 5.6082540110956396e-05
3.375 5.6082540110956396e-05
3.625 8.599322817013314e-05
3.875 0.00010468740820711862
4.125 5.234370410355931e-05
4.375 5.982137611835349e-05
4.625 5.982137611835349e-05
4.875 8.973206417753023e-05
5.25 8.78626461738317e-05
5.75 9.720973619232442e-05
6.25 0.00011029566221821425
6.75 0.00010308504991823413
8.5 0.00014638980982808618
15.0 0.0001966627739890871
25.0 0.0002618119914179815
35.0 0.00029387251018141153
45.0 0.00034444026718145725
55.0 0.0003990272728894548
65.0 0.00042510565404104946
75.0 0.0004373191849985466
90.0 0.0004976924845275159
125.0 0.0005558527492197259
175.0 0.0005829468474866634
250.0 0.0005860531970694759
350.0 0.0005426359639335771
450.0 0.00046319971941141664
650.0 0.00035532401879899016
