0.0 0.0
0.02 1.8694180036985467e-05
0.07 1.1683862523115918e-05
0.15 9.347090018492733e-06
0.25 1.869418003698546e-05
0.35000000000000003 9.347090018492735e-06
0.45 3.738836007397092e-05
0.55 9.347090018492735e-06
0.65 2.8041270055478205e-05
0.75 1.8694180036985463e-05
0.9 1.2462786691323645e-05
1.125 1.8694180036985467e-05
1.375 2.6171852051779654e-05
1.625 2.6171852051779654e-05
1.875 1.4955344029588373e-05
2.125 3.738836007397093e-05
2.375 5.234370410355931e-05
2.625 5.982137611835349e-05
2.875 4.112719608136803e-05
3.125 4.112719608136803e-05
3.375 4.860486809616221e-05
3.625 4.486603208876512e-05
3.875 5.6082540110956396e-05
4.125 7.103788414054477e-05
4.375 7.477672014794187e-05
4.625 6.356021212575058e-05
4.875 6.729904813314768e-05
5.25 5.6082540110956396e-05
5.75 7.664613815164041e-05
6.25 8.41238101664346e-05
6.75 7.79814367257108e-05
8.5 0.00010209898327892063
15.0 0.00015824623401308199
25.0 0.0001962888903883474
35.0 0.00024274392778025626
45.0 0.000295835399085295
55.0 0.00033686912426647813
65.0 0.00035855437310938125
75.0 0.0004428028111427291
90.0 0.0004824433748116321
125.0 0.0005563201037206505
175.0 0.000593328348800536
250.0 0.0006001859971774369
350.0 0.0005585353640550333
450.0 0.0004771409041739985
650.0 0.00037329286465054057
