0.0 0.0
0.02 0.0
0.07 0.0
0.15 0.0
0.25 8.618749056598486e-06
0.35000000000000003 8.618749056598491e-06
0.45 1.723749811319697e-05
0.55 8.618749056598491e-06
0.65 0.0
0.75 2.2983330817595967e-05
0.9 1.5322220545063982e-05
1.125 1.723749811319698e-05
1.375 2.413249735847577e-05
1.625 2.0684997735836374e-05
1.875 2.413249735847577e-05
2.125 2.413249735847577e-05
2.375 2.7579996981115165e-05
2.625 3.447499622639396e-05
2.875 3.792249584903335e-05
3.125 3.1027496603754564e-05
3.375 3.792249584903335e-05
3.625 4.481749509431215e-05
3.875 2.7579996981115165e-05
4.125 3.447499622639396e-05
4.375 4.481749509431215e-05
4.625 3.447499622639396e-05
4.875 3.217666314463436e-05
5.25 4.654124490563184e-05
5.75 4.654124490563184e-05
6.25 4.309374528299245e-05
6.75 5.417499407004765e-05
8.5 6.377874301882882e-05
15.0 0.00010230455130182407
25.0 0.00013548673516972825
35.0 0.00016522141941499303
45.0 0.00019926547818855707
55.0 0.0002308962872262735
65.0 0.0002576144093017289
75.0 0.00029171592640233685
90.0 0.0003531963363394061
125.0 0.00044745097602236716
175.0 0.0005311447751946428
250.0 0.0005701302500939901
350.0 0.0005563402516034325
450.0 0.0004876617497459274
650.0 0.00039506621925636156
