Energy
(MeV)	Elec. Stopping Power
(MeV cm2 g-1)	Ionizing Dose*
(MeV g-1)	Ionizing Dose*
(Gy)
1.0000e-05	4.2720e+00	4.2720e+00	6.8462e-10
1.5000e-05	5.2320e+00	5.2320e+00	8.3846e-10
2.0000e-05	6.0420e+00	6.0420e+00	9.6827e-10
2.5000e-05	6.7550e+00	6.7550e+00	1.0825e-09
3.0000e-05	7.4000e+00	7.4000e+00	1.1859e-09
3.5000e-05	7.9930e+00	7.9930e+00	1.2809e-09
4.0000e-05	8.5450e+00	8.5450e+00	1.3694e-09
4.5000e-05	9.0630e+00	9.0630e+00	1.4524e-09
5.0000e-05	9.5530e+00	9.5530e+00	1.5309e-09
5.5000e-05	1.0020e+01	1.0020e+01	1.6058e-09
6.0000e-05	1.0460e+01	1.0460e+01	1.6763e-09
6.5000e-05	1.0890e+01	1.0890e+01	1.7452e-09
7.0000e-05	1.1300e+01	1.1300e+01	1.8109e-09
7.5000e-05	1.1700e+01	1.1700e+01	1.8750e-09
8.0000e-05	1.2080e+01	1.2080e+01	1.9359e-09
8.5000e-05	1.2460e+01	1.2460e+01	1.9968e-09
9.0000e-05	1.2820e+01	1.2820e+01	2.0545e-09
9.5000e-05	1.3170e+01	1.3170e+01	2.1106e-09
1.0000e-04	1.3510e+01	1.3510e+01	2.1651e-09
1.5000e-04	1.6550e+01	1.6550e+01	2.6522e-09
2.0000e-04	1.9110e+01	1.9110e+01	3.0625e-09
2.5000e-04	2.1360e+01	2.1360e+01	3.4231e-09
3.0000e-04	2.3400e+01	2.3400e+01	3.7500e-09
3.5000e-04	2.5280e+01	2.5280e+01	4.0513e-09
4.0000e-04	2.7020e+01	2.7020e+01	4.3301e-09
4.5000e-04	2.8660e+01	2.8660e+01	4.5929e-09
5.0000e-04	3.0210e+01	3.0210e+01	4.8413e-09
5.5000e-04	3.1680e+01	3.1680e+01	5.0769e-09
6.0000e-04	3.3090e+01	3.3090e+01	5.3029e-09
6.5000e-04	3.4440e+01	3.4440e+01	5.5192e-09
7.0000e-04	3.5740e+01	3.5740e+01	5.7276e-09
7.5000e-04	3.7000e+01	3.7000e+01	5.9295e-09
8.0000e-04	3.8210e+01	3.8210e+01	6.1234e-09
8.5000e-04	3.9390e+01	3.9390e+01	6.3125e-09
9.0000e-04	4.0530e+01	4.0530e+01	6.4952e-09
9.5000e-04	4.1640e+01	4.1640e+01	6.6731e-09
1.0000e-03	4.2720e+01	4.2720e+01	6.8462e-09
1.5000e-03	5.2320e+01	5.2320e+01	8.3846e-09
2.0000e-03	6.0420e+01	6.0420e+01	9.6827e-09
2.5000e-03	6.7550e+01	6.7550e+01	1.0825e-08
3.0000e-03	7.4000e+01	7.4000e+01	1.1859e-08
3.5000e-03	7.9930e+01	7.9930e+01	1.2809e-08
4.0000e-03	8.5450e+01	8.5450e+01	1.3694e-08
4.5000e-03	9.0630e+01	9.0630e+01	1.4524e-08
5.0000e-03	9.5530e+01	9.5530e+01	1.5309e-08
5.5000e-03	1.0020e+02	1.0020e+02	1.6058e-08
6.0000e-03	1.0460e+02	1.0460e+02	1.6763e-08
6.5000e-03	1.0890e+02	1.0890e+02	1.7452e-08
7.0000e-03	1.1300e+02	1.1300e+02	1.8109e-08
7.5000e-03	1.1700e+02	1.1700e+02	1.8750e-08
8.0000e-03	1.2080e+02	1.2080e+02	1.9359e-08
8.5000e-03	1.2460e+02	1.2460e+02	1.9968e-08
9.0000e-03	1.2820e+02	1.2820e+02	2.0545e-08
9.5000e-03	1.3170e+02	1.3170e+02	2.1106e-08
1.0000e-02	1.3510e+02	1.3510e+02	2.1651e-08
1.5000e-02	1.6550e+02	1.6550e+02	2.6522e-08
2.0000e-02	1.9110e+02	1.9110e+02	3.0625e-08
2.5000e-02	2.1360e+02	2.1360e+02	3.4231e-08
3.0000e-02	2.3400e+02	2.3400e+02	3.7500e-08
3.5000e-02	2.5280e+02	2.5280e+02	4.0513e-08
4.0000e-02	2.7020e+02	2.7020e+02	4.3301e-08
4.5000e-02	2.8660e+02	2.8660e+02	4.5929e-08
5.0000e-02	3.0210e+02	3.0210e+02	4.8413e-08
5.5000e-02	3.1680e+02	3.1680e+02	5.0769e-08
6.0000e-02	3.3200e+02	3.3200e+02	5.3205e-08
6.5000e-02	3.4770e+02	3.4770e+02	5.5721e-08
7.0000e-02	3.6330e+02	3.6330e+02	5.8221e-08
7.5000e-02	3.7830e+02	3.7830e+02	6.0625e-08
8.0000e-02	3.9270e+02	3.9270e+02	6.2933e-08
8.5000e-02	4.0630e+02	4.0630e+02	6.5112e-08
9.0000e-02	4.1910e+02	4.1910e+02	6.7163e-08
9.5000e-02	4.3120e+02	4.3120e+02	6.9103e-08
1.0000e-01	4.4250e+02	4.4250e+02	7.0913e-08
1.5000e-01	5.2930e+02	5.2930e+02	8.4824e-08
2.0000e-01	5.9630e+02	5.9630e+02	9.5561e-08
2.5000e-01	6.6220e+02	6.6220e+02	1.0612e-07
3.0000e-01	7.3250e+02	7.3250e+02	1.1739e-07
3.5000e-01	8.0770e+02	8.0770e+02	1.2944e-07
4.0000e-01	8.8720e+02	8.8720e+02	1.4218e-07
4.5000e-01	9.6980e+02	9.6980e+02	1.5542e-07
5.0000e-01	1.0540e+03	1.0540e+03	1.6891e-07
5.5000e-01	1.1400e+03	1.1400e+03	1.8269e-07
6.0000e-01	1.2260e+03	1.2260e+03	1.9647e-07
6.5000e-01	1.3120e+03	1.3120e+03	2.1026e-07
7.0000e-01	1.3970e+03	1.3970e+03	2.2388e-07
7.5000e-01	1.4810e+03	1.4810e+03	2.3734e-07
8.0000e-01	1.5640e+03	1.5640e+03	2.5064e-07
8.5000e-01	1.6440e+03	1.6440e+03	2.6346e-07
9.0000e-01	1.7230e+03	1.7230e+03	2.7612e-07
9.5000e-01	1.8000e+03	1.8000e+03	2.8846e-07
1.0000e+00	1.8750e+03	1.8750e+03	3.0048e-07
1.5000e+00	2.5130e+03	2.5130e+03	4.0272e-07
2.0000e+00	2.9990e+03	2.9990e+03	4.8061e-07
2.5000e+00	3.3940e+03	3.3940e+03	5.4391e-07
3.0000e+00	3.7380e+03	3.7380e+03	5.9904e-07
3.5000e+00	4.0480e+03	4.0480e+03	6.4872e-07
4.0000e+00	4.3340e+03	4.3340e+03	6.9455e-07
4.5000e+00	4.6020e+03	4.6020e+03	7.3750e-07
5.0000e+00	4.8530e+03	4.8530e+03	7.7772e-07
5.5000e+00	5.0890e+03	5.0890e+03	8.1554e-07
6.0000e+00	5.3110e+03	5.3110e+03	8.5112e-07
6.5000e+00	5.5190e+03	5.5190e+03	8.8446e-07
7.0000e+00	5.7150e+03	5.7150e+03	9.1587e-07
7.5000e+00	5.9000e+03	5.9000e+03	9.4551e-07
8.0000e+00	6.0730e+03	6.0730e+03	9.7324e-07
8.5000e+00	6.2350e+03	6.2350e+03	9.9920e-07
9.0000e+00	6.3870e+03	6.3870e+03	1.0236e-06
9.5000e+00	6.5290e+03	6.5290e+03	1.0463e-06
1.0000e+01	6.6620e+03	6.6620e+03	1.0676e-06
1.5000e+01	7.5910e+03	7.5910e+03	1.2165e-06
2.0000e+01	8.0270e+03	8.0270e+03	1.2864e-06
2.5000e+01	8.1910e+03	8.1910e+03	1.3127e-06
3.0000e+01	8.2020e+03	8.2020e+03	1.3144e-06
3.5000e+01	8.1260e+03	8.1260e+03	1.3022e-06
4.0000e+01	7.9990e+03	7.9990e+03	1.2819e-06
4.5000e+01	7.8450e+03	7.8450e+03	1.2572e-06
5.0000e+01	7.6760e+03	7.6760e+03	1.2301e-06
5.5000e+01	7.5020e+03	7.5020e+03	1.2022e-06
6.0000e+01	7.3870e+03	7.3870e+03	1.1838e-06
6.5000e+01	7.2490e+03	7.2490e+03	1.1617e-06
7.0000e+01	7.0980e+03	7.0980e+03	1.1375e-06
7.5000e+01	6.9590e+03	6.9590e+03	1.1152e-06
8.0000e+01	6.8230e+03	6.8230e+03	1.0934e-06
8.5000e+01	6.6910e+03	6.6910e+03	1.0723e-06
9.0000e+01	6.5640e+03	6.5640e+03	1.0519e-06
9.5000e+01	6.4410e+03	6.4410e+03	1.0322e-06
1.0000e+02	6.3230e+03	6.3230e+03	1.0133e-06
1.5000e+02	5.3600e+03	5.3600e+03	8.5897e-07
2.0000e+02	4.6920e+03	4.6920e+03	7.5192e-07
2.5000e+02	4.2020e+03	4.2020e+03	6.7340e-07
3.0000e+02	3.8230e+03	3.8230e+03	6.1266e-07
3.5000e+02	3.5170e+03	3.5170e+03	5.6362e-07
4.0000e+02	3.2630e+03	3.2630e+03	5.2292e-07
4.5000e+02	3.0460e+03	3.0460e+03	4.8814e-07
5.0000e+02	2.8580e+03	2.8580e+03	4.5801e-07
5.5000e+02	2.6930e+03	2.6930e+03	4.3157e-07
6.0000e+02	2.5470e+03	2.5470e+03	4.0817e-07
6.5000e+02	2.4160e+03	2.4160e+03	3.8718e-07
7.0000e+02	2.3000e+03	2.3000e+03	3.6859e-07
7.5000e+02	2.1950e+03	2.1950e+03	3.5176e-07
8.0000e+02	2.1010e+03	2.1010e+03	3.3670e-07
8.5000e+02	2.0170e+03	2.0170e+03	3.2324e-07
9.0000e+02	1.9380e+03	1.9380e+03	3.1058e-07
9.5000e+02	1.8660e+03	1.8660e+03	2.9904e-07
1.0000e+03	1.7980e+03	1.7980e+03	2.8814e-07
1.5000e+03	1.3343e+03	1.3343e+03	2.1383e-07
2.0000e+03	1.0800e+03	1.0800e+03	1.7307e-07
2.5000e+03	9.1843e+02	9.1843e+02	1.4718e-07
3.0000e+03	8.0673e+02	8.0673e+02	1.2928e-07
3.5000e+03	7.2472e+02	7.2472e+02	1.1614e-07
4.0000e+03	6.6183e+02	6.6183e+02	1.0606e-07
4.5000e+03	6.1214e+02	6.1214e+02	9.8100e-08
5.0000e+03	5.7188e+02	5.7188e+02	9.1648e-08
5.5000e+03	5.3860e+02	5.3860e+02	8.6314e-08
6.0000e+03	5.1063e+02	5.1063e+02	8.1833e-08
6.5000e+03	4.8681e+02	4.8681e+02	7.8015e-08
7.0000e+03	4.6629e+02	4.6629e+02	7.4726e-08
7.5000e+03	4.4843e+02	4.4843e+02	7.1864e-08
8.0000e+03	4.3276e+02	4.3276e+02	6.9353e-08
8.5000e+03	4.1891e+02	4.1891e+02	6.7133e-08
9.0000e+03	4.0658e+02	4.0658e+02	6.5157e-08
9.5000e+03	3.9555e+02	3.9555e+02	6.3389e-08
1.0000e+04	3.8562e+02	3.8562e+02	6.1798e-08
1.5000e+04	3.2334e+02	3.2334e+02	5.1818e-08
2.0000e+04	2.9374e+02	2.9374e+02	4.7074e-08
2.5000e+04	2.7740e+02	2.7740e+02	4.4455e-08
3.0000e+04	2.6764e+02	2.6764e+02	4.2890e-08
3.5000e+04	2.6155e+02	2.6155e+02	4.1916e-08
4.0000e+04	2.5778e+02	2.5778e+02	4.1311e-08
4.5000e+04	2.5545e+02	2.5545e+02	4.0937e-08
5.0000e+04	2.5405e+02	2.5405e+02	4.0714e-08
5.5000e+04	2.5331e+02	2.5331e+02	4.0595e-08
6.0000e+04	2.5303e+02	2.5303e+02	4.0550e-08
6.5000e+04	2.5308e+02	2.5308e+02	4.0557e-08
7.0000e+04	2.5336e+02	2.5336e+02	4.0603e-08
7.5000e+04	2.5382e+02	2.5382e+02	4.0676e-08
8.0000e+04	2.5440e+02	2.5440e+02	4.0770e-08
8.5000e+04	2.5508e+02	2.5508e+02	4.0879e-08
9.0000e+04	2.5583e+02	2.5583e+02	4.0999e-08
9.5000e+04	2.5663e+02	2.5663e+02	4.1127e-08
1.0000e+05	2.5746e+02	2.5746e+02	4.1260e-08
1.5000e+05	2.6617e+02	2.6617e+02	4.2656e-08
2.0000e+05	2.7401e+02	2.7401e+02	4.3911e-08
2.5000e+05	2.8066e+02	2.8066e+02	4.4978e-08
3.0000e+05	2.8635e+02	2.8635e+02	4.5889e-08
3.5000e+05	2.9127e+02	2.9127e+02	4.6677e-08
4.0000e+05	2.9558e+02	2.9558e+02	4.7369e-08
4.5000e+05	2.9941e+02	2.9941e+02	4.7982e-08
5.0000e+05	3.0285e+02	3.0285e+02	4.8533e-08
5.5000e+05	3.0596e+02	3.0596e+02	4.9032e-08
6.0000e+05	3.0880e+02	3.0880e+02	4.9487e-08
6.5000e+05	3.1141e+02	3.1141e+02	4.9905e-08
7.0000e+05	3.1382e+02	3.1382e+02	5.0292e-08
7.5000e+05	3.1606e+02	3.1606e+02	5.0650e-08
8.0000e+05	3.1815e+02	3.1815e+02	5.0985e-08
8.5000e+05	3.2010e+02	3.2010e+02	5.1299e-08
9.0000e+05	3.2194e+02	3.2194e+02	5.1593e-08
9.5000e+05	3.2368e+02	3.2368e+02	5.1871e-08
1.0000e+06	3.2532e+02	3.2532e+02	5.2134e-08
1.5000e+06	3.3810e+02	3.3810e+02	5.4183e-08
2.0000e+06	3.4694e+02	3.4694e+02	5.5600e-08
2.5000e+06	3.5367e+02	3.5367e+02	5.6677e-08
3.0000e+06	3.5907e+02	3.5907e+02	5.7544e-08
3.5000e+06	3.6358e+02	3.6358e+02	5.8266e-08
4.0000e+06	3.6744e+02	3.6744e+02	5.8885e-08
4.5000e+06	3.7082e+02	3.7082e+02	5.9426e-08
5.0000e+06	3.7381e+02	3.7381e+02	5.9905e-08
5.5000e+06	3.7650e+02	3.7650e+02	6.0336e-08
6.0000e+06	3.7893e+02	3.7893e+02	6.0726e-08
6.5000e+06	3.8116e+02	3.8116e+02	6.1083e-08
7.0000e+06	3.8321e+02	3.8321e+02	6.1411e-08
7.5000e+06	3.8511e+02	3.8511e+02	6.1716e-08
8.0000e+06	3.8687e+02	3.8687e+02	6.1999e-08
8.5000e+06	3.8853e+02	3.8853e+02	6.2264e-08
9.0000e+06	3.9008e+02	3.9008e+02	6.2513e-08
9.5000e+06	3.9154e+02	3.9154e+02	6.2747e-08
1.0000e+07	3.9293e+02	3.9293e+02	6.2969e-08