Energy
(MeV)	Elec. Stopping Power
(MeV cm2 g-1)	Ionizing Dose*
(MeV g-1)	Ionizing Dose*
(Gy)
1.0000e-05	4.1550e+00	4.1550e+00	6.6587e-10
1.5000e-05	5.0890e+00	5.0890e+00	8.1554e-10
2.0000e-05	5.8760e+00	5.8760e+00	9.4167e-10
2.5000e-05	6.5700e+00	6.5700e+00	1.0529e-09
3.0000e-05	7.1970e+00	7.1970e+00	1.1534e-09
3.5000e-05	7.7740e+00	7.7740e+00	1.2458e-09
4.0000e-05	8.3110e+00	8.3110e+00	1.3319e-09
4.5000e-05	8.8150e+00	8.8150e+00	1.4127e-09
5.0000e-05	9.2920e+00	9.2920e+00	1.4891e-09
5.5000e-05	9.7450e+00	9.7450e+00	1.5617e-09
6.0000e-05	1.0180e+01	1.0180e+01	1.6314e-09
6.5000e-05	1.0590e+01	1.0590e+01	1.6971e-09
7.0000e-05	1.0990e+01	1.0990e+01	1.7612e-09
7.5000e-05	1.1380e+01	1.1380e+01	1.8237e-09
8.0000e-05	1.1750e+01	1.1750e+01	1.8830e-09
8.5000e-05	1.2110e+01	1.2110e+01	1.9407e-09
9.0000e-05	1.2470e+01	1.2470e+01	1.9984e-09
9.5000e-05	1.2810e+01	1.2810e+01	2.0529e-09
1.0000e-04	1.3140e+01	1.3140e+01	2.1058e-09
1.5000e-04	1.6090e+01	1.6090e+01	2.5785e-09
2.0000e-04	1.8580e+01	1.8580e+01	2.9776e-09
2.5000e-04	2.0780e+01	2.0780e+01	3.3301e-09
3.0000e-04	2.2760e+01	2.2760e+01	3.6474e-09
3.5000e-04	2.4580e+01	2.4580e+01	3.9391e-09
4.0000e-04	2.6280e+01	2.6280e+01	4.2115e-09
4.5000e-04	2.7870e+01	2.7870e+01	4.4663e-09
5.0000e-04	2.9380e+01	2.9380e+01	4.7083e-09
5.5000e-04	3.0820e+01	3.0820e+01	4.9391e-09
6.0000e-04	3.2190e+01	3.2190e+01	5.1587e-09
6.5000e-04	3.3500e+01	3.3500e+01	5.3686e-09
7.0000e-04	3.4770e+01	3.4770e+01	5.5721e-09
7.5000e-04	3.5990e+01	3.5990e+01	5.7676e-09
8.0000e-04	3.7170e+01	3.7170e+01	5.9567e-09
8.5000e-04	3.8310e+01	3.8310e+01	6.1394e-09
9.0000e-04	3.9420e+01	3.9420e+01	6.3173e-09
9.5000e-04	4.0500e+01	4.0500e+01	6.4904e-09
1.0000e-03	4.1550e+01	4.1550e+01	6.6587e-09
1.5000e-03	5.0890e+01	5.0890e+01	8.1554e-09
2.0000e-03	5.8760e+01	5.8760e+01	9.4167e-09
2.5000e-03	6.5700e+01	6.5700e+01	1.0529e-08
3.0000e-03	7.1970e+01	7.1970e+01	1.1534e-08
3.5000e-03	7.7740e+01	7.7740e+01	1.2458e-08
4.0000e-03	8.3110e+01	8.3110e+01	1.3319e-08
4.5000e-03	8.8150e+01	8.8150e+01	1.4127e-08
5.0000e-03	9.2920e+01	9.2920e+01	1.4891e-08
5.5000e-03	9.7450e+01	9.7450e+01	1.5617e-08
6.0000e-03	1.0180e+02	1.0180e+02	1.6314e-08
6.5000e-03	1.0590e+02	1.0590e+02	1.6971e-08
7.0000e-03	1.0990e+02	1.0990e+02	1.7612e-08
7.5000e-03	1.1380e+02	1.1380e+02	1.8237e-08
8.0000e-03	1.1750e+02	1.1750e+02	1.8830e-08
8.5000e-03	1.2110e+02	1.2110e+02	1.9407e-08
9.0000e-03	1.2470e+02	1.2470e+02	1.9984e-08
9.5000e-03	1.2810e+02	1.2810e+02	2.0529e-08
1.0000e-02	1.3140e+02	1.3140e+02	2.1058e-08
1.5000e-02	1.6090e+02	1.6090e+02	2.5785e-08
2.0000e-02	1.8580e+02	1.8580e+02	2.9776e-08
2.5000e-02	2.0780e+02	2.0780e+02	3.3301e-08
3.0000e-02	2.2760e+02	2.2760e+02	3.6474e-08
3.5000e-02	2.4580e+02	2.4580e+02	3.9391e-08
4.0000e-02	2.6280e+02	2.6280e+02	4.2115e-08
4.5000e-02	2.7870e+02	2.7870e+02	4.4663e-08
5.0000e-02	2.9380e+02	2.9380e+02	4.7083e-08
5.5000e-02	3.0820e+02	3.0820e+02	4.9391e-08
6.0000e-02	3.1980e+02	3.1980e+02	5.1250e-08
6.5000e-02	3.3280e+02	3.3280e+02	5.3333e-08
7.0000e-02	3.4680e+02	3.4680e+02	5.5577e-08
7.5000e-02	3.6100e+02	3.6100e+02	5.7853e-08
8.0000e-02	3.7520e+02	3.7520e+02	6.0128e-08
8.5000e-02	3.8890e+02	3.8890e+02	6.2324e-08
9.0000e-02	4.0210e+02	4.0210e+02	6.4439e-08
9.5000e-02	4.1470e+02	4.1470e+02	6.6458e-08
1.0000e-01	4.2670e+02	4.2670e+02	6.8381e-08
1.5000e-01	5.1840e+02	5.1840e+02	8.3077e-08
2.0000e-01	5.8410e+02	5.8410e+02	9.3606e-08
2.5000e-01	6.4500e+02	6.4500e+02	1.0337e-07
3.0000e-01	7.0800e+02	7.0800e+02	1.1346e-07
3.5000e-01	7.7480e+02	7.7480e+02	1.2417e-07
4.0000e-01	8.4500e+02	8.4500e+02	1.3542e-07
4.5000e-01	9.1790e+02	9.1790e+02	1.4710e-07
5.0000e-01	9.9260e+02	9.9260e+02	1.5907e-07
5.5000e-01	1.0680e+03	1.0680e+03	1.7115e-07
6.0000e-01	1.1450e+03	1.1450e+03	1.8349e-07
6.5000e-01	1.2210e+03	1.2210e+03	1.9567e-07
7.0000e-01	1.2960e+03	1.2960e+03	2.0769e-07
7.5000e-01	1.3710e+03	1.3710e+03	2.1971e-07
8.0000e-01	1.4440e+03	1.4440e+03	2.3141e-07
8.5000e-01	1.5160e+03	1.5160e+03	2.4295e-07
9.0000e-01	1.5870e+03	1.5870e+03	2.5433e-07
9.5000e-01	1.6560e+03	1.6560e+03	2.6538e-07
1.0000e+00	1.7240e+03	1.7240e+03	2.7628e-07
1.5000e+00	2.3130e+03	2.3130e+03	3.7067e-07
2.0000e+00	2.7790e+03	2.7790e+03	4.4535e-07
2.5000e+00	3.1690e+03	3.1690e+03	5.0785e-07
3.0000e+00	3.5100e+03	3.5100e+03	5.6250e-07
3.5000e+00	3.8160e+03	3.8160e+03	6.1154e-07
4.0000e+00	4.0960e+03	4.0960e+03	6.5641e-07
4.5000e+00	4.3530e+03	4.3530e+03	6.9760e-07
5.0000e+00	4.5920e+03	4.5920e+03	7.3590e-07
5.5000e+00	4.8130e+03	4.8130e+03	7.7131e-07
6.0000e+00	5.0190e+03	5.0190e+03	8.0433e-07
6.5000e+00	5.2110e+03	5.2110e+03	8.3510e-07
7.0000e+00	5.3890e+03	5.3890e+03	8.6362e-07
7.5000e+00	5.5550e+03	5.5550e+03	8.9022e-07
8.0000e+00	5.7100e+03	5.7100e+03	9.1506e-07
8.5000e+00	5.8550e+03	5.8550e+03	9.3830e-07
9.0000e+00	5.9890e+03	5.9890e+03	9.5978e-07
9.5000e+00	6.1140e+03	6.1140e+03	9.7981e-07
1.0000e+01	6.2310e+03	6.2310e+03	9.9856e-07
1.5000e+01	7.0330e+03	7.0330e+03	1.1271e-06
2.0000e+01	7.4080e+03	7.4080e+03	1.1872e-06
2.5000e+01	7.5540e+03	7.5540e+03	1.2106e-06
3.0000e+01	7.5740e+03	7.5740e+03	1.2138e-06
3.5000e+01	7.5200e+03	7.5200e+03	1.2051e-06
4.0000e+01	7.4240e+03	7.4240e+03	1.1897e-06
4.5000e+01	7.3040e+03	7.3040e+03	1.1705e-06
5.0000e+01	7.1700e+03	7.1700e+03	1.1490e-06
5.5000e+01	7.0300e+03	7.0300e+03	1.1266e-06
6.0000e+01	6.9330e+03	6.9330e+03	1.1111e-06
6.5000e+01	6.8100e+03	6.8100e+03	1.0913e-06
7.0000e+01	6.6730e+03	6.6730e+03	1.0694e-06
7.5000e+01	6.5440e+03	6.5440e+03	1.0487e-06
8.0000e+01	6.4180e+03	6.4180e+03	1.0285e-06
8.5000e+01	6.2960e+03	6.2960e+03	1.0090e-06
9.0000e+01	6.1780e+03	6.1780e+03	9.9006e-07
9.5000e+01	6.0640e+03	6.0640e+03	9.7179e-07
1.0000e+02	5.9530e+03	5.9530e+03	9.5401e-07
1.5000e+02	5.0480e+03	5.0480e+03	8.0897e-07
2.0000e+02	4.4160e+03	4.4160e+03	7.0769e-07
2.5000e+02	3.9510e+03	3.9510e+03	6.3317e-07
3.0000e+02	3.5930e+03	3.5930e+03	5.7580e-07
3.5000e+02	3.3060e+03	3.3060e+03	5.2981e-07
4.0000e+02	3.0680e+03	3.0680e+03	4.9167e-07
4.5000e+02	2.8670e+03	2.8670e+03	4.5946e-07
5.0000e+02	2.6940e+03	2.6940e+03	4.3173e-07
5.5000e+02	2.5430e+03	2.5430e+03	4.0753e-07
6.0000e+02	2.4100e+03	2.4100e+03	3.8622e-07
6.5000e+02	2.2930e+03	2.2930e+03	3.6747e-07
7.0000e+02	2.1900e+03	2.1900e+03	3.5096e-07
7.5000e+02	2.0980e+03	2.0980e+03	3.3622e-07
8.0000e+02	2.0160e+03	2.0160e+03	3.2308e-07
8.5000e+02	1.9420e+03	1.9420e+03	3.1122e-07
9.0000e+02	1.8670e+03	1.8670e+03	2.9920e-07
9.5000e+02	1.7980e+03	1.7980e+03	2.8814e-07
1.0000e+03	1.7330e+03	1.7330e+03	2.7772e-07
1.5000e+03	1.2857e+03	1.2857e+03	2.0604e-07
2.0000e+03	1.0394e+03	1.0394e+03	1.6656e-07
2.5000e+03	8.8350e+02	8.8350e+02	1.4159e-07
3.0000e+03	7.7555e+02	7.7555e+02	1.2429e-07
3.5000e+03	6.9650e+02	6.9650e+02	1.1162e-07
4.0000e+03	6.3628e+02	6.3628e+02	1.0197e-07
4.5000e+03	5.8868e+02	5.8868e+02	9.4340e-08
5.0000e+03	5.5010e+02	5.5010e+02	8.8157e-08
5.5000e+03	5.1820e+02	5.1820e+02	8.3045e-08
6.0000e+03	4.9138e+02	4.9138e+02	7.8748e-08
6.5000e+03	4.6854e+02	4.6854e+02	7.5087e-08
7.0000e+03	4.4886e+02	4.4886e+02	7.1932e-08
7.5000e+03	4.3173e+02	4.3173e+02	6.9187e-08
8.0000e+03	4.1669e+02	4.1669e+02	6.6777e-08
8.5000e+03	4.0340e+02	4.0340e+02	6.4647e-08
9.0000e+03	3.9157e+02	3.9157e+02	6.2751e-08
9.5000e+03	3.8098e+02	3.8098e+02	6.1054e-08
1.0000e+04	3.7145e+02	3.7145e+02	5.9527e-08
1.5000e+04	3.1177e+02	3.1177e+02	4.9963e-08
2.0000e+04	2.8351e+02	2.8351e+02	4.5435e-08
2.5000e+04	2.6801e+02	2.6801e+02	4.2951e-08
3.0000e+04	2.5879e+02	2.5879e+02	4.1473e-08
3.5000e+04	2.5308e+02	2.5308e+02	4.0557e-08
4.0000e+04	2.4956e+02	2.4956e+02	3.9993e-08
4.5000e+04	2.4740e+02	2.4740e+02	3.9648e-08
5.0000e+04	2.4615e+02	2.4615e+02	3.9448e-08
5.5000e+04	2.4552e+02	2.4552e+02	3.9346e-08
6.0000e+04	2.4532e+02	2.4532e+02	3.9315e-08
6.5000e+04	2.4544e+02	2.4544e+02	3.9333e-08
7.0000e+04	2.4578e+02	2.4578e+02	3.9387e-08
7.5000e+04	2.4628e+02	2.4628e+02	3.9468e-08
8.0000e+04	2.4690e+02	2.4690e+02	3.9568e-08
8.5000e+04	2.4761e+02	2.4761e+02	3.9682e-08
9.0000e+04	2.4839e+02	2.4839e+02	3.9806e-08
9.5000e+04	2.4921e+02	2.4921e+02	3.9937e-08
1.0000e+05	2.5006e+02	2.5006e+02	4.0074e-08
1.5000e+05	2.5885e+02	2.5885e+02	4.1482e-08
2.0000e+05	2.6668e+02	2.6668e+02	4.2738e-08
2.5000e+05	2.7332e+02	2.7332e+02	4.3802e-08
3.0000e+05	2.7899e+02	2.7899e+02	4.4709e-08
3.5000e+05	2.8388e+02	2.8388e+02	4.5494e-08
4.0000e+05	2.8817e+02	2.8817e+02	4.6181e-08
4.5000e+05	2.9198e+02	2.9198e+02	4.6791e-08
5.0000e+05	2.9539e+02	2.9539e+02	4.7338e-08
5.5000e+05	2.9848e+02	2.9848e+02	4.7834e-08
6.0000e+05	3.0130e+02	3.0130e+02	4.8285e-08
6.5000e+05	3.0389e+02	3.0389e+02	4.8700e-08
7.0000e+05	3.0628e+02	3.0628e+02	4.9083e-08
7.5000e+05	3.0850e+02	3.0850e+02	4.9439e-08
8.0000e+05	3.1057e+02	3.1057e+02	4.9771e-08
8.5000e+05	3.1251e+02	3.1251e+02	5.0082e-08
9.0000e+05	3.1434e+02	3.1434e+02	5.0374e-08
9.5000e+05	3.1605e+02	3.1605e+02	5.0650e-08
1.0000e+06	3.1768e+02	3.1768e+02	5.0910e-08
1.5000e+06	3.3033e+02	3.3033e+02	5.2938e-08
2.0000e+06	3.3907e+02	3.3907e+02	5.4338e-08
2.5000e+06	3.4571e+02	3.4571e+02	5.5402e-08
3.0000e+06	3.5104e+02	3.5104e+02	5.6256e-08
3.5000e+06	3.5548e+02	3.5548e+02	5.6968e-08
4.0000e+06	3.5928e+02	3.5928e+02	5.7578e-08
4.5000e+06	3.6260e+02	3.6260e+02	5.8110e-08
5.0000e+06	3.6555e+02	3.6555e+02	5.8581e-08
5.5000e+06	3.6819e+02	3.6819e+02	5.9004e-08
6.0000e+06	3.7058e+02	3.7058e+02	5.9387e-08
6.5000e+06	3.7276e+02	3.7276e+02	5.9738e-08
7.0000e+06	3.7478e+02	3.7478e+02	6.0060e-08
7.5000e+06	3.7664e+02	3.7664e+02	6.0359e-08
8.0000e+06	3.7837e+02	3.7837e+02	6.0637e-08
8.5000e+06	3.7999e+02	3.7999e+02	6.0896e-08
9.0000e+06	3.8152e+02	3.8152e+02	6.1140e-08
9.5000e+06	3.8295e+02	3.8295e+02	6.1370e-08
1.0000e+07	3.8430e+02	3.8430e+02	6.1587e-08