'*',    13,     3,     4,     0,     5,     5,    46,     2
'OMNIDIRECTIONAL FLUENCE ANALYSIS'
'MULASSIS ml-v01-19'
'geant4-09-02-ref-00 (19-December-2008)'
'FLU_BDY', 1, 2, ' '
'FLU_PAR, -1, proton  '
'FLU_AMN', 1, 0., 'deg'
'FLU_AMX', 1, 90., 'deg'
'Elo','keV', 1, ' Lower edge of energy    bin '
'Eup','keV', 1, ' Upper edge of energy    bin '
'Emean','keV', 1, ' Mean energy of bin '
'Value','particles/cm2/bin',1,             'Fluence/flux'
'Error','particles/cm2/bin',1,'Error in   fluence/flux'
  0.000000E+00,   4.000000E+01,   2.000000E+01,   6.124691E+04,   0.000000E+00
  4.000000E+01,   1.000000E+02,   7.000000E+01,   9.187037E+04,   0.000000E+00
  1.000000E+02,   2.000000E+02,   1.500000E+02,   1.531173E+05,   0.000000E+00
  2.000000E+02,   3.000000E+02,   2.500000E+02,   1.531173E+05,   0.000000E+00
  3.000000E+02,   4.000000E+02,   3.500000E+02,   1.531173E+05,   0.000000E+00
  4.000000E+02,   5.000000E+02,   4.500000E+02,   1.531173E+05,   0.000000E+00
  5.000000E+02,   6.000000E+02,   5.500000E+02,   1.531173E+05,   0.000000E+00
  6.000000E+02,   7.000000E+02,   6.500000E+02,   1.531173E+05,   0.000000E+00
  7.000000E+02,   8.000000E+02,   7.500000E+02,   1.531173E+05,   0.000000E+00
  8.000000E+02,   1.000000E+03,   9.000000E+02,   3.062346E+05,   0.000000E+00
  1.000000E+03,   1.250000E+03,   1.125000E+03,   3.827932E+05,   0.000000E+00
  1.250000E+03,   1.500000E+03,   1.375000E+03,   4.199900E+05,   0.000000E+00
  1.500000E+03,   1.750000E+03,   1.625000E+03,   4.821249E+05,   0.000000E+00
  1.750000E+03,   2.000000E+03,   1.875000E+03,   5.075079E+05,   0.000000E+00
  2.000000E+03,   2.250000E+03,   2.125000E+03,   5.642900E+05,   0.000000E+00
  2.250000E+03,   2.500000E+03,   2.375000E+03,   5.811645E+05,   0.000000E+00
  2.500000E+03,   2.750000E+03,   2.625000E+03,   6.180309E+05,   0.000000E+00
  2.750000E+03,   3.000000E+03,   2.875000E+03,   6.965387E+05,   0.000000E+00
  3.000000E+03,   3.250000E+03,   3.125000E+03,   7.488654E+05,   0.000000E+00
  3.250000E+03,   3.500000E+03,   3.375000E+03,   7.558464E+05,   0.000000E+00
  3.500000E+03,   3.750000E+03,   3.625000E+03,   7.854095E+05,   0.000000E+00
  3.750000E+03,   4.000000E+03,   3.875000E+03,   8.306445E+05,   0.000000E+00
  4.000000E+03,   4.250000E+03,   4.125000E+03,   8.991484E+05,   0.000000E+00
  4.250000E+03,   4.500000E+03,   4.375000E+03,   9.728927E+05,   0.000000E+00
  4.500000E+03,   4.750000E+03,   4.625000E+03,   9.868537E+05,   0.000000E+00
  4.750000E+03,   5.000000E+03,   4.875000E+03,   1.026497E+06,   0.000000E+00
  5.000000E+03,   5.500000E+03,   5.250000E+03,   2.106259E+06,   0.000000E+00
  5.500000E+03,   6.000000E+03,   5.750000E+03,   2.347154E+06,   0.000000E+00
  6.000000E+03,   6.500000E+03,   6.250000E+03,   2.545177E+06,   0.000000E+00
  6.500000E+03,   7.000000E+03,   6.750000E+03,   2.568656E+06,   0.000000E+00
  7.000000E+03,   1.000000E+04,   8.500000E+03,   1.951444E+07,   0.000000E+00
  1.000000E+04,   2.000000E+04,   1.500000E+04,   1.212199E+08,   0.000000E+00
  2.000000E+04,   3.000000E+04,   2.500000E+04,   1.544842E+08,   0.000000E+00
  3.000000E+04,   4.000000E+04,   3.500000E+04,   1.546616E+08,   0.000000E+00
  4.000000E+04,   5.000000E+04,   4.500000E+04,   1.616908E+08,   0.000000E+00
  5.000000E+04,   6.000000E+04,   5.500000E+04,   1.586080E+08,   0.000000E+00
  6.000000E+04,   7.000000E+04,   6.500000E+04,   1.448243E+08,   0.000000E+00
  7.000000E+04,   8.000000E+04,   7.500000E+04,   1.243947E+08,   0.000000E+00
  8.000000E+04,   1.000000E+05,   9.000000E+04,   1.971589E+08,   0.000000E+00
  1.000000E+05,   1.500000E+05,   1.250000E+05,   2.905942E+08,   0.000000E+00
  1.500000E+05,   2.000000E+05,   1.750000E+05,   1.454090E+08,   0.000000E+00
  2.000000E+05,   3.000000E+05,   2.500000E+05,   1.291622E+08,   0.000000E+00
  3.000000E+05,   4.000000E+05,   3.500000E+05,   1.531470E+07,   0.000000E+00
  4.000000E+05,   5.000000E+05,   4.500000E+05,   2.419225E+06,   0.000000E+00
  5.000000E+05,   8.000000E+05,   6.500000E+05,   7.870145E+05,   0.000000E+00
  8.000000E+05,   1.000000E+06,   0.000000E+00,   0.000000E+00,   0.000000E+00
'End of Block'
'*',    13,     3,     4,     0,     5,     5,    46,     1
'OMNIDIRECTIONAL FLUENCE ANALYSIS'
'MULASSIS ml-v01-19'
'geant4-09-02-ref-00 (19-December-2008)'
'FLU_BDY', 1, 2, ' '
'FLU_PAR, -1, e-      '
'FLU_AMN', 1, 0., 'deg'
'FLU_AMX', 1, 90., 'deg'
'Elo','keV', 1, ' Lower edge of energy    bin '
'Eup','keV', 1, ' Upper edge of energy    bin '
'Emean','keV', 1, ' Mean energy of bin '
'Value','particles/cm2/bin',1,             'Fluence/flux'
'Error','particles/cm2/bin',1,'Error in   fluence/flux'
  0.000000E+00,   4.000000E+01,   2.000000E+01,   8.818391E+07,   0.000000E+00
  4.000000E+01,   1.000000E+02,   7.000000E+01,   3.965252E+07,   0.000000E+00
  1.000000E+02,   2.000000E+02,   1.500000E+02,   2.317041E+07,   0.000000E+00
  2.000000E+02,   3.000000E+02,   2.500000E+02,   1.024679E+07,   0.000000E+00
  3.000000E+02,   4.000000E+02,   3.500000E+02,   6.477177E+06,   0.000000E+00
  4.000000E+02,   5.000000E+02,   4.500000E+02,   5.119759E+06,   0.000000E+00
  5.000000E+02,   6.000000E+02,   5.500000E+02,   4.399542E+06,   0.000000E+00
  6.000000E+02,   7.000000E+02,   6.500000E+02,   3.929985E+06,   0.000000E+00
  7.000000E+02,   8.000000E+02,   7.500000E+02,   3.509295E+06,   0.000000E+00
  8.000000E+02,   1.000000E+03,   9.000000E+02,   5.754553E+06,   0.000000E+00
  1.000000E+03,   1.250000E+03,   1.125000E+03,   4.997572E+06,   0.000000E+00
  1.250000E+03,   1.500000E+03,   1.375000E+03,   3.131360E+06,   0.000000E+00
  1.500000E+03,   1.750000E+03,   1.625000E+03,   1.824113E+06,   0.000000E+00
  1.750000E+03,   2.000000E+03,   1.875000E+03,   1.022553E+06,   0.000000E+00
  2.000000E+03,   2.250000E+03,   2.125000E+03,   5.266835E+05,   0.000000E+00
  2.250000E+03,   2.500000E+03,   2.375000E+03,   2.383464E+05,   0.000000E+00
  2.500000E+03,   2.750000E+03,   2.625000E+03,   1.054905E+05,   0.000000E+00
  2.750000E+03,   3.000000E+03,   2.875000E+03,   4.146029E+04,   0.000000E+00
  3.000000E+03,   3.250000E+03,   3.125000E+03,   1.409243E+04,   0.000000E+00
  3.250000E+03,   3.500000E+03,   3.375000E+03,   6.676127E+03,   0.000000E+00
  3.500000E+03,   3.750000E+03,   3.625000E+03,   5.445809E+03,   0.000000E+00
  3.750000E+03,   4.000000E+03,   3.875000E+03,   4.508127E+03,   0.000000E+00
  4.000000E+03,   4.250000E+03,   4.125000E+03,   3.832529E+03,   0.000000E+00
  4.250000E+03,   4.500000E+03,   4.375000E+03,   3.388730E+03,   0.000000E+00
  4.500000E+03,   4.750000E+03,   4.625000E+03,   3.131047E+03,   0.000000E+00
  4.750000E+03,   5.000000E+03,   4.875000E+03,   2.986274E+03,   0.000000E+00
  5.000000E+03,   5.500000E+03,   5.250000E+03,   5.758321E+03,   0.000000E+00
  5.500000E+03,   6.000000E+03,   5.750000E+03,   5.669357E+03,   0.000000E+00
  6.000000E+03,   6.500000E+03,   6.250000E+03,   5.653376E+03,   0.000000E+00
  6.500000E+03,   7.000000E+03,   6.750000E+03,   5.653376E+03,   0.000000E+00
  7.000000E+03,   1.000000E+04,   8.500000E+03,   3.392025E+04,   0.000000E+00
  1.000000E+04,   2.000000E+04,   1.500000E+04,   1.130675E+05,   0.000000E+00
  2.000000E+04,   3.000000E+04,   2.500000E+04,   1.130675E+05,   0.000000E+00
  3.000000E+04,   4.000000E+04,   3.500000E+04,   1.130675E+05,   0.000000E+00
  4.000000E+04,   5.000000E+04,   4.500000E+04,   1.066032E+05,   0.000000E+00
  5.000000E+04,   6.000000E+04,   5.500000E+04,   7.359165E+04,   0.000000E+00
  6.000000E+04,   7.000000E+04,   6.500000E+04,   5.396084E+04,   0.000000E+00
  7.000000E+04,   8.000000E+04,   7.500000E+04,   4.178951E+04,   0.000000E+00
  8.000000E+04,   1.000000E+05,   9.000000E+04,   6.523648E+04,   0.000000E+00
  1.000000E+05,   1.500000E+05,   1.250000E+05,   9.157255E+04,   0.000000E+00
  1.500000E+05,   2.000000E+05,   1.750000E+05,   3.284228E+04,   0.000000E+00
  2.000000E+05,   3.000000E+05,   2.500000E+05,   1.401596E+04,   0.000000E+00
  3.000000E+05,   4.000000E+05,   3.500000E+05,   9.058187E+02,   0.000000E+00
  4.000000E+05,   5.000000E+05,   4.500000E+05,   3.056317E+02,   0.000000E+00
  5.000000E+05,   8.000000E+05,   6.500000E+05,   3.989030E+01,   0.000000E+00
  8.000000E+05,   1.000000E+06,   0.000000E+00,   0.000000E+00,   0.000000E+00
'End of Block'
'*',    13,     3,     4,     0,     5,     5,    46,    -1
'OMNIDIRECTIONAL FLUENCE ANALYSIS'
'MULASSIS ml-v01-19'
'geant4-09-02-ref-00 (19-December-2008)'
'FLU_BDY', 1, 2, ' '
'FLU_PAR, -1, neutron '
'FLU_AMN', 1, 0., 'deg'
'FLU_AMX', 1, 90., 'deg'
'Elo','keV', 1, ' Lower edge of energy    bin '
'Eup','keV', 1, ' Upper edge of energy    bin '
'Emean','keV', 1, ' Mean energy of bin '
'Value','particles/cm2/bin',1,             'Fluence/flux'
'Error','particles/cm2/bin',1,'Error in   fluence/flux'
  0.000000E+00,   4.000000E+01,   2.000000E+01,   3.011143E+05,   0.000000E+00
  4.000000E+01,   1.000000E+02,   7.000000E+01,   4.516715E+05,   0.000000E+00
  1.000000E+02,   2.000000E+02,   1.500000E+02,   7.527859E+05,   0.000000E+00
  2.000000E+02,   3.000000E+02,   2.500000E+02,   7.527859E+05,   0.000000E+00
  3.000000E+02,   4.000000E+02,   3.500000E+02,   7.527859E+05,   0.000000E+00
  4.000000E+02,   5.000000E+02,   4.500000E+02,   7.527859E+05,   0.000000E+00
  5.000000E+02,   6.000000E+02,   5.500000E+02,   7.527859E+05,   0.000000E+00
  6.000000E+02,   7.000000E+02,   6.500000E+02,   7.527859E+05,   0.000000E+00
  7.000000E+02,   8.000000E+02,   7.500000E+02,   7.527859E+05,   0.000000E+00
  8.000000E+02,   1.000000E+03,   9.000000E+02,   1.505572E+06,   0.000000E+00
  1.000000E+03,   1.250000E+03,   1.125000E+03,   1.881965E+06,   0.000000E+00
  1.250000E+03,   1.500000E+03,   1.375000E+03,   1.859339E+06,   0.000000E+00
  1.500000E+03,   1.750000E+03,   1.625000E+03,   1.821543E+06,   0.000000E+00
  1.750000E+03,   2.000000E+03,   1.875000E+03,   1.800476E+06,   0.000000E+00
  2.000000E+03,   2.250000E+03,   2.125000E+03,   1.753348E+06,   0.000000E+00
  2.250000E+03,   2.500000E+03,   2.375000E+03,   1.730315E+06,   0.000000E+00
  2.500000E+03,   2.750000E+03,   2.625000E+03,   1.679994E+06,   0.000000E+00
  2.750000E+03,   3.000000E+03,   2.875000E+03,   1.615322E+06,   0.000000E+00
  3.000000E+03,   3.250000E+03,   3.125000E+03,   1.544815E+06,   0.000000E+00
  3.250000E+03,   3.500000E+03,   3.375000E+03,   1.528418E+06,   0.000000E+00
  3.500000E+03,   3.750000E+03,   3.625000E+03,   1.458979E+06,   0.000000E+00
  3.750000E+03,   4.000000E+03,   3.875000E+03,   1.428823E+06,   0.000000E+00
  4.000000E+03,   4.250000E+03,   4.125000E+03,   1.320461E+06,   0.000000E+00
  4.250000E+03,   4.500000E+03,   4.375000E+03,   1.285064E+06,   0.000000E+00
  4.500000E+03,   4.750000E+03,   4.625000E+03,   1.237556E+06,   0.000000E+00
  4.750000E+03,   5.000000E+03,   4.875000E+03,   1.181786E+06,   0.000000E+00
  5.000000E+03,   5.500000E+03,   5.250000E+03,   2.262896E+06,   0.000000E+00
  5.500000E+03,   6.000000E+03,   5.750000E+03,   2.098079E+06,   0.000000E+00
  6.000000E+03,   6.500000E+03,   6.250000E+03,   1.885061E+06,   0.000000E+00
  6.500000E+03,   7.000000E+03,   6.750000E+03,   1.805068E+06,   0.000000E+00
  7.000000E+03,   1.000000E+04,   8.500000E+03,   8.550696E+06,   0.000000E+00
  1.000000E+04,   2.000000E+04,   1.500000E+04,   1.518250E+07,   0.000000E+00
  2.000000E+04,   3.000000E+04,   2.500000E+04,   7.961105E+06,   0.000000E+00
  3.000000E+04,   4.000000E+04,   3.500000E+04,   5.252986E+06,   0.000000E+00
  4.000000E+04,   5.000000E+04,   4.500000E+04,   3.679136E+06,   0.000000E+00
  5.000000E+04,   6.000000E+04,   5.500000E+04,   2.682372E+06,   0.000000E+00
  6.000000E+04,   7.000000E+04,   6.500000E+04,   1.977106E+06,   0.000000E+00
  7.000000E+04,   8.000000E+04,   7.500000E+04,   1.516341E+06,   0.000000E+00
  8.000000E+04,   1.000000E+05,   9.000000E+04,   2.147102E+06,   0.000000E+00
  1.000000E+05,   1.500000E+05,   1.250000E+05,   2.797632E+06,   0.000000E+00
  1.500000E+05,   2.000000E+05,   1.750000E+05,   1.140727E+06,   0.000000E+00
  2.000000E+05,   3.000000E+05,   2.500000E+05,   5.386971E+05,   0.000000E+00
  3.000000E+05,   4.000000E+05,   3.500000E+05,   1.839021E+04,   0.000000E+00
  4.000000E+05,   5.000000E+05,   4.500000E+05,   6.725235E+03,   0.000000E+00
  5.000000E+05,   8.000000E+05,   6.500000E+05,   3.722268E+02,   0.000000E+00
  8.000000E+05,   1.000000E+06,   0.000000E+00,   0.000000E+00,   0.000000E+00
'End of File'
