'*',    13,     3,     4,     0,     5,     5,    46,     2
'OMNIDIRECTIONAL FLUENCE ANALYSIS'
'MULASSIS ml-v01-19'
'geant4-09-02-ref-00 (19-December-2008)'
'FLU_BDY', 1, 2, ' '
'FLU_PAR, -1, proton  '
'FLU_AMN', 1, 0., 'deg'
'FLU_AMX', 1, 90., 'deg'
'Elo','keV', 1, ' Lower edge of energy    bin '
'Eup','keV', 1, ' Upper edge of energy    bin '
'Emean','keV', 1, ' Mean energy of bin '
'Value','particles/cm2/bin',1,             'Fluence/flux'
'Error','particles/cm2/bin',1,'Error in   fluence/flux'
  0.000000E+00,   4.000000E+01,   2.000000E+01,   5.955653E+04,   0.000000E+00
  4.000000E+01,   1.000000E+02,   7.000000E+01,   8.933479E+04,   0.000000E+00
  1.000000E+02,   2.000000E+02,   1.500000E+02,   1.488913E+05,   0.000000E+00
  2.000000E+02,   3.000000E+02,   2.500000E+02,   1.488913E+05,   0.000000E+00
  3.000000E+02,   4.000000E+02,   3.500000E+02,   1.488913E+05,   0.000000E+00
  4.000000E+02,   5.000000E+02,   4.500000E+02,   1.488913E+05,   0.000000E+00
  5.000000E+02,   6.000000E+02,   5.500000E+02,   1.488913E+05,   0.000000E+00
  6.000000E+02,   7.000000E+02,   6.500000E+02,   1.488913E+05,   0.000000E+00
  7.000000E+02,   8.000000E+02,   7.500000E+02,   1.488913E+05,   0.000000E+00
  8.000000E+02,   1.000000E+03,   9.000000E+02,   2.977826E+05,   0.000000E+00
  1.000000E+03,   1.250000E+03,   1.125000E+03,   3.722283E+05,   0.000000E+00
  1.250000E+03,   1.500000E+03,   1.375000E+03,   4.104337E+05,   0.000000E+00
  1.500000E+03,   1.750000E+03,   1.625000E+03,   4.742535E+05,   0.000000E+00
  1.750000E+03,   2.000000E+03,   1.875000E+03,   4.995093E+05,   0.000000E+00
  2.000000E+03,   2.250000E+03,   2.125000E+03,   5.560069E+05,   0.000000E+00
  2.250000E+03,   2.500000E+03,   2.375000E+03,   5.726798E+05,   0.000000E+00
  2.500000E+03,   2.750000E+03,   2.625000E+03,   6.091057E+05,   0.000000E+00
  2.750000E+03,   3.000000E+03,   2.875000E+03,   6.890695E+05,   0.000000E+00
  3.000000E+03,   3.250000E+03,   3.125000E+03,   7.411920E+05,   0.000000E+00
  3.250000E+03,   3.500000E+03,   3.375000E+03,   7.478983E+05,   0.000000E+00
  3.500000E+03,   3.750000E+03,   3.625000E+03,   7.762983E+05,   0.000000E+00
  3.750000E+03,   4.000000E+03,   3.875000E+03,   8.213066E+05,   0.000000E+00
  4.000000E+03,   4.250000E+03,   4.125000E+03,   8.884058E+05,   0.000000E+00
  4.250000E+03,   4.500000E+03,   4.375000E+03,   9.640770E+05,   0.000000E+00
  4.500000E+03,   4.750000E+03,   4.625000E+03,   9.772505E+05,   0.000000E+00
  4.750000E+03,   5.000000E+03,   4.875000E+03,   1.016007E+06,   0.000000E+00
  5.000000E+03,   5.500000E+03,   5.250000E+03,   2.083772E+06,   0.000000E+00
  5.500000E+03,   6.000000E+03,   5.750000E+03,   2.325787E+06,   0.000000E+00
  6.000000E+03,   6.500000E+03,   6.250000E+03,   2.519535E+06,   0.000000E+00
  6.500000E+03,   7.000000E+03,   6.750000E+03,   2.540892E+06,   0.000000E+00
  7.000000E+03,   1.000000E+04,   8.500000E+03,   1.933413E+07,   0.000000E+00
  1.000000E+04,   2.000000E+04,   1.500000E+04,   1.205842E+08,   0.000000E+00
  2.000000E+04,   3.000000E+04,   2.500000E+04,   1.513977E+08,   0.000000E+00
  3.000000E+04,   4.000000E+04,   3.500000E+04,   1.493495E+08,   0.000000E+00
  4.000000E+04,   5.000000E+04,   4.500000E+04,   1.540234E+08,   0.000000E+00
  5.000000E+04,   6.000000E+04,   5.500000E+04,   1.492542E+08,   0.000000E+00
  6.000000E+04,   7.000000E+04,   6.500000E+04,   1.345743E+08,   0.000000E+00
  7.000000E+04,   8.000000E+04,   7.500000E+04,   1.134987E+08,   0.000000E+00
  8.000000E+04,   1.000000E+05,   9.000000E+04,   1.701720E+08,   0.000000E+00
  1.000000E+05,   1.500000E+05,   1.250000E+05,   2.501551E+08,   0.000000E+00
  1.500000E+05,   2.000000E+05,   1.750000E+05,   1.272282E+08,   0.000000E+00
  2.000000E+05,   3.000000E+05,   2.500000E+05,   1.170525E+08,   0.000000E+00
  3.000000E+05,   4.000000E+05,   3.500000E+05,   1.428188E+07,   0.000000E+00
  4.000000E+05,   5.000000E+05,   4.500000E+05,   2.419225E+06,   0.000000E+00
  5.000000E+05,   8.000000E+05,   6.500000E+05,   7.870145E+05,   0.000000E+00
  8.000000E+05,   1.000000E+06,   0.000000E+00,   0.000000E+00,   0.000000E+00
'End of Block'
'*',    13,     3,     4,     0,     5,     5,    46,     1
'OMNIDIRECTIONAL FLUENCE ANALYSIS'
'MULASSIS ml-v01-19'
'geant4-09-02-ref-00 (19-December-2008)'
'FLU_BDY', 1, 2, ' '
'FLU_PAR, -1, e-      '
'FLU_AMN', 1, 0., 'deg'
'FLU_AMX', 1, 90., 'deg'
'Elo','keV', 1, ' Lower edge of energy    bin '
'Eup','keV', 1, ' Upper edge of energy    bin '
'Emean','keV', 1, ' Mean energy of bin '
'Value','particles/cm2/bin',1,             'Fluence/flux'
'Error','particles/cm2/bin',1,'Error in   fluence/flux'
  0.000000E+00,   4.000000E+01,   2.000000E+01,   3.033470E+08,   0.000000E+00
  4.000000E+01,   1.000000E+02,   7.000000E+01,   2.426764E+08,   0.000000E+00
  1.000000E+02,   2.000000E+02,   1.500000E+02,   3.084310E+08,   0.000000E+00
  2.000000E+02,   3.000000E+02,   2.500000E+02,   3.293970E+08,   0.000000E+00
  3.000000E+02,   4.000000E+02,   3.500000E+02,   3.177897E+08,   0.000000E+00
  4.000000E+02,   5.000000E+02,   4.500000E+02,   3.046452E+08,   0.000000E+00
  5.000000E+02,   6.000000E+02,   5.500000E+02,   2.780202E+08,   0.000000E+00
  6.000000E+02,   7.000000E+02,   6.500000E+02,   2.514467E+08,   0.000000E+00
  7.000000E+02,   8.000000E+02,   7.500000E+02,   2.222483E+08,   0.000000E+00
  8.000000E+02,   1.000000E+03,   9.000000E+02,   3.541034E+08,   0.000000E+00
  1.000000E+03,   1.250000E+03,   1.125000E+03,   2.877935E+08,   0.000000E+00
  1.250000E+03,   1.500000E+03,   1.375000E+03,   1.653376E+08,   0.000000E+00
  1.500000E+03,   1.750000E+03,   1.625000E+03,   7.170034E+07,   0.000000E+00
  1.750000E+03,   2.000000E+03,   1.875000E+03,   1.935082E+07,   0.000000E+00
  2.000000E+03,   2.250000E+03,   2.125000E+03,   4.774139E+06,   0.000000E+00
  2.250000E+03,   2.500000E+03,   2.375000E+03,   1.177878E+06,   0.000000E+00
  2.500000E+03,   2.750000E+03,   2.625000E+03,   5.004847E+05,   0.000000E+00
  2.750000E+03,   3.000000E+03,   2.875000E+03,   3.752685E+05,   0.000000E+00
  3.000000E+03,   3.250000E+03,   3.125000E+03,   3.321209E+05,   0.000000E+00
  3.250000E+03,   3.500000E+03,   3.375000E+03,   2.689868E+05,   0.000000E+00
  3.500000E+03,   3.750000E+03,   3.625000E+03,   1.721530E+05,   0.000000E+00
  3.750000E+03,   4.000000E+03,   3.875000E+03,   1.040322E+05,   0.000000E+00
  4.000000E+03,   4.250000E+03,   4.125000E+03,   5.850209E+04,   0.000000E+00
  4.250000E+03,   4.500000E+03,   4.375000E+03,   3.092674E+04,   0.000000E+00
  4.500000E+03,   4.750000E+03,   4.625000E+03,   1.315548E+04,   0.000000E+00
  4.750000E+03,   5.000000E+03,   4.875000E+03,   5.192644E+03,   0.000000E+00
  5.000000E+03,   5.500000E+03,   5.250000E+03,   6.007548E+03,   0.000000E+00
  5.500000E+03,   6.000000E+03,   5.750000E+03,   5.438612E+03,   0.000000E+00
  6.000000E+03,   6.500000E+03,   6.250000E+03,   5.412393E+03,   0.000000E+00
  6.500000E+03,   7.000000E+03,   6.750000E+03,   5.409618E+03,   0.000000E+00
  7.000000E+03,   1.000000E+04,   8.500000E+03,   3.245771E+04,   0.000000E+00
  1.000000E+04,   2.000000E+04,   1.500000E+04,   1.081924E+05,   0.000000E+00
  2.000000E+04,   3.000000E+04,   2.500000E+04,   1.081924E+05,   0.000000E+00
  3.000000E+04,   4.000000E+04,   3.500000E+04,   1.081924E+05,   0.000000E+00
  4.000000E+04,   5.000000E+04,   4.500000E+04,   1.015527E+05,   0.000000E+00
  5.000000E+04,   6.000000E+04,   5.500000E+04,   6.820097E+04,   0.000000E+00
  6.000000E+04,   7.000000E+04,   6.500000E+04,   4.887005E+04,   0.000000E+00
  7.000000E+04,   8.000000E+04,   7.500000E+04,   3.714636E+04,   0.000000E+00
  8.000000E+04,   1.000000E+05,   9.000000E+04,   5.693597E+04,   0.000000E+00
  1.000000E+05,   1.500000E+05,   1.250000E+05,   7.962537E+04,   0.000000E+00
  1.500000E+05,   2.000000E+05,   1.750000E+05,   2.903423E+04,   0.000000E+00
  2.000000E+05,   3.000000E+05,   2.500000E+05,   1.285326E+04,   0.000000E+00
  3.000000E+05,   4.000000E+05,   3.500000E+05,   7.813193E+02,   0.000000E+00
  4.000000E+05,   5.000000E+05,   4.500000E+05,   3.056317E+02,   0.000000E+00
  5.000000E+05,   8.000000E+05,   6.500000E+05,   3.989030E+01,   0.000000E+00
  8.000000E+05,   1.000000E+06,   0.000000E+00,   0.000000E+00,   0.000000E+00
'End of Block'
'*',    13,     3,     4,     0,     5,     5,    46,    -1
'OMNIDIRECTIONAL FLUENCE ANALYSIS'
'MULASSIS ml-v01-19'
'geant4-09-02-ref-00 (19-December-2008)'
'FLU_BDY', 1, 2, ' '
'FLU_PAR, -1, neutron '
'FLU_AMN', 1, 0., 'deg'
'FLU_AMX', 1, 90., 'deg'
'Elo','keV', 1, ' Lower edge of energy    bin '
'Eup','keV', 1, ' Upper edge of energy    bin '
'Emean','keV', 1, ' Mean energy of bin '
'Value','particles/cm2/bin',1,             'Fluence/flux'
'Error','particles/cm2/bin',1,'Error in   fluence/flux'
  0.000000E+00,   4.000000E+01,   2.000000E+01,   2.844144E+05,   0.000000E+00
  4.000000E+01,   1.000000E+02,   7.000000E+01,   4.266217E+05,   0.000000E+00
  1.000000E+02,   2.000000E+02,   1.500000E+02,   7.110361E+05,   0.000000E+00
  2.000000E+02,   3.000000E+02,   2.500000E+02,   7.110361E+05,   0.000000E+00
  3.000000E+02,   4.000000E+02,   3.500000E+02,   7.110361E+05,   0.000000E+00
  4.000000E+02,   5.000000E+02,   4.500000E+02,   7.110361E+05,   0.000000E+00
  5.000000E+02,   6.000000E+02,   5.500000E+02,   7.110361E+05,   0.000000E+00
  6.000000E+02,   7.000000E+02,   6.500000E+02,   7.110361E+05,   0.000000E+00
  7.000000E+02,   8.000000E+02,   7.500000E+02,   7.110361E+05,   0.000000E+00
  8.000000E+02,   1.000000E+03,   9.000000E+02,   1.422072E+06,   0.000000E+00
  1.000000E+03,   1.250000E+03,   1.125000E+03,   1.777590E+06,   0.000000E+00
  1.250000E+03,   1.500000E+03,   1.375000E+03,   1.754351E+06,   0.000000E+00
  1.500000E+03,   1.750000E+03,   1.625000E+03,   1.715531E+06,   0.000000E+00
  1.750000E+03,   2.000000E+03,   1.875000E+03,   1.694569E+06,   0.000000E+00
  2.000000E+03,   2.250000E+03,   2.125000E+03,   1.647677E+06,   0.000000E+00
  2.250000E+03,   2.500000E+03,   2.375000E+03,   1.624919E+06,   0.000000E+00
  2.500000E+03,   2.750000E+03,   2.625000E+03,   1.575199E+06,   0.000000E+00
  2.750000E+03,   3.000000E+03,   2.875000E+03,   1.510037E+06,   0.000000E+00
  3.000000E+03,   3.250000E+03,   3.125000E+03,   1.440665E+06,   0.000000E+00
  3.250000E+03,   3.500000E+03,   3.375000E+03,   1.424913E+06,   0.000000E+00
  3.500000E+03,   3.750000E+03,   3.625000E+03,   1.358206E+06,   0.000000E+00
  3.750000E+03,   4.000000E+03,   3.875000E+03,   1.328201E+06,   0.000000E+00
  4.000000E+03,   4.250000E+03,   4.125000E+03,   1.224143E+06,   0.000000E+00
  4.250000E+03,   4.500000E+03,   4.375000E+03,   1.187991E+06,   0.000000E+00
  4.500000E+03,   4.750000E+03,   4.625000E+03,   1.143162E+06,   0.000000E+00
  4.750000E+03,   5.000000E+03,   4.875000E+03,   1.089466E+06,   0.000000E+00
  5.000000E+03,   5.500000E+03,   5.250000E+03,   2.083084E+06,   0.000000E+00
  5.500000E+03,   6.000000E+03,   5.750000E+03,   1.925292E+06,   0.000000E+00
  6.000000E+03,   6.500000E+03,   6.250000E+03,   1.732119E+06,   0.000000E+00
  6.500000E+03,   7.000000E+03,   6.750000E+03,   1.662764E+06,   0.000000E+00
  7.000000E+03,   1.000000E+04,   8.500000E+03,   7.866722E+06,   0.000000E+00
  1.000000E+04,   2.000000E+04,   1.500000E+04,   1.396686E+07,   0.000000E+00
  2.000000E+04,   3.000000E+04,   2.500000E+04,   7.279838E+06,   0.000000E+00
  3.000000E+04,   4.000000E+04,   3.500000E+04,   4.768793E+06,   0.000000E+00
  4.000000E+04,   5.000000E+04,   4.500000E+04,   3.306858E+06,   0.000000E+00
  5.000000E+04,   6.000000E+04,   5.500000E+04,   2.386215E+06,   0.000000E+00
  6.000000E+04,   7.000000E+04,   6.500000E+04,   1.741507E+06,   0.000000E+00
  7.000000E+04,   8.000000E+04,   7.500000E+04,   1.325811E+06,   0.000000E+00
  8.000000E+04,   1.000000E+05,   9.000000E+04,   1.874313E+06,   0.000000E+00
  1.000000E+05,   1.500000E+05,   1.250000E+05,   2.469612E+06,   0.000000E+00
  1.500000E+05,   2.000000E+05,   1.750000E+05,   1.022305E+06,   0.000000E+00
  2.000000E+05,   3.000000E+05,   2.500000E+05,   5.048465E+05,   0.000000E+00
  3.000000E+05,   4.000000E+05,   3.500000E+05,   1.470081E+04,   0.000000E+00
  4.000000E+05,   5.000000E+05,   4.500000E+05,   6.725235E+03,   0.000000E+00
  5.000000E+05,   8.000000E+05,   6.500000E+05,   3.722268E+02,   0.000000E+00
  8.000000E+05,   1.000000E+06,   0.000000E+00,   0.000000E+00,   0.000000E+00
'End of File'
