0.0 0.0
0.4 0.0
0.44 0.0
0.48 0.0
0.56 0.0
0.64 0.0
0.72 0.0
0.8 0.0
0.88 0.0
1.0 0.0
1.12 0.0
1.28 0.0
1.4 0.0
1.6 0.0
1.8 0.0
2.0 0.0
2.2 0.0
2.52 0.0
2.84 0.0
3.2 0.0
3.6 0.0
4.0 0.0
4.4 0.0
4.8 0.0
5.6 0.0
6.4 0.00013560538841866403
7.2 0.0
8.0 0.0
8.8 0.0
10.0 0.0
11.2 0.0
12.8 0.0
14.0 0.0
16.0 0.0
18.0 5.4242155367465604e-05
20.0 0.0
22.0 6.780269420933201e-05
25.2 3.390134710466601e-05
28.4 0.0
32.0 0.0
36.0 8.13632330511984e-05
40.0 0.0
44.0 0.0
48.0 6.7802694209332e-05
56.0 4.06816165255992e-05
64.0 6.7802694209332e-05
72.0 4.06816165255992e-05
80.0 6.7802694209332e-05
88.0 9.944395150702027e-05
100.0 4.520179613955467e-05
112.0 8.13632330511984e-05
128.0 5.4242155367465604e-05
140.0 3.254529322047936e-05
160.0 2.1696862146986242e-05
180.0 2.1696862146986242e-05
200.0 2.71210776837328e-05
220.0 2.03408082627996e-05
252.0 1.3560538841866401e-05
284.0 1.8080718455821867e-05
320.0 1.35605388418664e-05
360.0 5.4242155367465606e-06
400.0 5.4242155367465606e-06
440.0 2.7121077683732803e-06
480.0 2.7121077683732803e-06
560.0 0.0
640.0 0.0
720.0 0.0
800.0 0.0
880.0 0.0
1000.0 0.0
1120.0 0.0
1280.0 0.0
1400.0 0.0
1600.0 0.0
