0.0 0.000813632330511984
0.4 0.0
0.44 0.0
0.48 0.001356053884186639
0.56 0.0013560538841866409
0.64 0.0
0.72 0.0
0.8 0.0
0.88 0.00271210776837328
1.0 0.002712107768373278
1.12 0.002034080826279961
1.28 0.0027121077683732826
1.4 0.0
1.6 0.004339372429397249
1.8 0.0010848431073493122
2.0 0.0016272646610239667
2.2 0.0023730942973266213
2.52 0.0016950673552333009
2.84 0.002109417153179216
3.2 0.002983318545210609
3.6 0.002440896991535953
4.0 0.0024408969915359503
4.4 0.002169686214698627
4.8 0.002847713156791945
5.6 0.0042037670409785805
6.4 0.004203767040978586
7.2 0.00501739937149057
8.0 0.0047461885946532365
8.8 0.004972197575351017
10.0 0.004610583206234579
11.2 0.005424215536746555
12.8 0.006509058644095876
14.0 0.006942995887035597
16.0 0.007485417440710253
18.0 0.008624502703427031
20.0 0.008895713480264359
22.0 0.009085561024050491
25.2 0.008644843511689832
28.4 0.007654170812964587
32.0 0.009275408567836619
36.0 0.009058439946366756
40.0 0.008461776237324635
44.0 0.0072955698969241235
48.0 0.007797309834073181
56.0 0.007268448819240391
64.0 0.00576322900779322
72.0 0.0051936863764348315
80.0 0.004095282730243653
88.0 0.003561901535796908
100.0 0.0032274082443642035
112.0 0.0019798386709124947
128.0 0.0016001435833402353
140.0 0.001258418004525202
160.0 0.0007539659596077719
180.0 0.0007376933129975322
200.0 0.0004610583206234576
220.0 0.00026782064212686144
252.0 0.000152556061970997
284.0 8.437668612716872e-05
320.0 4.068161652559921e-05
360.0 2.9833185452106082e-05
400.0 1.8984754378612962e-05
440.0 1.627264661023968e-05
480.0 6.7802694209332e-06
560.0 2.7121077683732803e-06
640.0 0.0
720.0 0.0
800.0 0.0
880.0 0.0
1000.0 0.0
1120.0 0.0
1280.0 0.0
1400.0 0.0
1600.0 0.0
