0.0 0.0
0.4 0.0
0.44 0.0
0.48 0.0
0.56 0.0
0.64 0.0
0.72 0.0
0.8 0.0
0.88 0.0
1.0 0.0
1.12 0.0
1.28 0.0
1.4 0.0
1.6 0.0
1.8 0.0
2.0 0.0
2.2 0.0
2.52 0.0
2.84 0.0003030455355654443
3.2 0.0
3.6 0.0002727409820089002
4.0 0.0
4.4 0.0002727409820089005
4.8 0.0002727409820089002
5.6 0.00013637049100444993
6.4 0.0
7.2 0.0001363704910044501
8.0 0.0
8.8 9.091366066963342e-05
10.0 0.00018182732133926685
11.2 0.00034092622751112487
12.8 0.0002727409820089003
14.0 0.00016364458920534007
16.0 0.0004909337676160203
18.0 0.00010909639280356005
20.0 0.00016364458920534007
22.0 0.0001363704910044501
25.2 0.00037501885026223775
28.4 0.0004545683033481667
32.0 0.00024546688380801013
36.0 0.0003818373748124602
40.0 0.0004909337676160203
44.0 0.0004909337676160203
48.0 0.00032728917841068014
56.0 0.0006409413077209153
64.0 0.0005045708167164653
72.0 0.0005182078658169103
80.0 0.0005727560622186903
88.0 0.0005000251336829836
100.0 0.0003181978123437168
112.0 0.00032047065386045764
128.0 0.00030001508020979014
140.0 0.0002181927856071201
160.0 0.00034910845697139214
180.0 0.00013091567136427207
200.0 0.00017455422848569607
220.0 7.500377005244753e-05
252.0 6.477598322711378e-05
284.0 3.3335008912198906e-05
320.0 1.909186874062301e-05
360.0 1.909186874062301e-05
400.0 2.181927856071201e-05
440.0 5.454819640178002e-06
480.0 5.454819640178002e-06
560.0 4.091114730133502e-06
640.0 1.3637049100445006e-06
720.0 0.0
800.0 0.0
880.0 0.0
1000.0 0.0
1120.0 0.0
1280.0 0.0
1400.0 0.0
1600.0 0.0
