0.0 0.0016364458920534006
0.4 0.0
0.44 0.0
0.48 0.0013637049100444995
0.56 0.0
0.64 0.0013637049100445012
0.72 0.004091114730133498
0.8 0.0027274098200890024
0.88 0.0018182732133926675
1.0 0.000909136606696333
1.12 0.0013637049100445012
1.28 0.0018182732133926692
1.4 0.0010909639280355995
1.6 0.003818373748124603
1.8 0.0010909639280356008
2.0 0.0010909639280355995
2.2 0.0017046311375556267
2.52 0.0017046311375556267
2.84 0.0045456830334816645
3.2 0.0010909639280356008
3.6 0.003000150802097902
4.0 0.004091114730133499
4.4 0.0024546688380801046
4.8 0.003136521293102352
5.6 0.004091114730133499
6.4 0.003954744239129053
7.2 0.005045708167164654
8.0 0.005318449149173548
8.8 0.005909387943526173
10.0 0.005182078658169106
11.2 0.005250263903671323
12.8 0.0048184240154905715
14.0 0.006163946193401143
16.0 0.007527651103445643
18.0 0.009273193388302604
20.0 0.009109548799097264
22.0 0.009409563879307057
25.2 0.009205008142800382
28.4 0.007606442942692656
32.0 0.008836807817088364
36.0 0.008645889129682133
40.0 0.008400422245874124
44.0 0.006573057666414493
48.0 0.007636747496249203
56.0 0.007295821268738079
64.0 0.005495730787479338
72.0 0.005673012425785122
80.0 0.0036001809625174816
88.0 0.003772916917789785
100.0 0.0031819781234371683
112.0 0.0019500980213636358
128.0 0.0014273444725132441
140.0 0.0011346024851570245
160.0 0.0008564066835079464
180.0 0.0005072982265365543
200.0 0.00029456026056961214
220.0 0.00030683360476001264
252.0 0.00016364458920534007
284.0 7.879183924701559e-05
320.0 4.091114730133502e-05
360.0 2.181927856071201e-05
400.0 2.181927856071201e-05
440.0 1.909186874062301e-05
480.0 5.454819640178002e-06
560.0 4.091114730133502e-06
640.0 1.3637049100445006e-06
720.0 1.3637049100445006e-06
800.0 0.0
880.0 0.0
1000.0 0.0
1120.0 0.0
1280.0 0.0
1400.0 0.0
1600.0 0.0
