0.0 0.0
0.4 0.0
0.44 0.0
0.48 0.0
0.56 0.0
0.64 0.0
0.72 0.0
0.8 0.0
0.88 0.0009040359227910934
1.0 0.0
1.12 0.0
1.28 0.0
1.4 0.0
1.6 0.0
1.8 0.0
2.0 0.0
2.2 0.0003390134710466602
2.52 0.0
2.84 0.0
3.2 0.00027121077683732805
3.6 0.0
4.0 0.0002712107768373278
4.4 0.0
4.8 0.0
5.6 0.0001356053884186639
6.4 0.00013560538841866403
7.2 0.0005424215536746561
8.0 0.0
8.8 0.00018080718455821878
10.0 9.040359227910939e-05
11.2 0.00020340808262799584
12.8 0.00027121077683732816
14.0 0.00021696862146986242
16.0 0.00021696862146986242
18.0 0.0
20.0 0.0001627264661023968
22.0 0.00027121077683732805
25.2 0.0003729148181513261
28.4 0.0004821524921552496
32.0 0.00035257400988852644
36.0 0.0006237847867258544
40.0 0.00043393724293972483
44.0 0.0003254529322047936
48.0 0.0005288610148327897
56.0 0.0005831031702002552
64.0 0.0005966637090421217
72.0 0.00040681616525599205
80.0 0.00035257400988852644
88.0 0.0005333811944467451
100.0 0.00043393724293972483
112.0 0.0005288610148327897
128.0 0.000406816165255992
140.0 0.00035257400988852644
160.0 0.0002169686214698624
180.0 0.00018442332824938304
200.0 0.0001247569573451709
220.0 0.00013221525370819742
252.0 4.74618859465324e-05
284.0 3.6161436911643734e-05
320.0 2.71210776837328e-05
360.0 1.627264661023968e-05
400.0 1.8984754378612962e-05
440.0 5.4242155367465606e-06
480.0 4.06816165255992e-06
560.0 0.0
640.0 0.0
720.0 0.0
800.0 0.0
880.0 0.0
1000.0 0.0
1120.0 0.0
1280.0 0.0
1400.0 0.0
1600.0 0.0
