0.0 0.00027274098200890013
0.4 0.0
0.44 0.0
0.48 0.0
0.56 0.0
0.64 0.0
0.72 0.0
0.8 0.0
0.88 0.0009091366066963337
1.0 0.0
1.12 0.0013637049100445012
1.28 0.0
1.4 0.0005454819640177997
1.6 0.0
1.8 0.0005454819640178004
2.0 0.0
2.2 0.0006818524550222506
2.52 0.0003409262275111253
2.84 0.0006060910711308886
3.2 0.001363704910044501
3.6 0.001636445892053401
4.0 0.0010909639280355995
4.4 0.001090963928035602
4.8 0.0008182229460267005
5.6 0.0008182229460266996
6.4 0.0010909639280356008
7.2 0.0009545934370311507
8.0 0.0020455573650667493
8.8 0.0010909639280356012
10.0 0.001636445892053402
11.2 0.0011591491735378245
12.8 0.0017273595527230352
14.0 0.0016364458920534008
16.0 0.0018000904812587408
18.0 0.002018283266865861
20.0 0.002291024248874761
22.0 0.0016023532693022885
25.2 0.0011932417962889383
28.4 0.001424314017157589
32.0 0.0018819127758614108
36.0 0.0018819127758614108
40.0 0.002481942936280991
44.0 0.002454668838080101
48.0 0.002372846543477431
56.0 0.0019364609722631908
64.0 0.002386483592577876
72.0 0.002209201954272091
80.0 0.0014591642537476158
88.0 0.0014364358385802075
100.0 0.0012364257851070139
112.0 0.0008795896669787029
128.0 0.0010182329994998939
140.0 0.0007036717335829623
160.0 0.0004582048497749522
180.0 0.00024546688380801013
200.0 0.0003927470140928162
220.0 0.0001841001628560076
252.0 8.523155687778129e-05
284.0 6.363956246874337e-05
320.0 3.545632766115702e-05
360.0 1.636445892053401e-05
400.0 1.636445892053401e-05
440.0 2.181927856071201e-05
480.0 4.091114730133502e-06
560.0 4.091114730133502e-06
640.0 1.3637049100445006e-06
720.0 1.3637049100445006e-06
800.0 0.0
880.0 0.0
1000.0 0.0
1120.0 0.0
1280.0 0.0
1400.0 0.0
1600.0 0.0
