0.0 0.0
0.4 0.0
0.44 0.0
0.48 0.0
0.56 0.0
0.64 0.0
0.72 0.0
0.8 0.0
0.88 0.0
1.0 0.0
1.12 0.0
1.28 0.0
1.4 0.0
1.6 0.0
1.8 0.0
2.0 0.0
2.2 0.0
2.52 0.0
2.84 0.0
3.2 0.0
3.6 0.0
4.0 0.0
4.4 0.0
4.8 0.0
5.6 0.0
6.4 0.0
7.2 0.0
8.0 0.0
8.8 0.0
10.0 0.0
11.2 0.0
12.8 9.091366066963342e-05
14.0 0.0
16.0 0.0
18.0 5.4548196401780026e-05
20.0 0.0
22.0 0.0
25.2 3.4092622751112524e-05
28.4 3.0304553556544447e-05
32.0 8.182229460267004e-05
36.0 0.0
40.0 2.7274098200890013e-05
44.0 0.00013637049100445007
48.0 0.0
56.0 5.4548196401780026e-05
64.0 9.545934370311505e-05
72.0 2.7274098200890013e-05
80.0 4.091114730133502e-05
88.0 6.363956246874337e-05
100.0 2.7274098200890013e-05
112.0 3.409262275111252e-05
128.0 3.636546426785335e-05
140.0 7.636747496249203e-05
160.0 1.636445892053401e-05
180.0 2.7274098200890013e-05
200.0 2.181927856071201e-05
220.0 1.3637049100445006e-05
252.0 1.0227786825333754e-05
284.0 1.8182732133926675e-05
320.0 8.182229460267004e-06
360.0 1.636445892053401e-05
400.0 5.454819640178002e-06
440.0 2.727409820089001e-06
480.0 4.091114730133502e-06
560.0 1.3637049100445006e-06
640.0 1.3637049100445006e-06
720.0 0.0
800.0 0.0
880.0 0.0
1000.0 0.0
1120.0 0.0
1280.0 0.0
1400.0 0.0
1600.0 0.0
