0.0 0.021968072923823568
0.4 0.029833185452106097
0.44 0.03525740098885266
0.48 0.0244089699153595
0.56 0.032545293220479374
0.64 0.027121077683732814
0.72 0.043393724293972445
0.8 0.024408969915359534
0.88 0.03435336506606155
1.0 0.040681616525599165
1.12 0.032545293220479374
1.28 0.030737221374897202
1.4 0.03959677341824986
1.6 0.030918028559455402
1.8 0.04664825361602043
2.0 0.04122403807927382
2.2 0.04949596677281239
2.52 0.04305471082292584
2.84 0.05153004759909228
3.2 0.04691946439285776
3.6 0.05559820925165225
4.0 0.05803910624318814
4.4 0.06427695411044683
4.8 0.0637345325567721
5.6 0.07200646125031053
6.4 0.07037919658928664
7.2 0.0829904977122224
8.0 0.0931609018436221
8.8 0.08859552043352721
10.0 0.08271928693538509
11.2 0.08454995967903695
12.8 0.09338691082432
14.0 0.10083616682811855
16.0 0.09931738647782952
18.0 0.09362196016424564
20.0 0.09606285715578158
22.0 0.0934660139675642
25.2 0.08421094620799036
28.4 0.0748240398763428
32.0 0.06389725902287448
36.0 0.052804738250227766
40.0 0.05592366218385704
44.0 0.043230997827870085
48.0 0.03813223522332832
56.0 0.02655153505237441
64.0 0.022252844239502766
72.0 0.016516736309393276
80.0 0.011770547714740036
88.0 0.009329650723204084
100.0 0.006328251459537654
112.0 0.004285130274029783
128.0 0.003109883574401361
140.0 0.0019201723000082823
160.0 0.0013235085909661607
180.0 0.0008190565460487306
200.0 0.0006888753731668131
220.0 0.0003966457611245922
252.0 0.0001898475437861296
284.0 0.00012355157611478276
320.0 5.153004759909232e-05
360.0 2.9833185452106082e-05
400.0 1.627264661023968e-05
440.0 1.8984754378612962e-05
480.0 6.7802694209332e-06
560.0 2.7121077683732803e-06
640.0 0.0
720.0 0.0
800.0 0.0
880.0 0.0
1000.0 0.0
1120.0 0.0
1280.0 0.0
1400.0 0.0
1600.0 0.0
