0.0 0.0
0.4 0.0
0.44 0.0
0.48 0.001356053884186639
0.56 0.0
0.64 0.0
0.72 0.001356053884186639
0.8 0.0
0.88 0.0009040359227910934
1.0 0.0009040359227910926
1.12 0.0
1.28 0.0
1.4 0.0005424215536746556
1.6 0.0005424215536746561
1.8 0.0005424215536746561
2.0 0.0005424215536746556
2.2 0.0010170404131399804
2.52 0.0010170404131399804
2.84 0.0006026906151940617
3.2 0.0005424215536746561
3.6 0.0008136323305119842
4.0 0.0005424215536746556
4.4 0.0002712107768373284
4.8 0.0005424215536746561
5.6 0.0008136323305119833
6.4 0.0017628700494426326
7.2 0.0005424215536746561
8.0 0.0009492377189306472
8.8 0.001356053884186641
10.0 0.0014464574764657503
11.2 0.0016272646610239667
12.8 0.0005424215536746563
14.0 0.0022781705254335555
16.0 0.0017899911271263649
18.0 0.0016815068163914338
20.0 0.0017357489717588993
22.0 0.0013899552312913064
25.2 0.0016611660081286344
28.4 0.0017176682533030768
32.0 0.002061201903963693
36.0 0.0017899911271263649
40.0 0.002332412680801021
44.0 0.0015459014279727698
48.0 0.0024137759138522195
56.0 0.0023188521419591547
64.0 0.002468018069219685
72.0 0.002264609986591689
80.0 0.0013831749618703729
88.0 0.0015368610687448586
100.0 0.0013018117288191744
112.0 0.0010780628379283789
128.0 0.0009130762820190043
140.0 0.0006726027265565735
160.0 0.0006780269420933201
180.0 0.00041766459632948513
200.0 0.000271210776837328
220.0 0.0001728968702337966
252.0 0.00014238565783959722
284.0 4.821524921552498e-05
320.0 4.3393724293972484e-05
360.0 1.627264661023968e-05
400.0 2.1696862146986242e-05
440.0 1.35605388418664e-05
480.0 5.4242155367465606e-06
560.0 2.7121077683732803e-06
640.0 0.0
720.0 0.0
800.0 0.0
880.0 0.0
1000.0 0.0
1120.0 0.0
1280.0 0.0
1400.0 0.0
1600.0 0.0
