0.0 0.02100105561468531
0.4 0.027274098200890027
0.44 0.01909186874062302
0.48 0.028637803110934487
0.56 0.03136521293102353
0.64 0.02318298347075652
0.72 0.035456327661156986
0.8 0.025910393290845525
0.88 0.033638054447764354
1.0 0.030001508020978986
1.12 0.037501885026223786
1.28 0.03272891784106805
1.4 0.04036566533731718
1.6 0.033819881769103624
1.8 0.03218343587705022
2.0 0.039820183373299387
2.2 0.03954744239129054
2.52 0.04125207352884617
2.84 0.05212383211725642
3.2 0.05591190131182454
3.6 0.051820786581691036
4.0 0.060275757023966876
4.4 0.06273042586204712
4.8 0.06873072746624284
5.6 0.07404917661541632
6.4 0.07827666183655435
7.2 0.09123185848197711
8.0 0.09123185848197701
8.8 0.08636797763615175
10.0 0.08127681263865229
11.2 0.08577703884179902
12.8 0.0924591929010172
14.0 0.10222332005693577
16.0 0.10636898298347106
18.0 0.0947502171498919
20.0 0.09802310893399871
22.0 0.09562980681687064
25.2 0.0871066511290925
28.4 0.07957975763948573
32.0 0.06960349860867131
36.0 0.05152077150148123
40.0 0.05427545541977113
44.0 0.04347491253221868
48.0 0.03840193026685314
56.0 0.026837712629675773
64.0 0.022923879537848055
72.0 0.015996258594821993
80.0 0.01114146911506357
88.0 0.009336832950771349
100.0 0.006263951220137739
112.0 0.0043434001384917344
128.0 0.003091064462767535
140.0 0.0018600934973006986
160.0 0.0012327892386802286
180.0 0.0008236777656668784
200.0 0.0004800241283356642
220.0 0.00039206516163779395
252.0 0.00016705385148045132
284.0 0.00011212684815921451
320.0 4.636596694151302e-05
360.0 2.4546688380801013e-05
400.0 2.181927856071201e-05
440.0 2.181927856071201e-05
480.0 6.818524550222503e-06
560.0 4.091114730133502e-06
640.0 1.3637049100445006e-06
720.0 1.3637049100445006e-06
800.0 0.0
880.0 0.0
1000.0 0.0
1120.0 0.0
1280.0 0.0
1400.0 0.0
1600.0 0.0
