0.0 0.0
0.4 0.0
0.44 0.0
0.48 0.0
0.56 0.0
0.64 0.0
0.72 0.0
0.8 0.0
0.88 0.0
1.0 0.0
1.12 0.0
1.28 0.0
1.4 0.00011100679595950966
1.6 0.0
1.8 0.0
2.0 0.0
2.2 0.0
2.52 0.0
2.84 0.0
3.2 0.0
3.6 0.0
4.0 0.0
4.4 0.0
4.8 2.775169898987745e-05
5.6 2.7751698989877415e-05
6.4 5.55033979797549e-05
7.2 5.55033979797549e-05
8.0 2.7751698989877415e-05
8.8 3.700226531983661e-05
10.0 1.8501132659918306e-05
11.2 6.937924747469354e-05
12.8 0.0
14.0 7.770475717165683e-05
16.0 3.330203878785293e-05
18.0 6.660407757570586e-05
20.0 5.5503397979754885e-05
22.0 4.856547323228553e-05
25.2 0.00010406887121204044
28.4 8.017157485964592e-05
32.0 7.215441737368135e-05
36.0 0.00012210747555546075
40.0 0.00012210747555546075
44.0 0.00011655713575748525
48.0 0.00010823162606052203
56.0 0.0001387584949493872
64.0 0.0001332081551514117
72.0 6.105373777773037e-05
80.0 8.880543676760781e-05
88.0 9.43557765655833e-05
100.0 8.14049837036405e-05
112.0 9.019302171710169e-05
128.0 6.290385104372219e-05
140.0 3.663224266663822e-05
160.0 4.3292650424208814e-05
180.0 3.663224266663822e-05
200.0 3.774231062623332e-05
220.0 2.0119981767661144e-05
252.0 1.1794472070697912e-05
284.0 8.017157485964595e-06
320.0 6.105373777773037e-06
360.0 3.330203878785293e-06
400.0 3.885237858582842e-06
440.0 5.550339797975489e-07
480.0 5.550339797975489e-07
560.0 2.7751698989877443e-07
640.0 0.0
720.0 0.0
800.0 0.0
880.0 0.0
1000.0 0.0
1120.0 0.0
1280.0 0.0
1400.0 0.0
1600.0 0.0
