0.0 5.853058828645832e-05
0.4 0.0
0.44 0.0
0.48 0.00029265294143229135
0.56 0.0
0.64 0.0
0.72 0.0
0.8 0.0
0.88 0.0
1.0 0.0001951019609548609
1.12 0.0
1.28 0.00019510196095486127
1.4 0.0
1.6 0.0
1.8 0.00011706117657291667
2.0 0.0
2.2 0.0
2.52 0.00014632647071614587
2.84 6.503398698495363e-05
3.2 0.000175591764859375
3.6 0.000175591764859375
4.0 5.853058828645827e-05
4.4 0.0001755917648593752
4.8 0.000175591764859375
5.6 0.00029265294143229135
6.4 0.000175591764859375
7.2 0.00014632647071614584
8.0 0.00011706117657291654
8.8 0.0003121631375277779
10.0 0.0002146121570503473
11.2 0.0002633876472890622
12.8 0.00017559176485937506
14.0 0.0003394774120614583
16.0 0.0004448324709770832
18.0 0.0004682447062916666
20.0 0.0003511835297187499
22.0 0.0002926529414322917
25.2 0.0003219182355755208
28.4 0.0004032107193067127
32.0 0.00042727329449114576
36.0 0.00047995082394895825
40.0 0.000556040588721354
44.0 0.0005150691769208332
48.0 0.0005853058828645832
56.0 0.0005092161180921874
64.0 0.00046239164746302074
72.0 0.00044775900039140614
80.0 0.00029850600026093746
88.0 0.0002887509022131944
100.0 0.00029460396104184024
112.0 0.0002297325590243489
128.0 0.0001814448236880208
140.0 0.00014866769424760413
160.0 9.481955302406249e-05
180.0 5.970120005218749e-05
200.0 6.438364711510415e-05
220.0 4.0971411800520825e-05
252.0 2.194897060742187e-05
284.0 1.7559176485937497e-05
320.0 1.3462035305885413e-05
360.0 7.0236705943749985e-06
400.0 6.438364711510415e-06
440.0 1.1706117657291665e-06
480.0 2.048570590026041e-06
560.0 5.853058828645832e-07
640.0 0.0
720.0 0.0
800.0 0.0
880.0 0.0
1000.0 0.0
1120.0 0.0
1280.0 0.0
1400.0 0.0
1600.0 0.0
