0.0 0.0
0.4 0.0
0.44 0.0
0.48 1.4823488759195825e-06
0.56 0.0
0.64 0.0
0.72 0.0
0.8 0.0
0.88 0.0
1.0 0.0
1.12 0.0
1.28 0.0
1.4 0.0
1.6 0.0
1.8 0.0
2.0 5.929395503678329e-07
2.2 0.0
2.52 0.0
2.84 0.0
3.2 0.0
3.6 0.0
4.0 0.0
4.4 2.9646977518391715e-07
4.8 0.0
5.6 1.4823488759195823e-07
6.4 0.0
7.2 4.447046627758752e-07
8.0 2.9646977518391646e-07
8.8 2.964697751839169e-07
10.0 2.964697751839169e-07
11.2 2.2235233138793735e-07
12.8 1.9764651678927794e-07
14.0 4.743516402942668e-07
16.0 4.1505768525748344e-07
18.0 4.743516402942668e-07
20.0 7.708214154781835e-07
22.0 8.523506036537608e-07
25.2 7.041157160618024e-07
28.4 1.1529380146041203e-06
32.0 8.301153705149669e-07
36.0 1.0376442131437087e-06
40.0 6.818804829230085e-07
44.0 1.2155260782540586e-06
48.0 1.348937477086821e-06
56.0 1.3192904995684296e-06
64.0 1.6602307410299337e-06
72.0 1.9567005162138504e-06
80.0 2.2531702913977673e-06
88.0 2.1444647071636645e-06
100.0 2.5792870441000757e-06
112.0 2.831286353006405e-06
128.0 2.53975774074222e-06
140.0 2.389546387982369e-06
160.0 2.460699134026509e-06
180.0 1.9744887027248855e-06
200.0 1.968559307221207e-06
220.0 1.356349221466419e-06
252.0 1.1154675291294868e-06
284.0 8.301153705149669e-07
320.0 6.077630391270293e-07
360.0 4.0912828975380506e-07
400.0 4.031988942501268e-07
440.0 1.9270535386954588e-07
480.0 1.274820033290842e-07
560.0 7.41174437959792e-08
640.0 4.59528151535071e-08
720.0 2.075288426287417e-08
800.0 2.075288426287417e-08
880.0 1.976465167892778e-09
1000.0 9.88232583946389e-10
1120.0 7.411744379597919e-10
1280.0 0.0
1400.0 0.0
1600.0 0.0
