0.0 0.0
0.4 0.0
0.44 0.0
0.48 0.0
0.56 0.0
0.64 1.4823488759195844e-06
0.72 0.0
0.8 1.4823488759195844e-06
0.88 0.0
1.0 1.9764651678927765e-06
1.12 7.411744379597922e-07
1.28 1.9764651678927804e-06
1.4 0.0
1.6 0.0
1.8 0.0
2.0 1.1858791007356658e-06
2.2 0.0
2.52 1.4823488759195844e-06
2.84 1.317643445261851e-06
3.2 1.1858791007356673e-06
3.6 8.894093255517504e-07
4.0 2.9646977518391646e-07
4.4 8.894093255517514e-07
4.8 1.482348875919584e-06
5.6 5.929395503678329e-07
6.4 1.482348875919584e-06
7.2 1.482348875919584e-06
8.0 8.894093255517494e-07
8.8 2.1741116846820573e-06
10.0 1.7788186511035013e-06
11.2 1.4823488759195823e-06
12.8 8.894093255517507e-07
14.0 2.0752884262874173e-06
16.0 1.9567005162138504e-06
18.0 2.2531702913977673e-06
20.0 1.363760965846017e-06
22.0 1.9270535386954593e-06
25.2 1.667642485409532e-06
28.4 1.7129364788404072e-06
32.0 1.8677595836586754e-06
36.0 2.1345823813242004e-06
40.0 2.7868158867288176e-06
44.0 2.697874954173642e-06
48.0 2.7719923979696216e-06
56.0 2.3272877351937463e-06
64.0 2.4755226227857048e-06
72.0 2.4903461115449007e-06
80.0 1.7639951623443047e-06
88.0 1.8677595836586754e-06
100.0 1.9369358645349226e-06
112.0 2.482934367165303e-06
128.0 2.9152861226418482e-06
140.0 3.391614228104008e-06
160.0 3.7355191673173513e-06
180.0 3.0002741248612373e-06
200.0 2.8935450057950277e-06
220.0 2.282817268916159e-06
252.0 1.5638780640951608e-06
284.0 1.070585299275255e-06
320.0 8.805152322962328e-07
360.0 5.84045457112316e-07
400.0 3.9726949874644846e-07
440.0 3.201873571986301e-07
480.0 1.6157602747523462e-07
560.0 9.783502581069252e-08
640.0 4.298811740166793e-08
720.0 2.6682279766552505e-08
800.0 2.2235233138793755e-08
880.0 1.976465167892778e-09
1000.0 1.976465167892778e-09
1120.0 7.411744379597919e-10
1280.0 0.0
1400.0 0.0
1600.0 0.0
