0.0 0.00040971411800520824
0.4 0.0005853058828645835
0.44 0.0
0.48 0.0014632647071614567
0.56 0.0005853058828645835
0.64 0.0008779588242968753
0.72 0.00029265294143229135
0.8 0.0
0.88 0.00039020392190972216
1.0 0.0001951019609548609
1.12 0.00029265294143229173
1.28 0.0
1.4 0.00046824470629166614
1.6 0.00035118352971875
1.8 0.0004682447062916667
2.0 0.0008194282360104158
2.2 0.0006584691182226565
2.52 0.0005853058828645835
2.84 0.00045523790889467544
3.2 0.00011706117657291667
3.6 0.000526775294578125
4.0 0.0006438364711510409
4.4 0.0008194282360104176
4.8 0.0009657547067265626
5.6 0.0009364894125833323
6.4 0.0006145711770078125
7.2 0.0009950200008697918
8.0 0.0010535505891562488
8.8 0.0011120811774427088
10.0 0.0012096321579201394
11.2 0.001112081177442707
12.8 0.00130718313839757
14.0 0.001428146354189583
16.0 0.0017676237662510414
18.0 0.0016856809426499997
20.0 0.001849566589852083
22.0 0.0019607747075963545
25.2 0.0019388257369889325
28.4 0.0017168972564027768
32.0 0.0020719828253406244
36.0 0.0019022441193098955
40.0 0.001919803295795833
44.0 0.0015803258837343748
48.0 0.0015832524131486976
56.0 0.0015013095895476559
64.0 0.0011618321774861976
72.0 0.001085742412713802
80.0 0.0009160037066830727
88.0 0.0008818608635159721
100.0 0.0006379834123223957
112.0 0.00041703044154101554
128.0 0.00033752639245190967
140.0 0.00025168152963177075
160.0 0.0001779329883908333
180.0 0.00010301383538416664
200.0 6.672487064656249e-05
220.0 5.56040588721354e-05
252.0 3.3655088264713533e-05
284.0 2.146121570503472e-05
320.0 1.287672942302083e-05
360.0 1.287672942302083e-05
400.0 5.267752945781249e-06
440.0 1.7559176485937496e-06
480.0 2.6338764728906243e-06
560.0 5.853058828645832e-07
640.0 0.0
720.0 0.0
800.0 0.0
880.0 0.0
1000.0 0.0
1120.0 0.0
1280.0 0.0
1400.0 0.0
1600.0 0.0
