0.0 0.0
0.4 0.0
0.44 0.0
0.48 0.0
0.56 0.0
0.64 0.0
0.72 0.0
0.8 0.0
0.88 0.0
1.0 0.0
1.12 0.0
1.28 0.0
1.4 0.0
1.6 0.00011706117657291667
1.8 0.00011706117657291667
2.0 0.0
2.2 7.316323535807293e-05
2.52 0.0
2.84 0.0
3.2 0.0
3.6 0.0
4.0 0.0
4.4 5.85305882864584e-05
4.8 0.0
5.6 0.0
6.4 0.0
7.2 2.9265294143229168e-05
8.0 8.779588242968741e-05
8.8 3.902039219097224e-05
10.0 7.804078438194448e-05
11.2 1.4632647071614567e-05
12.8 1.951019609548612e-05
14.0 3.511835297187499e-05
16.0 2.341223531458333e-05
18.0 4.682447062916666e-05
20.0 3.511835297187499e-05
22.0 5.8530588286458335e-05
25.2 9.51122059654948e-05
28.4 6.503398698495367e-05
32.0 8.779588242968748e-05
36.0 9.950200008697915e-05
40.0 9.364894125833332e-05
44.0 9.950200008697915e-05
48.0 0.00012291423540156248
56.0 0.00013462035305885413
64.0 8.779588242968748e-05
72.0 0.00010535505891562498
80.0 0.00012291423540156248
88.0 9.950200008697915e-05
100.0 7.21877255532986e-05
112.0 7.462650006523437e-05
128.0 5.46285490673611e-05
140.0 5.033630592635416e-05
160.0 5.970120005218749e-05
180.0 3.1606517674687495e-05
200.0 3.628896473760416e-05
220.0 1.9022441193098956e-05
252.0 1.6827544132356767e-05
284.0 1.040543791759259e-05
320.0 1.2291423540156248e-05
360.0 5.267752945781249e-06
400.0 2.926529414322916e-06
440.0 2.341223531458333e-06
480.0 1.1706117657291665e-06
560.0 5.853058828645832e-07
640.0 0.0
720.0 0.0
800.0 0.0
880.0 0.0
1000.0 0.0
1120.0 0.0
1280.0 0.0
1400.0 0.0
1600.0 0.0
