0.0 0.004884299022218429
0.4 0.006660407757570589
0.44 0.003885237858582844
0.48 0.005550339797975484
0.56 0.005272822808076717
0.64 0.008325509696963237
0.72 0.006937924747469354
0.8 0.00971309464645711
0.88 0.004070249185182025
1.0 0.006290385104372214
1.12 0.007354200232317525
1.28 0.00888054367676079
1.4 0.006216380573732541
1.6 0.005550339797975489
1.8 0.008658530084841765
2.0 0.007770475717165677
2.2 0.01047626636867874
2.52 0.008741785181811398
2.84 0.009805600309756687
3.2 0.01076765920807245
3.6 0.011156182993930733
4.0 0.011211686391910477
4.4 0.012821284933323396
4.8 0.012960043428272767
5.6 0.01484715895958442
6.4 0.015596454832311125
7.2 0.01781659075150132
8.0 0.01870464511917738
8.8 0.019740708548132833
10.0 0.017261556771703778
11.2 0.016900784684835347
12.8 0.018168112272039776
14.0 0.019759209680792738
16.0 0.021324405503821826
18.0 0.01899326278867212
20.0 0.01974810900119679
22.0 0.018864217388369194
25.2 0.0176847701812994
28.4 0.015244933311772669
32.0 0.01317650668039381
36.0 0.010240376927264776
40.0 0.011578008818576868
44.0 0.008941597414538512
48.0 0.007637267562014272
56.0 0.005586417006662329
64.0 0.004517976595552048
72.0 0.0031636936848460284
80.0 0.002292290336563877
88.0 0.001876014851715715
100.0 0.0011859226035007627
112.0 0.0008505895740397436
128.0 0.0006197879441072629
140.0 0.00044624731975722925
160.0 0.0002863975335755352
180.0 0.00016317999006047935
200.0 0.00011988733963627055
220.0 5.619719045450182e-05
252.0 4.579030333329778e-05
284.0 2.281806361389923e-05
320.0 9.43557765655833e-06
360.0 5.550339797975488e-06
400.0 5.550339797975488e-06
440.0 3.885237858582842e-06
480.0 8.325509696963232e-07
560.0 2.7751698989877443e-07
640.0 0.0
720.0 0.0
800.0 0.0
880.0 0.0
1000.0 0.0
1120.0 0.0
1280.0 0.0
1400.0 0.0
1600.0 0.0
