0.0 1.6305837635115418e-05
0.4 2.0752884262874184e-05
0.44 5.039986178126587e-05
0.48 2.9646977518391648e-05
0.56 3.2611675270230856e-05
0.64 3.5576373022070026e-05
0.72 2.9646977518391648e-05
0.8 4.891751290534629e-05
0.88 3.755283818996279e-05
1.0 3.656460560601636e-05
1.12 4.002341964982878e-05
1.28 4.051753594180199e-05
1.4 3.735519167317348e-05
1.6 4.091282897538052e-05
1.8 3.6169312572437855e-05
2.0 4.3284587176851806e-05
2.2 4.81763384673865e-05
2.52 4.595281515350712e-05
2.84 4.8093985752057565e-05
3.2 6.047983413751903e-05
3.6 5.959042481196728e-05
4.0 6.492688076527771e-05
4.4 6.403747143972611e-05
4.8 7.174568559450787e-05
5.6 7.886096019892178e-05
6.4 8.152918817557713e-05
7.2 9.650091182236493e-05
8.0 9.827973047346832e-05
8.8 0.00010870558423410287
10.0 9.032445817270001e-05
11.2 9.427738850848545e-05
12.8 0.00010366559805597629
14.0 0.00010589900369569506
16.0 0.00011277710247996193
18.0 0.00010287501198881911
20.0 0.00010773711630183535
22.0 0.00010209677882896134
25.2 9.342503790483179e-05
28.4 8.162801143397171e-05
32.0 7.186427350458142e-05
36.0 5.8997485261599435e-05
40.0 5.7841253138382154e-05
44.0 4.6160343996135835e-05
48.0 4.1179651773046036e-05
56.0 3.0462269400147444e-05
64.0 2.407334574493404e-05
72.0 1.8069832797459726e-05
80.0 1.2481377535242895e-05
88.0 1.003056072705585e-05
100.0 6.779275525872229e-06
112.0 5.025162689367389e-06
128.0 3.537872650528073e-06
140.0 2.7571689092104257e-06
160.0 3.344179064074581e-06
180.0 4.156506248078513e-06
200.0 4.221729598618975e-06
220.0 3.2834027601618778e-06
252.0 2.4755226227857048e-06
284.0 1.6536425238036245e-06
320.0 1.0821146794212962e-06
360.0 7.530332289671485e-07
400.0 4.59528151535071e-07
440.0 4.4173996502403595e-07
480.0 1.8825830724178714e-07
560.0 1.0376442131437087e-07
640.0 5.48469084090246e-08
720.0 2.6682279766552505e-08
800.0 2.371758201471334e-08
880.0 1.976465167892778e-09
1000.0 1.976465167892778e-09
1120.0 7.411744379597919e-10
1280.0 0.0
1400.0 0.0
1600.0 0.0
