0.0 0.005326283534067707
0.4 0.007608976477239586
0.44 0.007023670594375002
0.48 0.006145711770078118
0.56 0.006145711770078127
0.64 0.005267752945781252
0.72 0.007023670594374992
0.8 0.006438364711510418
0.88 0.006828568633420138
1.0 0.007804078438194436
1.12 0.008486935301536462
1.28 0.007999180399149312
1.4 0.00948195530240624
1.6 0.008896649419541667
1.8 0.009599016478979167
2.0 0.008896649419541656
2.2 0.009584383831907555
2.52 0.009511220596549482
2.84 0.010860675826487257
3.2 0.012115831775296876
3.6 0.012115831775296876
4.0 0.012525545893302069
4.4 0.012818198834734389
4.8 0.013959545306320313
5.6 0.01562766707248436
6.4 0.01659342177921094
7.2 0.018495665898520832
8.0 0.01966627766424998
8.8 0.019529706291581603
10.0 0.016369054524112855
11.2 0.018788318839953105
12.8 0.01986137962520487
14.0 0.02116466072438333
16.0 0.02244062754902812
18.0 0.020356938606030203
20.0 0.021258309665641663
22.0 0.0207710425181569
25.2 0.018224961927695963
28.4 0.016739748249927074
32.0 0.014287316600724477
36.0 0.011378346362887497
40.0 0.01223289295186979
44.0 0.009318069655204165
48.0 0.008287931301362498
56.0 0.005917442475760936
64.0 0.004796581710075259
72.0 0.0036113372972744785
80.0 0.002572419355189843
88.0 0.0019198032957958328
100.0 0.0013208402756644093
112.0 0.0009964832655769528
128.0 0.0006321303534937498
140.0 0.0004050316709422916
160.0 0.0002762643767120833
180.0 0.00016505625896781246
200.0 0.00010535505891562497
220.0 6.877344123658853e-05
252.0 4.389794121484374e-05
284.0 2.341223531458333e-05
320.0 1.5803258837343748e-05
360.0 1.2291423540156248e-05
400.0 5.853058828645832e-06
440.0 2.926529414322916e-06
480.0 2.341223531458333e-06
560.0 8.779588242968748e-07
640.0 0.0
720.0 0.0
800.0 0.0
880.0 0.0
1000.0 0.0
1120.0 0.0
1280.0 0.0
1400.0 0.0
1600.0 0.0
