0.0 8.894093255517501e-07
0.4 2.964697751839169e-06
0.44 0.0
0.48 4.447046627758747e-06
0.56 1.4823488759195844e-06
0.64 1.4823488759195844e-06
0.72 1.4823488759195825e-06
0.8 0.0
0.88 9.882325839463891e-07
1.0 9.882325839463883e-07
1.12 4.447046627758753e-06
1.28 9.882325839463902e-07
1.4 1.7788186511034988e-06
1.6 1.1858791007356673e-06
1.8 1.7788186511035009e-06
2.0 2.9646977518391646e-06
2.2 2.964697751839169e-06
2.52 2.594110532859273e-06
2.84 2.3058760292082392e-06
3.2 1.7788186511035009e-06
3.6 2.668227976655251e-06
4.0 3.261167527023081e-06
4.4 2.371758201471337e-06
4.8 5.632925728494419e-06
5.6 3.854107077390914e-06
6.4 3.4094024146150433e-06
7.2 4.743516402942669e-06
8.0 5.336455953310496e-06
8.8 4.84233966133731e-06
10.0 6.127042020467617e-06
11.2 5.558808284698435e-06
12.8 6.7199815708354505e-06
14.0 7.233862514487569e-06
16.0 7.648920199745052e-06
18.0 9.19056303070142e-06
20.0 9.487032805885335e-06
22.0 1.0191148521947141e-05
25.2 9.264680474497401e-06
28.4 9.223504116832962e-06
32.0 9.338797918293378e-06
36.0 9.664914670995685e-06
40.0 9.872443513624428e-06
44.0 6.670569941638127e-06
48.0 8.567976502815194e-06
56.0 7.782331598577814e-06
64.0 5.899748526159943e-06
72.0 6.1813948125846645e-06
80.0 3.98751847622368e-06
88.0 4.486575931116606e-06
100.0 3.4094024146150425e-06
112.0 2.4162286677489213e-06
128.0 2.480463785705437e-06
140.0 2.970627147342846e-06
160.0 3.7473779583247077e-06
180.0 4.1327886660638e-06
200.0 3.2433793405120494e-06
220.0 2.7831100145390185e-06
252.0 2.015994471250634e-06
284.0 1.4428195725617281e-06
320.0 9.605620715958903e-07
360.0 6.700216919156518e-07
400.0 4.387752672721968e-07
440.0 3.913401032427701e-07
480.0 1.6898777185483255e-07
560.0 9.783502581069252e-08
640.0 5.48469084090246e-08
720.0 2.5199930890632924e-08
800.0 2.371758201471334e-08
880.0 1.976465167892778e-09
1000.0 1.976465167892778e-09
1120.0 7.411744379597919e-10
1280.0 0.0
1400.0 0.0
1600.0 0.0
