0.0 0.00033302038787852927
0.4 0.0005550339797975491
0.44 0.0011100679595950982
0.48 0.0002775169898987742
0.56 0.0
0.64 0.0
0.72 0.0005550339797975483
0.8 0.0
0.88 0.0003700226531983659
1.0 0.0001850113265991828
1.12 0.0
1.28 0.00018501132659918312
1.4 0.000999061163635587
1.6 0.000555033979797549
1.8 0.0002220135919190196
2.0 0.0007770475717165676
2.2 0.0004856547323228555
2.52 0.0004856547323228555
2.84 0.00030835221099863796
3.2 0.0006105373777773039
3.6 0.0004440271838380392
4.0 0.0004995305818177935
4.4 0.0006105373777773045
4.8 0.0006660407757570588
5.6 0.0007215441737368129
6.4 0.0008047992707064459
7.2 0.0008047992707064459
8.0 0.0010823162606052193
8.8 0.0009250566329959152
10.0 0.000906555500335997
11.2 0.0012627023040394226
12.8 0.0012950792861942814
14.0 0.00147639038626148
16.0 0.0015651958230290877
18.0 0.0016095985414128916
20.0 0.0017428066965643034
22.0 0.0019079293055540745
25.2 0.0015471572186856676
28.4 0.0015170928781132994
32.0 0.0017705583955541808
36.0 0.0017317060169683525
40.0 0.0015374441240392103
44.0 0.001487491065857431
48.0 0.0014819407260594553
56.0 0.0015013669153523695
64.0 0.001148920338180926
72.0 0.0010240376927264775
80.0 0.0006910173048479483
88.0 0.0007381951931307399
100.0 0.000651239869629124
112.0 0.0004246009945451249
128.0 0.00036447231340039045
140.0 0.0002875076015351303
160.0 0.00015651958230290878
180.0 0.00011544706779789017
200.0 5.661346593934998e-05
220.0 5.1340643131273266e-05
252.0 3.746479363633455e-05
284.0 1.603431497192919e-05
320.0 8.880543676760782e-06
360.0 6.105373777773037e-06
400.0 3.885237858582842e-06
440.0 3.330203878785293e-06
480.0 8.325509696963232e-07
560.0 2.7751698989877443e-07
640.0 0.0
720.0 0.0
800.0 0.0
880.0 0.0
1000.0 0.0
1120.0 0.0
1280.0 0.0
1400.0 0.0
1600.0 0.0
