0.0 0.0
0.4 0.0
0.44 0.0
0.48 0.0
0.56 0.0
0.64 0.0
0.72 0.0
0.8 0.0
0.88 0.0
1.0 0.0
1.12 0.0
1.28 0.0
1.4 0.0
1.6 0.0
1.8 0.0
2.0 0.0
2.2 0.0
2.52 0.0
2.84 0.0
3.2 0.0
3.6 0.0
4.0 0.0
4.4 0.0
4.8 0.0
5.6 0.0
6.4 0.0
7.2 0.0
8.0 2.9265294143229134e-05
8.8 0.0
10.0 1.951019609548612e-05
11.2 0.0
12.8 0.0
14.0 2.341223531458333e-05
16.0 0.0
18.0 0.0
20.0 0.0
22.0 7.316323535807292e-06
25.2 0.0
28.4 0.0
32.0 5.853058828645832e-06
36.0 2.926529414322916e-05
40.0 5.853058828645832e-06
44.0 5.853058828645832e-06
48.0 5.853058828645832e-06
56.0 8.779588242968748e-06
64.0 2.6338764728906245e-05
72.0 8.779588242968748e-06
80.0 2.926529414322916e-06
88.0 9.755098047743053e-06
100.0 7.804078438194443e-06
112.0 1.1706117657291664e-05
128.0 9.755098047743053e-06
140.0 1.287672942302083e-05
160.0 9.364894125833332e-06
180.0 1.0535505891562497e-05
200.0 7.0236705943749985e-06
220.0 9.511220596549478e-06
252.0 5.853058828645832e-06
284.0 5.202718958796295e-06
320.0 2.926529414322916e-06
360.0 1.7559176485937496e-06
400.0 5.853058828645832e-07
440.0 2.341223531458333e-06
480.0 5.853058828645832e-07
560.0 0.0
640.0 0.0
720.0 0.0
800.0 0.0
880.0 0.0
1000.0 0.0
1120.0 0.0
1280.0 0.0
1400.0 0.0
1600.0 0.0
