0.0 0.0
0.4 0.0
0.44 0.0
0.48 0.0
0.56 0.0
0.64 0.0
0.72 0.0
0.8 0.0
0.88 0.0
1.0 0.0
1.12 0.0
1.28 0.0
1.4 0.0
1.6 0.0
1.8 0.0
2.0 0.0
2.2 0.0
2.52 0.0
2.84 0.0
3.2 0.0
3.6 8.894093255517504e-07
4.0 0.0
4.4 0.0
4.8 2.9646977518391683e-07
5.6 1.4823488759195823e-07
6.4 0.0
7.2 1.4823488759195842e-07
8.0 0.0
8.8 3.952930335785559e-07
10.0 9.882325839463897e-08
11.2 1.4823488759195823e-07
12.8 4.941162919731949e-07
14.0 5.929395503678335e-08
16.0 2.964697751839167e-07
18.0 3.557637302207001e-07
20.0 2.371758201471334e-07
22.0 2.594110532859272e-07
25.2 5.55880828469844e-07
28.4 3.952930335785555e-07
32.0 2.371758201471334e-07
36.0 5.929395503678335e-07
40.0 5.039986178126585e-07
44.0 4.447046627758751e-07
48.0 6.818804829230085e-07
56.0 7.411744379597919e-07
64.0 6.967039716822044e-07
72.0 4.298811740166793e-07
80.0 6.670569941638127e-07
88.0 6.127042020467613e-07
100.0 6.127042020467613e-07
112.0 7.485861823393898e-07
128.0 8.696446738728224e-07
140.0 6.878098784266869e-07
160.0 6.047983413751901e-07
180.0 5.455043863384069e-07
200.0 7.115274604414002e-07
220.0 4.6693989591466886e-07
252.0 4.55822279345272e-07
284.0 3.195285354759992e-07
320.0 3.4094024146150427e-07
360.0 1.7788186511035004e-07
400.0 1.6602307410299336e-07
440.0 1.1562321232172754e-07
480.0 9.042328143109461e-08
560.0 5.039986178126585e-08
640.0 2.371758201471334e-08
720.0 1.927053538695459e-08
800.0 4.447046627758751e-09
880.0 1.976465167892778e-09
1000.0 9.88232583946389e-10
1120.0 7.411744379597919e-10
1280.0 0.0
1400.0 0.0
1600.0 0.0
