0.0 0.0
0.4 0.0
0.44 0.0
0.48 0.0
0.56 0.0
0.64 0.0
0.72 0.0
0.8 0.0
0.88 0.0
1.0 0.0
1.12 0.0
1.28 0.0
1.4 0.0
1.6 0.0001110067959595098
1.8 0.0
2.0 0.0
2.2 0.0
2.52 0.0
2.84 0.0
3.2 0.0
3.6 0.0
4.0 5.550339797975483e-05
4.4 0.0
4.8 0.0
5.6 0.0
6.4 0.0
7.2 0.0
8.0 0.0
8.8 0.0
10.0 0.0
11.2 0.0
12.8 1.8501132659918306e-05
14.0 1.1100679595950977e-05
16.0 0.0
18.0 1.1100679595950977e-05
20.0 0.0
22.0 1.3875849494938725e-05
25.2 6.937924747469362e-06
28.4 1.2334088439945525e-05
32.0 1.6651019393926464e-05
36.0 2.2201359191901953e-05
40.0 1.1100679595950977e-05
44.0 1.6651019393926464e-05
48.0 5.550339797975488e-06
56.0 1.1100679595950977e-05
64.0 8.325509696963232e-06
72.0 8.325509696963232e-06
80.0 1.3875849494938721e-05
88.0 1.2950792861942805e-05
100.0 1.8501132659918294e-06
112.0 9.713094646457104e-06
128.0 1.1100679595950977e-05
140.0 6.660407757570586e-06
160.0 5.550339797975488e-06
180.0 4.440271838380391e-06
200.0 8.880543676760782e-06
220.0 2.081377424240808e-06
252.0 6.937924747469361e-06
284.0 2.466817687989106e-06
320.0 3.885237858582842e-06
360.0 5.550339797975489e-07
400.0 1.1100679595950977e-06
440.0 5.550339797975489e-07
480.0 2.7751698989877443e-07
560.0 0.0
640.0 0.0
720.0 0.0
800.0 0.0
880.0 0.0
1000.0 0.0
1120.0 0.0
1280.0 0.0
1400.0 0.0
1600.0 0.0
