0.0 0.0
0.4 0.0
0.44 0.0
0.48 0.0
0.56 0.0
0.64 0.0
0.72 0.0
0.8 0.00027751698989877455
0.88 0.00018501132659918295
1.0 0.0
1.12 0.0
1.28 0.00018501132659918312
1.4 0.00011100679595950966
1.6 0.0
1.8 0.0001110067959595098
2.0 0.00011100679595950966
2.2 0.00013875849494938728
2.52 6.937924747469364e-05
2.84 0.0001233408843994552
3.2 0.0002220135919190196
3.6 5.55033979797549e-05
4.0 0.0
4.4 0.00016651019393926485
4.8 0.0001665101939392647
5.6 5.550339797975483e-05
6.4 0.0002220135919190196
7.2 0.0002220135919190196
8.0 0.00011100679595950966
8.8 0.00016651019393926474
10.0 5.550339797975491e-05
11.2 0.0003191445383835903
12.8 0.0002960181225586929
14.0 0.00031081902868662734
16.0 0.0004995305818177939
18.0 0.00035522174707043125
20.0 0.0004218258246461371
22.0 0.00027057906515130515
25.2 0.0003399583126259987
28.4 0.00030835221099863807
32.0 0.0003274700480805538
36.0 0.00037187276646435773
40.0 0.0004051748052522106
44.0 0.00039962446545423517
48.0 0.0004856547323228552
56.0 0.000466228543029941
64.0 0.0004523526935350023
72.0 0.00043847684404006357
80.0 0.00029139283939371314
88.0 0.00035337163380443943
100.0 0.0003015684623566682
112.0 0.0002483777059594031
128.0 0.00018501132659918293
140.0 0.0001431987667877676
160.0 0.00010323632024234408
180.0 5.1063126141374495e-05
200.0 5.328326206056469e-05
220.0 4.370892590905697e-05
252.0 2.289515166664889e-05
284.0 1.04839751739537e-05
320.0 7.2154417373681354e-06
360.0 6.105373777773037e-06
400.0 4.440271838380391e-06
440.0 2.2201359191901954e-06
480.0 8.325509696963232e-07
560.0 2.7751698989877443e-07
640.0 0.0
720.0 0.0
800.0 0.0
880.0 0.0
1000.0 0.0
1120.0 0.0
1280.0 0.0
1400.0 0.0
1600.0 0.0
