0.0 0.0
0.4 0.0
0.44 0.0
0.48 0.0
0.56 0.0
0.64 0.0
0.72 0.0012686788568603054
0.8 0.0
0.88 0.0
1.0 0.0
1.12 0.0
1.28 0.0008457859045735385
1.4 0.0
1.6 0.0015224146282323682
1.8 0.0
2.0 0.0015224146282323664
2.2 0.0
2.52 0.0
2.84 0.0005638572697156913
3.2 0.0005074715427441228
3.6 0.0002537357713720614
4.0 0.0005074715427441222
4.4 0.0010149430854882466
4.8 0.0013955467425463375
5.6 0.001141810971174275
6.4 0.0013955467425463375
7.2 0.0011418109711742762
8.0 0.0008880751998022137
8.8 0.000930364495030892
10.0 0.0006766287236588305
11.2 0.0012686788568603054
12.8 0.0012686788568603074
14.0 0.0014209203196835433
16.0 0.0018268975538788415
18.0 0.0016746560910556047
20.0 0.0022328747880741395
22.0 0.0015224146282323682
25.2 0.00136382977112483
28.4 0.001550607491718152
32.0 0.0014462938968207496
36.0 0.0020552597481136967
40.0 0.0022328747880741395
44.0 0.0017507768224672231
48.0 0.002562731290857819
56.0 0.002118693690956712
64.0 0.001941078650996269
72.0 0.0018142107653102385
80.0 0.0014970410510951617
88.0 0.0014801253330036911
100.0 0.0013786310244548667
112.0 0.0007294903426946763
128.0 0.0009472802131223622
140.0 0.0006444888592850357
160.0 0.0004820979656069165
180.0 0.00028418406393670867
200.0 0.0002994082102190323
220.0 0.0001998169199554983
252.0 0.00010149430854882453
284.0 5.356644062299072e-05
320.0 3.80603657058092e-05
360.0 1.5224146282323677e-05
400.0 1.0149430854882453e-05
440.0 5.074715427441226e-06
480.0 1.2686788568603066e-06
560.0 0.0
640.0 0.0
720.0 0.0
800.0 0.0
880.0 0.0
1000.0 0.0
1120.0 0.0
1280.0 0.0
1400.0 0.0
1600.0 0.0
