0.0 0.0
0.4 0.0017970621657432944
0.44 0.0
0.48 0.0
0.56 0.0
0.64 0.0017970621657432944
0.72 0.0008985310828716459
0.8 0.0
0.88 0.0005990207219144311
1.0 0.0
1.12 0.0
1.28 0.0005990207219144317
1.4 0.00035941243314865836
1.6 0.00035941243314865874
1.8 0.0
2.0 0.00035941243314865836
2.2 0.0006738983121537354
2.52 0.0004492655414358236
2.84 0.0007986942958859074
3.2 0.0005391186497229882
3.6 0.00017970621657432937
4.0 0.00017970621657432918
4.4 0.001257943516020307
4.8 0.0006289717580101529
5.6 0.0007188248662973167
6.4 0.0005391186497229882
7.2 0.0007188248662973175
8.0 0.0008086779745844813
8.8 0.0008985310828716472
10.0 0.0011381393716374197
11.2 0.0007637514204408991
12.8 0.0008386290106802041
14.0 0.0011501197860757078
16.0 0.0011501197860757078
18.0 0.0012220022727054396
20.0 0.0012938847593351713
22.0 0.0011456271306613498
25.2 0.001280406793092097
28.4 0.0010982046568431233
32.0 0.0012399728943628724
36.0 0.0015095322192243666
40.0 0.0014376497325946347
44.0 0.0015275028408817993
48.0 0.0015095322192243666
56.0 0.0016622825033125463
64.0 0.0013837378676223359
72.0 0.0014556203542520677
80.0 0.0010872226102746924
88.0 0.0010183352272545329
100.0 0.0010662568850076874
112.0 0.0008446192178993479
128.0 0.0006709032085441629
140.0 0.0005894363903638002
160.0 0.0003809771791375782
180.0 0.00028752994651892695
200.0 0.0002515887032040611
220.0 0.000134779662430747
252.0 7.637514204408998e-05
284.0 5.590860071201357e-05
320.0 4.133242981209575e-05
360.0 3.055005681763599e-05
400.0 1.078237299445976e-05
440.0 8.985310828716467e-06
480.0 2.69559324861494e-06
560.0 8.985310828716467e-07
640.0 0.0
720.0 0.0
800.0 0.0
880.0 0.0
1000.0 0.0
1120.0 0.0
1280.0 0.0
1400.0 0.0
1600.0 0.0
