0.0 0.014196791109372017
0.4 0.010782372994459766
0.44 0.02875299465189271
0.48 0.014376497325946334
0.56 0.018869152740304592
0.64 0.02605740140327777
0.72 0.023361808154662794
0.8 0.02515887032040612
0.88 0.018569642379347367
1.0 0.016772580213604057
1.12 0.021564745988919533
1.28 0.01856964237934738
1.4 0.02803416978559535
1.6 0.021564745988919522
1.8 0.02372122058781148
2.0 0.027315344919298035
2.2 0.030100791276200183
2.52 0.03347028283696886
2.84 0.03015070966969301
3.2 0.0318080003336563
3.6 0.040074486296075455
4.0 0.03737889304746047
4.4 0.04277007954469044
4.8 0.04160198913695726
5.6 0.04456714171043363
6.4 0.04932935644965341
7.2 0.05651760511262659
8.0 0.056337898896052195
8.8 0.05624804578776512
10.0 0.0551099064161277
11.2 0.05656253166677011
12.8 0.0643947276058014
14.0 0.061387643581790906
16.0 0.06469423796675856
18.0 0.0628612345577004
20.0 0.06350817693736799
22.0 0.06393048654631768
25.2 0.05694440737699062
28.4 0.05207486809176119
32.0 0.04169184224524441
36.0 0.03518647720525368
40.0 0.03486300601541989
44.0 0.029112407085041352
48.0 0.024296280480849326
56.0 0.018554666861299505
64.0 0.014969527840641634
72.0 0.010548754912913133
80.0 0.007844176353469475
88.0 0.006247786129567517
100.0 0.004348890441098771
112.0 0.0029696452288907925
128.0 0.0020666214906047875
140.0 0.0014556203542520677
160.0 0.0009740076938328651
180.0 0.0006828836229824514
200.0 0.00040254192512649773
220.0 0.0002920226019332852
252.0 0.0001460113009666426
284.0 8.985310828716467e-05
320.0 5.930305146952868e-05
360.0 1.9767683823176228e-05
400.0 2.5158870320406108e-05
440.0 1.2579435160203054e-05
480.0 1.7970621657432934e-06
560.0 1.7970621657432934e-06
640.0 0.0
720.0 0.0
800.0 0.0
880.0 0.0
1000.0 0.0
1120.0 0.0
1280.0 0.0
1400.0 0.0
1600.0 0.0
