0.0 0.018268975538788413
0.4 0.020298861709764915
0.44 0.04820979656069167
0.48 0.02791093485092672
0.56 0.02283621942348553
0.64 0.029179613707787065
0.72 0.020298861709764887
0.8 0.03171697142150768
0.88 0.024527791232632594
1.0 0.037214579801235624
1.12 0.027276595422496604
1.28 0.027910934850926772
1.4 0.03450806490660031
1.6 0.038567837248553324
1.8 0.03146323565013561
2.0 0.02791093485092672
2.2 0.0383775354200243
2.52 0.0437694205616806
2.84 0.04651822475154454
3.2 0.05201583313127258
3.6 0.05506066238773732
4.0 0.04897100387480779
4.4 0.05455319084499326
4.8 0.06330707495732932
5.6 0.06609816844242192
6.4 0.06952360135594482
7.2 0.07941929643945521
8.0 0.08246412569591986
8.8 0.08939957011342299
10.0 0.07265300920286694
11.2 0.08462087975258237
12.8 0.08559353354284206
14.0 0.09266430370507679
16.0 0.09149711915676531
18.0 0.08495073625536613
20.0 0.09078665899692354
22.0 0.08760227506620419
25.2 0.08274957843871351
28.4 0.07217373052360852
32.0 0.057090548558713795
36.0 0.0492247396461799
40.0 0.0513053729714308
44.0 0.043084333978976014
48.0 0.03542151368353976
56.0 0.025678060062852604
64.0 0.021212310486704324
72.0 0.01551594241940155
80.0 0.01125318146035092
88.0 0.00854243763619273
100.0 0.005776717728237263
112.0 0.0042564175647663285
128.0 0.0026980570355895853
140.0 0.0019131677161453424
160.0 0.0010859891014724224
180.0 0.0007967303221082725
200.0 0.0004820979656069165
220.0 0.0003108263199307751
252.0 0.00020298861709764905
284.0 9.021716315451069e-05
320.0 4.5672438846971037e-05
360.0 4.5672438846971037e-05
400.0 1.0149430854882453e-05
440.0 7.6120731411618386e-06
480.0 1.2686788568603066e-06
560.0 0.0
640.0 0.0
720.0 1.2686788568603066e-06
800.0 0.0
880.0 0.0
1000.0 0.0
1120.0 0.0
1280.0 0.0
1400.0 0.0
1600.0 0.0
