0.0 0.0
0.4 0.0
0.44 0.0
0.48 0.0
0.56 0.0
0.64 0.0
0.72 0.0
0.8 0.0
0.88 0.0
1.0 0.0
1.12 0.0
1.28 0.0
1.4 0.0
1.6 0.0
1.8 0.0
2.0 0.0
2.2 0.0
2.52 0.0
2.84 0.0
3.2 0.0
3.6 0.0
4.0 0.0
4.4 0.0
4.8 0.0
5.6 0.0
6.4 0.0
7.2 0.0
8.0 0.0
8.8 0.0
10.0 0.0
11.2 0.0
12.8 0.0
14.0 5.074715427441226e-05
16.0 0.0
18.0 5.074715427441226e-05
20.0 0.0
22.0 0.0
25.2 6.343394284301535e-05
28.4 5.638572697156916e-05
32.0 0.0
36.0 0.0
40.0 2.537357713720613e-05
44.0 5.074715427441226e-05
48.0 5.074715427441226e-05
56.0 5.074715427441226e-05
64.0 2.537357713720613e-05
72.0 5.074715427441226e-05
80.0 1.2686788568603066e-05
88.0 4.228929522867689e-05
100.0 8.457859045735377e-06
112.0 6.977733712731686e-05
128.0 5.920501332014764e-05
140.0 3.0448292564647354e-05
160.0 4.5672438846971037e-05
180.0 2.0298861709764905e-05
200.0 1.5224146282323677e-05
220.0 2.85452742793569e-05
252.0 1.5858485710753833e-05
284.0 5.638572697156918e-06
320.0 7.6120731411618386e-06
360.0 2.537357713720613e-06
400.0 0.0
440.0 0.0
480.0 0.0
560.0 0.0
640.0 0.0
720.0 0.0
800.0 0.0
880.0 0.0
1000.0 0.0
1120.0 0.0
1280.0 0.0
1400.0 0.0
1600.0 0.0
