0.0 0.0
0.4 0.0
0.44 0.0
0.48 0.0
0.56 0.0
0.64 0.0
0.72 0.0
0.8 0.0
0.88 0.0
1.0 0.0
1.12 0.0
1.28 0.0
1.4 0.0
1.6 0.0
1.8 0.0
2.0 0.0
2.2 0.0
2.52 0.0
2.84 0.0
3.2 0.0
3.6 0.0
4.0 0.0
4.4 0.0
4.8 8.985310828716468e-05
5.6 0.0
6.4 0.0
7.2 0.00017970621657432937
8.0 8.985310828716459e-05
8.8 0.0002396082887657726
10.0 5.990207219144315e-05
11.2 0.00022463277071791147
12.8 0.0001198041443828863
14.0 0.00014376497325946347
16.0 0.00028752994651892695
18.0 0.00017970621657432934
20.0 0.00028752994651892695
22.0 0.00031448587900507644
25.2 0.00022463277071791172
28.4 0.00027954300356006776
32.0 0.00037738305480609165
36.0 0.00028752994651892695
40.0 0.0003234711898337928
44.0 0.00041332429812095746
48.0 0.00037738305480609165
56.0 0.0005031774064081222
64.0 0.0004402802306071069
72.0 0.00027854463569021047
80.0 0.00031448587900507634
88.0 0.00043728512699753476
100.0 0.00040733409090181323
112.0 0.0002830372911045687
128.0 0.00023361808154662815
140.0 0.00022642983288365497
160.0 0.00021564745988919518
180.0 9.344723261865126e-05
200.0 0.0001365767245964903
220.0 6.73898312153735e-05
252.0 5.39118649722988e-05
284.0 4.991839349286926e-05
320.0 2.3361808154662815e-05
360.0 1.617355949168964e-05
400.0 1.2579435160203054e-05
440.0 0.0
480.0 2.69559324861494e-06
560.0 8.985310828716467e-07
640.0 0.0
720.0 0.0
800.0 0.0
880.0 0.0
1000.0 0.0
1120.0 0.0
1280.0 0.0
1400.0 0.0
1600.0 0.0
