0.0 0.001014943085488245
0.4 0.0
0.44 0.0
0.48 0.0012686788568603054
0.56 0.0025373577137206144
0.64 0.0
0.72 0.0
0.8 0.0
0.88 0.002537357713720613
1.0 0.000845785904573537
1.12 0.0012686788568603072
1.28 0.0025373577137206152
1.4 0.0015224146282323664
1.6 0.0005074715427441228
1.8 0.002029886170976491
2.0 0.0015224146282323664
2.2 0.0019030182852904606
2.52 0.0025373577137206144
2.84 0.0016915718091470738
3.2 0.0015224146282323682
3.6 0.002791093485092675
4.0 0.002029886170976489
4.4 0.0020298861709764932
4.8 0.003171697142150767
5.6 0.00482097965606916
6.4 0.00367916868489489
7.2 0.004186640227639013
8.0 0.00482097965606916
8.8 0.004059772341952983
10.0 0.0055821869701853525
11.2 0.0062165263986154965
12.8 0.006005079922472121
14.0 0.005683681278734173
16.0 0.007206095906966541
18.0 0.006901612981320067
20.0 0.007358337369789778
22.0 0.009578525369295317
25.2 0.009071053826551195
28.4 0.006935444417503007
32.0 0.0075105788326130145
36.0 0.009261355655080237
40.0 0.008322533301003611
44.0 0.006901612981320067
48.0 0.007180722329829335
56.0 0.006356081072870136
64.0 0.005341137987381891
72.0 0.005226956890264463
80.0 0.003539614010640255
88.0 0.0036284215306204765
100.0 0.0027572620489097334
112.0 0.0018713013138689522
128.0 0.0016492825139183985
140.0 0.0009997189392059215
160.0 0.000761207314116184
180.0 0.0005277704044538876
200.0 0.0003298565027836797
220.0 0.0002917961370778705
252.0 0.00010783770283312605
284.0 9.021716315451069e-05
320.0 4.059772341952981e-05
360.0 3.0448292564647354e-05
400.0 1.0149430854882453e-05
440.0 7.6120731411618386e-06
480.0 1.2686788568603066e-06
560.0 0.0
640.0 0.0
720.0 1.2686788568603066e-06
800.0 0.0
880.0 0.0
1000.0 0.0
1120.0 0.0
1280.0 0.0
1400.0 0.0
1600.0 0.0
