0.0 0.0003594124331486587
0.4 0.003594124331486589
0.44 0.0
0.48 0.0
0.56 0.0008985310828716472
0.64 0.0
0.72 0.0017970621657432918
0.8 0.0008985310828716472
0.88 0.0011980414438288623
1.0 0.0011980414438288612
1.12 0.0004492655414358236
1.28 0.0011980414438288634
1.4 0.001078237299445975
1.6 0.00287529946518927
1.8 0.0017970621657432938
2.0 0.00215647459889195
2.2 0.0024709604778970296
2.52 0.0006738983121537354
2.84 0.0011980414438288612
3.2 0.0010782372994459764
3.6 0.0021564745988919528
4.0 0.0012579435160203043
4.4 0.0014376497325946367
4.8 0.0026955932486149403
5.6 0.001976768382317621
6.4 0.002965152573476435
7.2 0.0033245650066250935
8.0 0.0025158870320406085
8.8 0.003654026403678032
10.0 0.003174809826146487
11.2 0.004268022643640318
12.8 0.003713928475869475
14.0 0.004744244117562295
16.0 0.004384831684413636
18.0 0.005211480280655551
20.0 0.005570892713804209
22.0 0.006873762783968098
25.2 0.005593355990876001
28.4 0.0048321004901097425
32.0 0.00569668706540624
36.0 0.0060021876335826
40.0 0.005031774064081221
44.0 0.005373215875572448
48.0 0.004780185360877161
56.0 0.0052204655914842675
64.0 0.0038367277238619316
72.0 0.0037378893047460503
80.0 0.002578784207841626
88.0 0.0025638086897937654
100.0 0.00204266066172821
112.0 0.0013792452122079776
128.0 0.001287894552116027
140.0 0.0009704135695013785
160.0 0.0006253776336786661
180.0 0.00043848316844136354
200.0 0.0003019064438448733
220.0 0.00020441582135329964
252.0 0.00011905536848049319
284.0 8.78563725474499e-05
320.0 4.4926554143582336e-05
360.0 2.5158870320406108e-05
400.0 1.7970621657432934e-05
440.0 1.078237299445976e-05
480.0 2.69559324861494e-06
560.0 8.985310828716467e-07
640.0 0.0
720.0 0.0
800.0 0.0
880.0 0.0
1000.0 0.0
1120.0 0.0
1280.0 0.0
1400.0 0.0
1600.0 0.0
