0.0 0.0
0.4 0.0
0.44 0.0
0.48 0.0
0.56 0.0
0.64 0.0
0.72 0.0
0.8 0.0
0.88 0.0
1.0 0.0
1.12 0.0
1.28 0.0
1.4 0.0
1.6 0.0
1.8 0.00035941243314865874
2.0 0.0
2.2 0.0
2.52 0.0
2.84 0.0
3.2 0.0
3.6 0.0
4.0 0.0
4.4 0.0
4.8 0.0
5.6 0.0
6.4 0.0
7.2 0.0
8.0 0.0
8.8 0.0
10.0 0.0
11.2 0.0
12.8 0.0
14.0 0.0
16.0 7.188248662973174e-05
18.0 0.0
20.0 7.188248662973174e-05
22.0 2.246327707179117e-05
25.2 0.0
28.4 1.9967357397147698e-05
32.0 1.7970621657432934e-05
36.0 5.39118649722988e-05
40.0 5.39118649722988e-05
44.0 3.594124331486587e-05
48.0 2.69559324861494e-05
56.0 9.883841911588114e-05
64.0 2.69559324861494e-05
72.0 3.594124331486587e-05
80.0 2.69559324861494e-05
88.0 2.3960828876577246e-05
100.0 2.9951036095721557e-05
112.0 4.04338987292241e-05
128.0 3.594124331486587e-05
140.0 5.3911864972298796e-05
160.0 1.078237299445976e-05
180.0 2.8752994651892695e-05
200.0 5.3911864972298796e-05
220.0 6.73898312153735e-06
252.0 2.4709604778970285e-05
284.0 9.983678698573852e-06
320.0 1.2579435160203054e-05
360.0 3.594124331486587e-06
400.0 3.594124331486587e-06
440.0 1.7970621657432934e-06
480.0 8.985310828716467e-07
560.0 0.0
640.0 0.0
720.0 0.0
800.0 0.0
880.0 0.0
1000.0 0.0
1120.0 0.0
1280.0 0.0
1400.0 0.0
1600.0 0.0
