0.0 0.0
0.4 0.0
0.44 0.0
0.48 0.0
0.56 0.0
0.64 0.0
0.72 0.0
0.8 0.0
0.88 0.0
1.0 0.0
1.12 0.0
1.28 0.0
1.4 0.0
1.6 0.0
1.8 0.0
2.0 0.0
2.2 0.0
2.52 0.0003171697142150768
2.84 0.0
3.2 0.0
3.6 0.0
4.0 0.0
4.4 0.0
4.8 0.0001268678856860307
5.6 0.0
6.4 0.0001268678856860307
7.2 0.0
8.0 0.0002537357713720611
8.8 8.457859045735382e-05
10.0 8.457859045735382e-05
11.2 0.0001903018285290458
12.8 0.00016915718091470763
14.0 0.00020298861709764905
16.0 0.00030448292564647355
18.0 0.0004059772341952981
20.0 0.00020298861709764905
22.0 0.00015858485710753837
25.2 0.00028545274279356906
28.4 0.0002537357713720612
32.0 0.00030448292564647355
36.0 0.00025373577137206133
40.0 0.0002283621942348552
44.0 0.0003298565027836797
48.0 0.000380603657058092
56.0 0.000583592274155741
64.0 0.0005201583313127257
72.0 0.0005074715427441227
80.0 0.0003425432913522828
88.0 0.0004144350932410335
100.0 0.0005243872608355933
112.0 0.0003108263199307751
128.0 0.00034677222087515044
140.0 0.00019791390167020782
160.0 0.00025881048679950256
180.0 0.00022328747880741396
200.0 0.00011164373940370698
220.0 9.5150914264523e-05
252.0 5.391885141656303e-05
284.0 3.3831436182941506e-05
320.0 2.537357713720613e-05
360.0 7.6120731411618386e-06
400.0 7.6120731411618386e-06
440.0 0.0
480.0 1.2686788568603066e-06
560.0 0.0
640.0 0.0
720.0 0.0
800.0 0.0
880.0 0.0
1000.0 0.0
1120.0 0.0
1280.0 0.0
1400.0 0.0
1600.0 0.0
