Energy
(MeV)	Elec. Stopping Power
(MeV cm2 g-1)	Ionizing Dose*
(MeV g-1)	Ionizing Dose*
(Gy)
1.0000e-05	3.7350e+00	3.7350e+00	5.9856e-10
1.5000e-05	4.5740e+00	4.5740e+00	7.3301e-10
2.0000e-05	5.2820e+00	5.2820e+00	8.4647e-10
2.5000e-05	5.9050e+00	5.9050e+00	9.4631e-10
3.0000e-05	6.4690e+00	6.4690e+00	1.0367e-09
3.5000e-05	6.9870e+00	6.9870e+00	1.1197e-09
4.0000e-05	7.4700e+00	7.4700e+00	1.1971e-09
4.5000e-05	7.9230e+00	7.9230e+00	1.2697e-09
5.0000e-05	8.3510e+00	8.3510e+00	1.3383e-09
5.5000e-05	8.7590e+00	8.7590e+00	1.4037e-09
6.0000e-05	9.1480e+00	9.1480e+00	1.4660e-09
6.5000e-05	9.5220e+00	9.5220e+00	1.5260e-09
7.0000e-05	9.8810e+00	9.8810e+00	1.5835e-09
7.5000e-05	1.0230e+01	1.0230e+01	1.6394e-09
8.0000e-05	1.0560e+01	1.0560e+01	1.6923e-09
8.5000e-05	1.0890e+01	1.0890e+01	1.7452e-09
9.0000e-05	1.1200e+01	1.1200e+01	1.7949e-09
9.5000e-05	1.1510e+01	1.1510e+01	1.8446e-09
1.0000e-04	1.1810e+01	1.1810e+01	1.8926e-09
1.5000e-04	1.4460e+01	1.4460e+01	2.3173e-09
2.0000e-04	1.6700e+01	1.6700e+01	2.6763e-09
2.5000e-04	1.8670e+01	1.8670e+01	2.9920e-09
3.0000e-04	2.0460e+01	2.0460e+01	3.2788e-09
3.5000e-04	2.2100e+01	2.2100e+01	3.5417e-09
4.0000e-04	2.3620e+01	2.3620e+01	3.7853e-09
4.5000e-04	2.5050e+01	2.5050e+01	4.0144e-09
5.0000e-04	2.6410e+01	2.6410e+01	4.2324e-09
5.5000e-04	2.7700e+01	2.7700e+01	4.4391e-09
6.0000e-04	2.8930e+01	2.8930e+01	4.6362e-09
6.5000e-04	3.0110e+01	3.0110e+01	4.8253e-09
7.0000e-04	3.1250e+01	3.1250e+01	5.0080e-09
7.5000e-04	3.2340e+01	3.2340e+01	5.1827e-09
8.0000e-04	3.3400e+01	3.3400e+01	5.3526e-09
8.5000e-04	3.4430e+01	3.4430e+01	5.5176e-09
9.0000e-04	3.5430e+01	3.5430e+01	5.6779e-09
9.5000e-04	3.6400e+01	3.6400e+01	5.8333e-09
1.0000e-03	3.7350e+01	3.7350e+01	5.9856e-09
1.5000e-03	4.5740e+01	4.5740e+01	7.3301e-09
2.0000e-03	5.2820e+01	5.2820e+01	8.4647e-09
2.5000e-03	5.9050e+01	5.9050e+01	9.4631e-09
3.0000e-03	6.4690e+01	6.4690e+01	1.0367e-08
3.5000e-03	6.9870e+01	6.9870e+01	1.1197e-08
4.0000e-03	7.4700e+01	7.4700e+01	1.1971e-08
4.5000e-03	7.9230e+01	7.9230e+01	1.2697e-08
5.0000e-03	8.3510e+01	8.3510e+01	1.3383e-08
5.5000e-03	8.7590e+01	8.7590e+01	1.4037e-08
6.0000e-03	9.1480e+01	9.1480e+01	1.4660e-08
6.5000e-03	9.5220e+01	9.5220e+01	1.5260e-08
7.0000e-03	9.8810e+01	9.8810e+01	1.5835e-08
7.5000e-03	1.0230e+02	1.0230e+02	1.6394e-08
8.0000e-03	1.0560e+02	1.0560e+02	1.6923e-08
8.5000e-03	1.0890e+02	1.0890e+02	1.7452e-08
9.0000e-03	1.1200e+02	1.1200e+02	1.7949e-08
9.5000e-03	1.1510e+02	1.1510e+02	1.8446e-08
1.0000e-02	1.1810e+02	1.1810e+02	1.8926e-08
1.5000e-02	1.4460e+02	1.4460e+02	2.3173e-08
2.0000e-02	1.6700e+02	1.6700e+02	2.6763e-08
2.5000e-02	1.8670e+02	1.8670e+02	2.9920e-08
3.0000e-02	2.0460e+02	2.0460e+02	3.2788e-08
3.5000e-02	2.2100e+02	2.2100e+02	3.5417e-08
4.0000e-02	2.3620e+02	2.3620e+02	3.7853e-08
4.5000e-02	2.5050e+02	2.5050e+02	4.0144e-08
5.0000e-02	2.6410e+02	2.6410e+02	4.2324e-08
5.5000e-02	2.7700e+02	2.7700e+02	4.4391e-08
6.0000e-02	2.8930e+02	2.8930e+02	4.6362e-08
6.5000e-02	3.0110e+02	3.0110e+02	4.8253e-08
7.0000e-02	3.1250e+02	3.1250e+02	5.0080e-08
7.5000e-02	3.2340e+02	3.2340e+02	5.1827e-08
8.0000e-02	3.3400e+02	3.3400e+02	5.3526e-08
8.5000e-02	3.4430e+02	3.4430e+02	5.5176e-08
9.0000e-02	3.5430e+02	3.5430e+02	5.6779e-08
9.5000e-02	3.6400e+02	3.6400e+02	5.8333e-08
1.0000e-01	3.7350e+02	3.7350e+02	5.9856e-08
1.5000e-01	5.4220e+02	5.4220e+02	8.6891e-08
2.0000e-01	5.9300e+02	5.9300e+02	9.5032e-08
2.5000e-01	6.3790e+02	6.3790e+02	1.0223e-07
3.0000e-01	6.9170e+02	6.9170e+02	1.1085e-07
3.5000e-01	7.5330e+02	7.5330e+02	1.2072e-07
4.0000e-01	8.2000e+02	8.2000e+02	1.3141e-07
4.5000e-01	8.8990e+02	8.8990e+02	1.4261e-07
5.0000e-01	9.6120e+02	9.6120e+02	1.5404e-07
5.5000e-01	1.0330e+03	1.0330e+03	1.6554e-07
6.0000e-01	1.1040e+03	1.1040e+03	1.7692e-07
6.5000e-01	1.1740e+03	1.1740e+03	1.8814e-07
7.0000e-01	1.2440e+03	1.2440e+03	1.9936e-07
7.5000e-01	1.3110e+03	1.3110e+03	2.1010e-07
8.0000e-01	1.3780e+03	1.3780e+03	2.2083e-07
8.5000e-01	1.4420e+03	1.4420e+03	2.3109e-07
9.0000e-01	1.5060e+03	1.5060e+03	2.4135e-07
9.5000e-01	1.5680e+03	1.5680e+03	2.5128e-07
1.0000e+00	1.6280e+03	1.6280e+03	2.6090e-07
1.5000e+00	2.1740e+03	2.1740e+03	3.4840e-07
2.0000e+00	2.6510e+03	2.6510e+03	4.2484e-07
2.5000e+00	3.0960e+03	3.0960e+03	4.9615e-07
3.0000e+00	3.5270e+03	3.5270e+03	5.6522e-07
3.5000e+00	3.9530e+03	3.9530e+03	6.3349e-07
4.0000e+00	4.3760e+03	4.3760e+03	7.0128e-07
4.5000e+00	4.7960e+03	4.7960e+03	7.6859e-07
5.0000e+00	5.2120e+03	5.2120e+03	8.3526e-07
5.5000e+00	5.6210e+03	5.6210e+03	9.0080e-07
6.0000e+00	6.0210e+03	6.0210e+03	9.6490e-07
6.5000e+00	6.4120e+03	6.4120e+03	1.0276e-06
7.0000e+00	6.7920e+03	6.7920e+03	1.0885e-06
7.5000e+00	7.1600e+03	7.1600e+03	1.1474e-06
8.0000e+00	7.5170e+03	7.5170e+03	1.2046e-06
8.5000e+00	7.8610e+03	7.8610e+03	1.2598e-06
9.0000e+00	8.1920e+03	8.1920e+03	1.3128e-06
9.5000e+00	8.5120e+03	8.5120e+03	1.3641e-06
1.0000e+01	8.8190e+03	8.8190e+03	1.4133e-06
1.5000e+01	1.1300e+04	1.1300e+04	1.8109e-06
2.0000e+01	1.2970e+04	1.2970e+04	2.0785e-06
2.5000e+01	1.4160e+04	1.4160e+04	2.2692e-06
3.0000e+01	1.5050e+04	1.5050e+04	2.4119e-06
3.5000e+01	1.5740e+04	1.5740e+04	2.5224e-06
4.0000e+01	1.6290e+04	1.6290e+04	2.6106e-06
4.5000e+01	1.6740e+04	1.6740e+04	2.6827e-06
5.0000e+01	1.7120e+04	1.7120e+04	2.7436e-06
5.5000e+01	1.7430e+04	1.7430e+04	2.7933e-06
6.0000e+01	1.7700e+04	1.7700e+04	2.8365e-06
6.5000e+01	1.7920e+04	1.7920e+04	2.8718e-06
7.0000e+01	1.8100e+04	1.8100e+04	2.9006e-06
7.5000e+01	1.8260e+04	1.8260e+04	2.9263e-06
8.0000e+01	1.8380e+04	1.8380e+04	2.9455e-06
8.5000e+01	1.8490e+04	1.8490e+04	2.9631e-06
9.0000e+01	1.8570e+04	1.8570e+04	2.9760e-06
9.5000e+01	1.8630e+04	1.8630e+04	2.9856e-06
1.0000e+02	1.8670e+04	1.8670e+04	2.9920e-06
1.5000e+02	1.8510e+04	1.8510e+04	2.9663e-06
2.0000e+02	1.7720e+04	1.7720e+04	2.8397e-06
2.5000e+02	1.6740e+04	1.6740e+04	2.6827e-06
3.0000e+02	1.5780e+04	1.5780e+04	2.5288e-06
3.5000e+02	1.4880e+04	1.4880e+04	2.3846e-06
4.0000e+02	1.4080e+04	1.4080e+04	2.2564e-06
4.5000e+02	1.3380e+04	1.3380e+04	2.1442e-06
5.0000e+02	1.2760e+04	1.2760e+04	2.0449e-06
5.5000e+02	1.2220e+04	1.2220e+04	1.9583e-06
6.0000e+02	1.1740e+04	1.1740e+04	1.8814e-06
6.5000e+02	1.1320e+04	1.1320e+04	1.8141e-06
7.0000e+02	1.0950e+04	1.0950e+04	1.7548e-06
7.5000e+02	1.0610e+04	1.0610e+04	1.7003e-06
8.0000e+02	1.0300e+04	1.0300e+04	1.6506e-06
8.5000e+02	1.0020e+04	1.0020e+04	1.6058e-06
9.0000e+02	9.7570e+03	9.7570e+03	1.5636e-06
9.5000e+02	9.5120e+03	9.5120e+03	1.5244e-06
1.0000e+03	9.2830e+03	9.2830e+03	1.4877e-06
1.5000e+03	7.4170e+03	7.4170e+03	1.1886e-06
2.0000e+03	6.1010e+03	6.1010e+03	9.7772e-07
2.5000e+03	5.2777e+03	5.2777e+03	8.4579e-07
3.0000e+03	4.6893e+03	4.6893e+03	7.5150e-07
3.5000e+03	4.2289e+03	4.2289e+03	6.7771e-07
4.0000e+03	3.8586e+03	3.8586e+03	6.1836e-07
4.5000e+03	3.5531e+03	3.5531e+03	5.6940e-07
5.0000e+03	3.3017e+03	3.3017e+03	5.2912e-07
5.5000e+03	3.0909e+03	3.0909e+03	4.9533e-07
6.0000e+03	2.9115e+03	2.9115e+03	4.6659e-07
6.5000e+03	2.7573e+03	2.7573e+03	4.4187e-07
7.0000e+03	2.6208e+03	2.6208e+03	4.2000e-07
7.5000e+03	2.4997e+03	2.4997e+03	4.0059e-07
8.0000e+03	2.3927e+03	2.3927e+03	3.8345e-07
8.5000e+03	2.2977e+03	2.2977e+03	3.6822e-07
9.0000e+03	2.2126e+03	2.2126e+03	3.5458e-07
9.5000e+03	2.1360e+03	2.1360e+03	3.4231e-07
1.0000e+04	2.0667e+03	2.0667e+03	3.3119e-07
1.5000e+04	1.6194e+03	1.6194e+03	2.5952e-07
2.0000e+04	1.3919e+03	1.3919e+03	2.2306e-07
2.5000e+04	1.2559e+03	1.2559e+03	2.0127e-07
3.0000e+04	1.1668e+03	1.1668e+03	1.8698e-07
3.5000e+04	1.1047e+03	1.1047e+03	1.7704e-07
4.0000e+04	1.0598e+03	1.0598e+03	1.6984e-07
4.5000e+04	1.0263e+03	1.0263e+03	1.6448e-07
5.0000e+04	1.0008e+03	1.0008e+03	1.6039e-07
5.5000e+04	9.8117e+02	9.8117e+02	1.5724e-07
6.0000e+04	9.6588e+02	9.6588e+02	1.5479e-07
6.5000e+04	9.5380e+02	9.5380e+02	1.5285e-07
7.0000e+04	9.4422e+02	9.4422e+02	1.5132e-07
7.5000e+04	9.3659e+02	9.3659e+02	1.5010e-07
8.0000e+04	9.3053e+02	9.3053e+02	1.4912e-07
8.5000e+04	9.2574e+02	9.2574e+02	1.4836e-07
9.0000e+04	9.2197e+02	9.2197e+02	1.4775e-07
9.5000e+04	9.1906e+02	9.1906e+02	1.4728e-07
1.0000e+05	9.1684e+02	9.1684e+02	1.4693e-07
1.5000e+05	9.1553e+02	9.1553e+02	1.4672e-07
2.0000e+05	9.2834e+02	9.2834e+02	1.4877e-07
2.5000e+05	9.4387e+02	9.4387e+02	1.5126e-07
3.0000e+05	9.5926e+02	9.5926e+02	1.5373e-07
3.5000e+05	9.7374e+02	9.7374e+02	1.5605e-07
4.0000e+05	9.8713e+02	9.8713e+02	1.5819e-07
4.5000e+05	9.9947e+02	9.9947e+02	1.6017e-07
5.0000e+05	1.0108e+03	1.0108e+03	1.6199e-07
5.5000e+05	1.0213e+03	1.0213e+03	1.6368e-07
6.0000e+05	1.0311e+03	1.0311e+03	1.6523e-07
6.5000e+05	1.0401e+03	1.0401e+03	1.6669e-07
7.0000e+05	1.0486e+03	1.0486e+03	1.6804e-07
7.5000e+05	1.0565e+03	1.0565e+03	1.6931e-07
8.0000e+05	1.0639e+03	1.0639e+03	1.7050e-07
8.5000e+05	1.0709e+03	1.0709e+03	1.7162e-07
9.0000e+05	1.0775e+03	1.0775e+03	1.7268e-07
9.5000e+05	1.0838e+03	1.0838e+03	1.7369e-07
1.0000e+06	1.0898e+03	1.0898e+03	1.7464e-07
1.5000e+06	1.1367e+03	1.1367e+03	1.8216e-07
2.0000e+06	1.1695e+03	1.1695e+03	1.8743e-07
2.5000e+06	1.1946e+03	1.1946e+03	1.9144e-07
3.0000e+06	1.2148e+03	1.2148e+03	1.9468e-07
3.5000e+06	1.2317e+03	1.2317e+03	1.9738e-07
4.0000e+06	1.2461e+03	1.2461e+03	1.9969e-07
4.5000e+06	1.2587e+03	1.2587e+03	2.0171e-07
5.0000e+06	1.2698e+03	1.2698e+03	2.0350e-07
5.5000e+06	1.2798e+03	1.2798e+03	2.0510e-07
6.0000e+06	1.2889e+03	1.2889e+03	2.0656e-07
6.5000e+06	1.2972e+03	1.2972e+03	2.0788e-07
7.0000e+06	1.3048e+03	1.3048e+03	2.0911e-07
7.5000e+06	1.3119e+03	1.3119e+03	2.1024e-07
8.0000e+06	1.3184e+03	1.3184e+03	2.1129e-07
8.5000e+06	1.3246e+03	1.3246e+03	2.1227e-07
9.0000e+06	1.3303e+03	1.3303e+03	2.1319e-07
9.5000e+06	1.3357e+03	1.3357e+03	2.1406e-07
1.0000e+07	1.3409e+03	1.3409e+03	2.1488e-07