'*',    13,     3,     4,     0,     5,     5,    46,     2
'OMNIDIRECTIONAL FLUENCE ANALYSIS'
'MULASSIS ml-v01-19'
'geant4-09-02-ref-00 (19-December-2008)'
'FLU_BDY', 1, 2, ' '
'FLU_PAR, -1, proton  '
'FLU_AMN', 1, 0., 'deg'
'FLU_AMX', 1, 90., 'deg'
'Elo','keV', 1, ' Lower edge of energy    bin '
'Eup','keV', 1, ' Upper edge of energy    bin '
'Emean','keV', 1, ' Mean energy of bin '
'Value','particles/cm2/bin',1,             'Fluence/flux'
'Error','particles/cm2/bin',1,'Error in   fluence/flux'
  0.000000E+00,   4.000000E+01,   2.000000E+01,   9.788790E+04,   0.000000E+00
  4.000000E+01,   1.000000E+02,   7.000000E+01,   1.468319E+05,   0.000000E+00
  1.000000E+02,   2.000000E+02,   1.500000E+02,   2.447198E+05,   0.000000E+00
  2.000000E+02,   3.000000E+02,   2.500000E+02,   2.447198E+05,   0.000000E+00
  3.000000E+02,   4.000000E+02,   3.500000E+02,   2.447198E+05,   0.000000E+00
  4.000000E+02,   5.000000E+02,   4.500000E+02,   2.447198E+05,   0.000000E+00
  5.000000E+02,   6.000000E+02,   5.500000E+02,   2.447198E+05,   0.000000E+00
  6.000000E+02,   7.000000E+02,   6.500000E+02,   2.447198E+05,   0.000000E+00
  7.000000E+02,   8.000000E+02,   7.500000E+02,   2.447198E+05,   0.000000E+00
  8.000000E+02,   1.000000E+03,   9.000000E+02,   5.508637E+05,   0.000000E+00
  1.000000E+03,   1.250000E+03,   1.125000E+03,   7.792951E+05,   0.000000E+00
  1.250000E+03,   1.500000E+03,   1.375000E+03,   8.738984E+05,   0.000000E+00
  1.500000E+03,   1.750000E+03,   1.625000E+03,   9.283185E+05,   0.000000E+00
  1.750000E+03,   2.000000E+03,   1.875000E+03,   1.084429E+06,   0.000000E+00
  2.000000E+03,   2.250000E+03,   2.125000E+03,   1.180455E+06,   0.000000E+00
  2.250000E+03,   2.500000E+03,   2.375000E+03,   1.232345E+06,   0.000000E+00
  2.500000E+03,   2.750000E+03,   2.625000E+03,   1.352370E+06,   0.000000E+00
  2.750000E+03,   3.000000E+03,   2.875000E+03,   1.523772E+06,   0.000000E+00
  3.000000E+03,   3.250000E+03,   3.125000E+03,   1.559884E+06,   0.000000E+00
  3.250000E+03,   3.500000E+03,   3.375000E+03,   1.629268E+06,   0.000000E+00
  3.500000E+03,   3.750000E+03,   3.625000E+03,   1.718549E+06,   0.000000E+00
  3.750000E+03,   4.000000E+03,   3.875000E+03,   1.901525E+06,   0.000000E+00
  4.000000E+03,   4.250000E+03,   4.125000E+03,   1.964396E+06,   0.000000E+00
  4.250000E+03,   4.500000E+03,   4.375000E+03,   1.965389E+06,   0.000000E+00
  4.500000E+03,   4.750000E+03,   4.625000E+03,   2.128628E+06,   0.000000E+00
  4.750000E+03,   5.000000E+03,   4.875000E+03,   2.234401E+06,   0.000000E+00
  5.000000E+03,   5.500000E+03,   5.250000E+03,   4.740201E+06,   0.000000E+00
  5.500000E+03,   6.000000E+03,   5.750000E+03,   5.149076E+06,   0.000000E+00
  6.000000E+03,   6.500000E+03,   6.250000E+03,   5.481956E+06,   0.000000E+00
  6.500000E+03,   7.000000E+03,   6.750000E+03,   6.020069E+06,   0.000000E+00
  7.000000E+03,   1.000000E+04,   8.500000E+03,   4.542661E+07,   0.000000E+00
  1.000000E+04,   2.000000E+04,   1.500000E+04,   2.314765E+08,   0.000000E+00
  2.000000E+04,   3.000000E+04,   2.500000E+04,   2.670919E+08,   0.000000E+00
  3.000000E+04,   4.000000E+04,   3.500000E+04,   2.437796E+08,   0.000000E+00
  4.000000E+04,   5.000000E+04,   4.500000E+04,   1.992986E+08,   0.000000E+00
  5.000000E+04,   6.000000E+04,   5.500000E+04,   1.424908E+08,   0.000000E+00
  6.000000E+04,   7.000000E+04,   6.500000E+04,   1.227056E+08,   0.000000E+00
  7.000000E+04,   8.000000E+04,   7.500000E+04,   9.491820E+07,   0.000000E+00
  8.000000E+04,   1.000000E+05,   9.000000E+04,   1.113013E+08,   0.000000E+00
  1.000000E+05,   1.500000E+05,   1.250000E+05,   1.033020E+08,   0.000000E+00
  1.500000E+05,   2.000000E+05,   1.750000E+05,   4.213966E+07,   0.000000E+00
  2.000000E+05,   3.000000E+05,   2.500000E+05,   3.502541E+07,   0.000000E+00
  3.000000E+05,   4.000000E+05,   3.500000E+05,   9.268049E+06,   0.000000E+00
  4.000000E+05,   5.000000E+05,   4.500000E+05,   2.458195E+06,   0.000000E+00
  5.000000E+05,   8.000000E+05,   6.500000E+05,   8.596927E+05,   0.000000E+00
  8.000000E+05,   1.000000E+06,   0.000000E+00,   0.000000E+00,   0.000000E+00
'End of Block'
'*',    13,     3,     4,     0,     5,     5,    46,     1
'OMNIDIRECTIONAL FLUENCE ANALYSIS'
'MULASSIS ml-v01-19'
'geant4-09-02-ref-00 (19-December-2008)'
'FLU_BDY', 1, 2, ' '
'FLU_PAR, -1, e-      '
'FLU_AMN', 1, 0., 'deg'
'FLU_AMX', 1, 90., 'deg'
'Elo','keV', 1, ' Lower edge of energy    bin '
'Eup','keV', 1, ' Upper edge of energy    bin '
'Emean','keV', 1, ' Mean energy of bin '
'Value','particles/cm2/bin',1,             'Fluence/flux'
'Error','particles/cm2/bin',1,'Error in   fluence/flux'
  0.000000E+00,   4.000000E+01,   2.000000E+01,   1.049956E+08,   0.000000E+00
  4.000000E+01,   1.000000E+02,   7.000000E+01,   2.434735E+07,   0.000000E+00
  1.000000E+02,   2.000000E+02,   1.500000E+02,   6.356590E+06,   0.000000E+00
  2.000000E+02,   3.000000E+02,   2.500000E+02,   1.458549E+06,   0.000000E+00
  3.000000E+02,   4.000000E+02,   3.500000E+02,   4.999840E+05,   0.000000E+00
  4.000000E+02,   5.000000E+02,   4.500000E+02,   2.070911E+05,   0.000000E+00
  5.000000E+02,   6.000000E+02,   5.500000E+02,   9.563546E+04,   0.000000E+00
  6.000000E+02,   7.000000E+02,   6.500000E+02,   4.687052E+04,   0.000000E+00
  7.000000E+02,   8.000000E+02,   7.500000E+02,   2.294503E+04,   0.000000E+00
  8.000000E+02,   1.000000E+03,   9.000000E+02,   1.969418E+04,   0.000000E+00
  1.000000E+03,   1.250000E+03,   1.125000E+03,   9.310250E+03,   0.000000E+00
  1.250000E+03,   1.500000E+03,   1.375000E+03,   5.343379E+03,   0.000000E+00
  1.500000E+03,   1.750000E+03,   1.625000E+03,   4.556279E+03,   0.000000E+00
  1.750000E+03,   2.000000E+03,   1.875000E+03,   4.290549E+03,   0.000000E+00
  2.000000E+03,   2.250000E+03,   2.125000E+03,   4.129314E+03,   0.000000E+00
  2.250000E+03,   2.500000E+03,   2.375000E+03,   4.023017E+03,   0.000000E+00
  2.500000E+03,   2.750000E+03,   2.625000E+03,   3.964572E+03,   0.000000E+00
  2.750000E+03,   3.000000E+03,   2.875000E+03,   3.946139E+03,   0.000000E+00
  3.000000E+03,   3.250000E+03,   3.125000E+03,   3.932899E+03,   0.000000E+00
  3.250000E+03,   3.500000E+03,   3.375000E+03,   3.921456E+03,   0.000000E+00
  3.500000E+03,   3.750000E+03,   3.625000E+03,   3.912824E+03,   0.000000E+00
  3.750000E+03,   4.000000E+03,   3.875000E+03,   3.912824E+03,   0.000000E+00
  4.000000E+03,   4.250000E+03,   4.125000E+03,   3.912824E+03,   0.000000E+00
  4.250000E+03,   4.500000E+03,   4.375000E+03,   3.912824E+03,   0.000000E+00
  4.500000E+03,   4.750000E+03,   4.625000E+03,   3.912824E+03,   0.000000E+00
  4.750000E+03,   5.000000E+03,   4.875000E+03,   3.912824E+03,   0.000000E+00
  5.000000E+03,   5.500000E+03,   5.250000E+03,   7.825649E+03,   0.000000E+00
  5.500000E+03,   6.000000E+03,   5.750000E+03,   7.825649E+03,   0.000000E+00
  6.000000E+03,   6.500000E+03,   6.250000E+03,   7.825649E+03,   0.000000E+00
  6.500000E+03,   7.000000E+03,   6.750000E+03,   7.825649E+03,   0.000000E+00
  7.000000E+03,   1.000000E+04,   8.500000E+03,   4.695389E+04,   0.000000E+00
  1.000000E+04,   2.000000E+04,   1.500000E+04,   1.565130E+05,   0.000000E+00
  2.000000E+04,   3.000000E+04,   2.500000E+04,   1.565130E+05,   0.000000E+00
  3.000000E+04,   4.000000E+04,   3.500000E+04,   1.071992E+05,   0.000000E+00
  4.000000E+04,   5.000000E+04,   4.500000E+04,   4.946798E+04,   0.000000E+00
  5.000000E+04,   6.000000E+04,   5.500000E+04,   2.545834E+04,   0.000000E+00
  6.000000E+04,   7.000000E+04,   6.500000E+04,   1.488385E+04,   0.000000E+00
  7.000000E+04,   8.000000E+04,   7.500000E+04,   9.417400E+03,   0.000000E+00
  8.000000E+04,   1.000000E+05,   9.000000E+04,   1.169562E+04,   0.000000E+00
  1.000000E+05,   1.500000E+05,   1.250000E+05,   1.168164E+04,   0.000000E+00
  1.500000E+05,   2.000000E+05,   1.750000E+05,   3.374824E+03,   0.000000E+00
  2.000000E+05,   3.000000E+05,   2.500000E+05,   1.758169E+03,   0.000000E+00
  3.000000E+05,   4.000000E+05,   3.500000E+05,   4.512932E+02,   0.000000E+00
  4.000000E+05,   5.000000E+05,   4.500000E+05,   1.305491E+02,   0.000000E+00
  5.000000E+05,   8.000000E+05,   6.500000E+05,   1.668492E+01,   0.000000E+00
  8.000000E+05,   1.000000E+06,   0.000000E+00,   0.000000E+00,   0.000000E+00
'End of Block'
'*',    13,     3,     4,     0,     5,     5,    46,    -1
'OMNIDIRECTIONAL FLUENCE ANALYSIS'
'MULASSIS ml-v01-19'
'geant4-09-02-ref-00 (19-December-2008)'
'FLU_BDY', 1, 2, ' '
'FLU_PAR, -1, neutron '
'FLU_AMN', 1, 0., 'deg'
'FLU_AMX', 1, 90., 'deg'
'Elo','keV', 1, ' Lower edge of energy    bin '
'Eup','keV', 1, ' Upper edge of energy    bin '
'Emean','keV', 1, ' Mean energy of bin '
'Value','particles/cm2/bin',1,             'Fluence/flux'
'Error','particles/cm2/bin',1,'Error in   fluence/flux'
  0.000000E+00,   4.000000E+01,   2.000000E+01,   1.979566E+05,   0.000000E+00
  4.000000E+01,   1.000000E+02,   7.000000E+01,   2.969349E+05,   0.000000E+00
  1.000000E+02,   2.000000E+02,   1.500000E+02,   4.948916E+05,   0.000000E+00
  2.000000E+02,   3.000000E+02,   2.500000E+02,   4.948916E+05,   0.000000E+00
  3.000000E+02,   4.000000E+02,   3.500000E+02,   4.948916E+05,   0.000000E+00
  4.000000E+02,   5.000000E+02,   4.500000E+02,   4.948916E+05,   0.000000E+00
  5.000000E+02,   6.000000E+02,   5.500000E+02,   4.948916E+05,   0.000000E+00
  6.000000E+02,   7.000000E+02,   6.500000E+02,   4.948916E+05,   0.000000E+00
  7.000000E+02,   8.000000E+02,   7.500000E+02,   4.948916E+05,   0.000000E+00
  8.000000E+02,   1.000000E+03,   9.000000E+02,   9.824740E+05,   0.000000E+00
  1.000000E+03,   1.250000E+03,   1.125000E+03,   1.217298E+06,   0.000000E+00
  1.250000E+03,   1.500000E+03,   1.375000E+03,   1.178579E+06,   0.000000E+00
  1.500000E+03,   1.750000E+03,   1.625000E+03,   1.146937E+06,   0.000000E+00
  1.750000E+03,   2.000000E+03,   1.875000E+03,   1.095635E+06,   0.000000E+00
  2.000000E+03,   2.250000E+03,   2.125000E+03,   1.046048E+06,   0.000000E+00
  2.250000E+03,   2.500000E+03,   2.375000E+03,   1.001623E+06,   0.000000E+00
  2.500000E+03,   2.750000E+03,   2.625000E+03,   9.455667E+05,   0.000000E+00
  2.750000E+03,   3.000000E+03,   2.875000E+03,   8.889075E+05,   0.000000E+00
  3.000000E+03,   3.250000E+03,   3.125000E+03,   8.523641E+05,   0.000000E+00
  3.250000E+03,   3.500000E+03,   3.375000E+03,   8.111887E+05,   0.000000E+00
  3.500000E+03,   3.750000E+03,   3.625000E+03,   7.671833E+05,   0.000000E+00
  3.750000E+03,   4.000000E+03,   3.875000E+03,   7.219631E+05,   0.000000E+00
  4.000000E+03,   4.250000E+03,   4.125000E+03,   6.703415E+05,   0.000000E+00
  4.250000E+03,   4.500000E+03,   4.375000E+03,   6.677218E+05,   0.000000E+00
  4.500000E+03,   4.750000E+03,   4.625000E+03,   6.136755E+05,   0.000000E+00
  4.750000E+03,   5.000000E+03,   4.875000E+03,   5.824293E+05,   0.000000E+00
  5.000000E+03,   5.500000E+03,   5.250000E+03,   1.072454E+06,   0.000000E+00
  5.500000E+03,   6.000000E+03,   5.750000E+03,   9.756973E+05,   0.000000E+00
  6.000000E+03,   6.500000E+03,   6.250000E+03,   8.868619E+05,   0.000000E+00
  6.500000E+03,   7.000000E+03,   6.750000E+03,   8.193967E+05,   0.000000E+00
  7.000000E+03,   1.000000E+04,   8.500000E+03,   3.700779E+06,   0.000000E+00
  1.000000E+04,   2.000000E+04,   1.500000E+04,   6.097759E+06,   0.000000E+00
  2.000000E+04,   3.000000E+04,   2.500000E+04,   2.920324E+06,   0.000000E+00
  3.000000E+04,   4.000000E+04,   3.500000E+04,   1.708689E+06,   0.000000E+00
  4.000000E+04,   5.000000E+04,   4.500000E+04,   1.043515E+06,   0.000000E+00
  5.000000E+04,   6.000000E+04,   5.500000E+04,   6.698687E+05,   0.000000E+00
  6.000000E+04,   7.000000E+04,   6.500000E+04,   4.473771E+05,   0.000000E+00
  7.000000E+04,   8.000000E+04,   7.500000E+04,   3.080785E+05,   0.000000E+00
  8.000000E+04,   1.000000E+05,   9.000000E+04,   3.907074E+05,   0.000000E+00
  1.000000E+05,   1.500000E+05,   1.250000E+05,   4.690978E+05,   0.000000E+00
  1.500000E+05,   2.000000E+05,   1.750000E+05,   1.887244E+05,   0.000000E+00
  2.000000E+05,   3.000000E+05,   2.500000E+05,   1.160145E+05,   0.000000E+00
  3.000000E+05,   4.000000E+05,   3.500000E+05,   1.922168E+04,   0.000000E+00
  4.000000E+05,   5.000000E+05,   4.500000E+05,   4.276213E+03,   0.000000E+00
  5.000000E+05,   8.000000E+05,   6.500000E+05,   2.822184E+02,   0.000000E+00
  8.000000E+05,   1.000000E+06,   0.000000E+00,   0.000000E+00,   0.000000E+00
'End of File'
