'*',    13,     3,     4,     0,     5,     5,    46,     2
'OMNIDIRECTIONAL FLUENCE ANALYSIS'
'MULASSIS ml-v01-19'
'geant4-09-02-ref-00 (19-December-2008)'
'FLU_BDY', 1, 2, ' '
'FLU_PAR, -1, proton  '
'FLU_AMN', 1, 0., 'deg'
'FLU_AMX', 1, 90., 'deg'
'Elo','keV', 1, ' Lower edge of energy    bin '
'Eup','keV', 1, ' Upper edge of energy    bin '
'Emean','keV', 1, ' Mean energy of bin '
'Value','particles/cm2/bin',1,             'Fluence/flux'
'Error','particles/cm2/bin',1,'Error in   fluence/flux'
  0.000000E+00,   4.000000E+01,   2.000000E+01,   9.733869E+04,   0.000000E+00
  4.000000E+01,   1.000000E+02,   7.000000E+01,   1.460080E+05,   0.000000E+00
  1.000000E+02,   2.000000E+02,   1.500000E+02,   2.433467E+05,   0.000000E+00
  2.000000E+02,   3.000000E+02,   2.500000E+02,   2.433467E+05,   0.000000E+00
  3.000000E+02,   4.000000E+02,   3.500000E+02,   2.433467E+05,   0.000000E+00
  4.000000E+02,   5.000000E+02,   4.500000E+02,   2.433467E+05,   0.000000E+00
  5.000000E+02,   6.000000E+02,   5.500000E+02,   2.433467E+05,   0.000000E+00
  6.000000E+02,   7.000000E+02,   6.500000E+02,   2.433467E+05,   0.000000E+00
  7.000000E+02,   8.000000E+02,   7.500000E+02,   2.433467E+05,   0.000000E+00
  8.000000E+02,   1.000000E+03,   9.000000E+02,   5.477717E+05,   0.000000E+00
  1.000000E+03,   1.250000E+03,   1.125000E+03,   7.749194E+05,   0.000000E+00
  1.250000E+03,   1.500000E+03,   1.375000E+03,   8.689936E+05,   0.000000E+00
  1.500000E+03,   1.750000E+03,   1.625000E+03,   9.231108E+05,   0.000000E+00
  1.750000E+03,   2.000000E+03,   1.875000E+03,   1.078344E+06,   0.000000E+00
  2.000000E+03,   2.250000E+03,   2.125000E+03,   1.173829E+06,   0.000000E+00
  2.250000E+03,   2.500000E+03,   2.375000E+03,   1.225436E+06,   0.000000E+00
  2.500000E+03,   2.750000E+03,   2.625000E+03,   1.344789E+06,   0.000000E+00
  2.750000E+03,   3.000000E+03,   2.875000E+03,   1.515222E+06,   0.000000E+00
  3.000000E+03,   3.250000E+03,   3.125000E+03,   1.551129E+06,   0.000000E+00
  3.250000E+03,   3.500000E+03,   3.375000E+03,   1.620124E+06,   0.000000E+00
  3.500000E+03,   3.750000E+03,   3.625000E+03,   1.708904E+06,   0.000000E+00
  3.750000E+03,   4.000000E+03,   3.875000E+03,   1.890851E+06,   0.000000E+00
  4.000000E+03,   4.250000E+03,   4.125000E+03,   1.953370E+06,   0.000000E+00
  4.250000E+03,   4.500000E+03,   4.375000E+03,   1.954356E+06,   0.000000E+00
  4.500000E+03,   4.750000E+03,   4.625000E+03,   2.116684E+06,   0.000000E+00
  4.750000E+03,   5.000000E+03,   4.875000E+03,   2.221869E+06,   0.000000E+00
  5.000000E+03,   5.500000E+03,   5.250000E+03,   4.713617E+06,   0.000000E+00
  5.500000E+03,   6.000000E+03,   5.750000E+03,   5.120181E+06,   0.000000E+00
  6.000000E+03,   6.500000E+03,   6.250000E+03,   5.451184E+06,   0.000000E+00
  6.500000E+03,   7.000000E+03,   6.750000E+03,   5.986282E+06,   0.000000E+00
  7.000000E+03,   1.000000E+04,   8.500000E+03,   4.517171E+07,   0.000000E+00
  1.000000E+04,   2.000000E+04,   1.500000E+04,   2.301800E+08,   0.000000E+00
  2.000000E+04,   3.000000E+04,   2.500000E+04,   2.655957E+08,   0.000000E+00
  3.000000E+04,   4.000000E+04,   3.500000E+04,   2.424109E+08,   0.000000E+00
  4.000000E+04,   5.000000E+04,   4.500000E+04,   1.981621E+08,   0.000000E+00
  5.000000E+04,   6.000000E+04,   5.500000E+04,   1.416963E+08,   0.000000E+00
  6.000000E+04,   7.000000E+04,   6.500000E+04,   1.220199E+08,   0.000000E+00
  7.000000E+04,   8.000000E+04,   7.500000E+04,   9.439006E+07,   0.000000E+00
  8.000000E+04,   1.000000E+05,   9.000000E+04,   1.106717E+08,   0.000000E+00
  1.000000E+05,   1.500000E+05,   1.250000E+05,   1.027246E+08,   0.000000E+00
  1.500000E+05,   2.000000E+05,   1.750000E+05,   4.190218E+07,   0.000000E+00
  2.000000E+05,   3.000000E+05,   2.500000E+05,   3.482945E+07,   0.000000E+00
  3.000000E+05,   4.000000E+05,   3.500000E+05,   9.215543E+06,   0.000000E+00
  4.000000E+05,   5.000000E+05,   4.500000E+05,   2.444666E+06,   0.000000E+00
  5.000000E+05,   8.000000E+05,   6.500000E+05,   8.548680E+05,   0.000000E+00
  8.000000E+05,   1.000000E+06,   0.000000E+00,   0.000000E+00,   0.000000E+00
'End of Block'
'*',    13,     3,     4,     0,     5,     5,    46,     1
'OMNIDIRECTIONAL FLUENCE ANALYSIS'
'MULASSIS ml-v01-19'
'geant4-09-02-ref-00 (19-December-2008)'
'FLU_BDY', 1, 2, ' '
'FLU_PAR, -1, e-      '
'FLU_AMN', 1, 0., 'deg'
'FLU_AMX', 1, 90., 'deg'
'Elo','keV', 1, ' Lower edge of energy    bin '
'Eup','keV', 1, ' Upper edge of energy    bin '
'Emean','keV', 1, ' Mean energy of bin '
'Value','particles/cm2/bin',1,             'Fluence/flux'
'Error','particles/cm2/bin',1,'Error in   fluence/flux'
  0.000000E+00,   4.000000E+01,   2.000000E+01,   3.422535E+10,   0.000000E+00
  4.000000E+01,   1.000000E+02,   7.000000E+01,   4.583276E+10,   0.000000E+00
  1.000000E+02,   2.000000E+02,   1.500000E+02,   9.101926E+10,   0.000000E+00
  2.000000E+02,   3.000000E+02,   2.500000E+02,   9.430220E+10,   0.000000E+00
  3.000000E+02,   4.000000E+02,   3.500000E+02,   8.649996E+10,   0.000000E+00
  4.000000E+02,   5.000000E+02,   4.500000E+02,   7.541330E+10,   0.000000E+00
  5.000000E+02,   6.000000E+02,   5.500000E+02,   6.330154E+10,   0.000000E+00
  6.000000E+02,   7.000000E+02,   6.500000E+02,   5.080249E+10,   0.000000E+00
  7.000000E+02,   8.000000E+02,   7.500000E+02,   3.978711E+10,   0.000000E+00
  8.000000E+02,   1.000000E+03,   9.000000E+02,   5.403087E+10,   0.000000E+00
  1.000000E+03,   1.250000E+03,   1.125000E+03,   3.711907E+10,   0.000000E+00
  1.250000E+03,   1.500000E+03,   1.375000E+03,   1.906106E+10,   0.000000E+00
  1.500000E+03,   1.750000E+03,   1.625000E+03,   1.038768E+10,   0.000000E+00
  1.750000E+03,   2.000000E+03,   1.875000E+03,   6.328213E+09,   0.000000E+00
  2.000000E+03,   2.250000E+03,   2.125000E+03,   4.024138E+09,   0.000000E+00
  2.250000E+03,   2.500000E+03,   2.375000E+03,   2.350800E+09,   0.000000E+00
  2.500000E+03,   2.750000E+03,   2.625000E+03,   1.321987E+09,   0.000000E+00
  2.750000E+03,   3.000000E+03,   2.875000E+03,   7.284169E+08,   0.000000E+00
  3.000000E+03,   3.250000E+03,   3.125000E+03,   3.347477E+08,   0.000000E+00
  3.250000E+03,   3.500000E+03,   3.375000E+03,   8.432336E+07,   0.000000E+00
  3.500000E+03,   3.750000E+03,   3.625000E+03,   1.288418E+07,   0.000000E+00
  3.750000E+03,   4.000000E+03,   3.875000E+03,   1.111313E+06,   0.000000E+00
  4.000000E+03,   4.250000E+03,   4.125000E+03,   1.157745E+05,   0.000000E+00
  4.250000E+03,   4.500000E+03,   4.375000E+03,   1.973572E+04,   0.000000E+00
  4.500000E+03,   4.750000E+03,   4.625000E+03,   9.086818E+03,   0.000000E+00
  4.750000E+03,   5.000000E+03,   4.875000E+03,   4.797402E+03,   0.000000E+00
  5.000000E+03,   5.500000E+03,   5.250000E+03,   7.797973E+03,   0.000000E+00
  5.500000E+03,   6.000000E+03,   5.750000E+03,   7.781755E+03,   0.000000E+00
  6.000000E+03,   6.500000E+03,   6.250000E+03,   7.781755E+03,   0.000000E+00
  6.500000E+03,   7.000000E+03,   6.750000E+03,   7.781755E+03,   0.000000E+00
  7.000000E+03,   1.000000E+04,   8.500000E+03,   4.669053E+04,   0.000000E+00
  1.000000E+04,   2.000000E+04,   1.500000E+04,   1.556351E+05,   0.000000E+00
  2.000000E+04,   3.000000E+04,   2.500000E+04,   1.556351E+05,   0.000000E+00
  3.000000E+04,   4.000000E+04,   3.500000E+04,   1.065983E+05,   0.000000E+00
  4.000000E+04,   5.000000E+04,   4.500000E+04,   4.918971E+04,   0.000000E+00
  5.000000E+04,   6.000000E+04,   5.500000E+04,   2.531467E+04,   0.000000E+00
  6.000000E+04,   7.000000E+04,   6.500000E+04,   1.480063E+04,   0.000000E+00
  7.000000E+04,   8.000000E+04,   7.500000E+04,   9.364612E+03,   0.000000E+00
  8.000000E+04,   1.000000E+05,   9.000000E+04,   1.162992E+04,   0.000000E+00
  1.000000E+05,   1.500000E+05,   1.250000E+05,   1.161614E+04,   0.000000E+00
  1.500000E+05,   2.000000E+05,   1.750000E+05,   3.355857E+03,   0.000000E+00
  2.000000E+05,   3.000000E+05,   2.500000E+05,   1.748308E+03,   0.000000E+00
  3.000000E+05,   4.000000E+05,   3.500000E+05,   4.487508E+02,   0.000000E+00
  4.000000E+05,   5.000000E+05,   4.500000E+05,   1.298218E+02,   0.000000E+00
  5.000000E+05,   8.000000E+05,   6.500000E+05,   1.659129E+01,   0.000000E+00
  8.000000E+05,   1.000000E+06,   0.000000E+00,   0.000000E+00,   0.000000E+00
'End of Block'
'*',    13,     3,     4,     0,     5,     5,    46,    -1
'OMNIDIRECTIONAL FLUENCE ANALYSIS'
'MULASSIS ml-v01-19'
'geant4-09-02-ref-00 (19-December-2008)'
'FLU_BDY', 1, 2, ' '
'FLU_PAR, -1, neutron '
'FLU_AMN', 1, 0., 'deg'
'FLU_AMX', 1, 90., 'deg'
'Elo','keV', 1, ' Lower edge of energy    bin '
'Eup','keV', 1, ' Upper edge of energy    bin '
'Emean','keV', 1, ' Mean energy of bin '
'Value','particles/cm2/bin',1,             'Fluence/flux'
'Error','particles/cm2/bin',1,'Error in   fluence/flux'
  0.000000E+00,   4.000000E+01,   2.000000E+01,   1.968458E+05,   0.000000E+00
  4.000000E+01,   1.000000E+02,   7.000000E+01,   2.952686E+05,   0.000000E+00
  1.000000E+02,   2.000000E+02,   1.500000E+02,   4.921144E+05,   0.000000E+00
  2.000000E+02,   3.000000E+02,   2.500000E+02,   4.921144E+05,   0.000000E+00
  3.000000E+02,   4.000000E+02,   3.500000E+02,   4.921144E+05,   0.000000E+00
  4.000000E+02,   5.000000E+02,   4.500000E+02,   4.921144E+05,   0.000000E+00
  5.000000E+02,   6.000000E+02,   5.500000E+02,   4.921144E+05,   0.000000E+00
  6.000000E+02,   7.000000E+02,   6.500000E+02,   4.921144E+05,   0.000000E+00
  7.000000E+02,   8.000000E+02,   7.500000E+02,   4.921144E+05,   0.000000E+00
  8.000000E+02,   1.000000E+03,   9.000000E+02,   9.769608E+05,   0.000000E+00
  1.000000E+03,   1.250000E+03,   1.125000E+03,   1.210467E+06,   0.000000E+00
  1.250000E+03,   1.500000E+03,   1.375000E+03,   1.171965E+06,   0.000000E+00
  1.500000E+03,   1.750000E+03,   1.625000E+03,   1.140499E+06,   0.000000E+00
  1.750000E+03,   2.000000E+03,   1.875000E+03,   1.089485E+06,   0.000000E+00
  2.000000E+03,   2.250000E+03,   2.125000E+03,   1.040178E+06,   0.000000E+00
  2.250000E+03,   2.500000E+03,   2.375000E+03,   9.959941E+05,   0.000000E+00
  2.500000E+03,   2.750000E+03,   2.625000E+03,   9.402523E+05,   0.000000E+00
  2.750000E+03,   3.000000E+03,   2.875000E+03,   8.839164E+05,   0.000000E+00
  3.000000E+03,   3.250000E+03,   3.125000E+03,   8.475828E+05,   0.000000E+00
  3.250000E+03,   3.500000E+03,   3.375000E+03,   8.066392E+05,   0.000000E+00
  3.500000E+03,   3.750000E+03,   3.625000E+03,   7.628799E+05,   0.000000E+00
  3.750000E+03,   4.000000E+03,   3.875000E+03,   7.179138E+05,   0.000000E+00
  4.000000E+03,   4.250000E+03,   4.125000E+03,   6.665807E+05,   0.000000E+00
  4.250000E+03,   4.500000E+03,   4.375000E+03,   6.639758E+05,   0.000000E+00
  4.500000E+03,   4.750000E+03,   4.625000E+03,   6.102294E+05,   0.000000E+00
  4.750000E+03,   5.000000E+03,   4.875000E+03,   5.791553E+05,   0.000000E+00
  5.000000E+03,   5.500000E+03,   5.250000E+03,   1.066422E+06,   0.000000E+00
  5.500000E+03,   6.000000E+03,   5.750000E+03,   9.702155E+05,   0.000000E+00
  6.000000E+03,   6.500000E+03,   6.250000E+03,   8.818858E+05,   0.000000E+00
  6.500000E+03,   7.000000E+03,   6.750000E+03,   8.148010E+05,   0.000000E+00
  7.000000E+03,   1.000000E+04,   8.500000E+03,   3.679995E+06,   0.000000E+00
  1.000000E+04,   2.000000E+04,   1.500000E+04,   6.063519E+06,   0.000000E+00
  2.000000E+04,   3.000000E+04,   2.500000E+04,   2.903922E+06,   0.000000E+00
  3.000000E+04,   4.000000E+04,   3.500000E+04,   1.699092E+06,   0.000000E+00
  4.000000E+04,   5.000000E+04,   4.500000E+04,   1.037666E+06,   0.000000E+00
  5.000000E+04,   6.000000E+04,   5.500000E+04,   6.661139E+05,   0.000000E+00
  6.000000E+04,   7.000000E+04,   6.500000E+04,   4.448666E+05,   0.000000E+00
  7.000000E+04,   8.000000E+04,   7.500000E+04,   3.063468E+05,   0.000000E+00
  8.000000E+04,   1.000000E+05,   9.000000E+04,   3.885144E+05,   0.000000E+00
  1.000000E+05,   1.500000E+05,   1.250000E+05,   4.664659E+05,   0.000000E+00
  1.500000E+05,   2.000000E+05,   1.750000E+05,   1.876659E+05,   0.000000E+00
  2.000000E+05,   3.000000E+05,   2.500000E+05,   1.153643E+05,   0.000000E+00
  3.000000E+05,   4.000000E+05,   3.500000E+05,   1.911335E+04,   0.000000E+00
  4.000000E+05,   5.000000E+05,   4.500000E+05,   4.252352E+03,   0.000000E+00
  5.000000E+05,   8.000000E+05,   6.500000E+05,   2.806345E+02,   0.000000E+00
  8.000000E+05,   1.000000E+06,   0.000000E+00,   0.000000E+00,   0.000000E+00
'End of File'
