'*',    13,     3,     4,     0,     5,     5,    46,     2
'OMNIDIRECTIONAL FLUENCE ANALYSIS'
'MULASSIS ml-v01-19'
'geant4-09-02-ref-00 (19-December-2008)'
'FLU_BDY', 1, 2, ' '
'FLU_PAR, -1, proton  '
'FLU_AMN', 1, 0., 'deg'
'FLU_AMX', 1, 90., 'deg'
'Elo','keV', 1, ' Lower edge of energy    bin '
'Eup','keV', 1, ' Upper edge of energy    bin '
'Emean','keV', 1, ' Mean energy of bin '
'Value','particles/cm2/bin',1,             'Fluence/flux'
'Error','particles/cm2/bin',1,'Error in   fluence/flux'
  0.000000E+00,   4.000000E+01,   2.000000E+01,   1.343958E+05,   0.000000E+00
  4.000000E+01,   1.000000E+02,   7.000000E+01,   2.015937E+05,   0.000000E+00
  1.000000E+02,   2.000000E+02,   1.500000E+02,   3.359894E+05,   0.000000E+00
  2.000000E+02,   3.000000E+02,   2.500000E+02,   3.359894E+05,   0.000000E+00
  3.000000E+02,   4.000000E+02,   3.500000E+02,   3.359894E+05,   0.000000E+00
  4.000000E+02,   5.000000E+02,   4.500000E+02,   3.359894E+05,   0.000000E+00
  5.000000E+02,   6.000000E+02,   5.500000E+02,   3.359894E+05,   0.000000E+00
  6.000000E+02,   7.000000E+02,   6.500000E+02,   3.359894E+05,   0.000000E+00
  7.000000E+02,   8.000000E+02,   7.500000E+02,   3.359894E+05,   0.000000E+00
  8.000000E+02,   1.000000E+03,   9.000000E+02,   7.125354E+05,   0.000000E+00
  1.000000E+03,   1.250000E+03,   1.125000E+03,   9.505661E+05,   0.000000E+00
  1.250000E+03,   1.500000E+03,   1.375000E+03,   1.019686E+06,   0.000000E+00
  1.500000E+03,   1.750000E+03,   1.625000E+03,   1.064587E+06,   0.000000E+00
  1.750000E+03,   2.000000E+03,   1.875000E+03,   1.180503E+06,   0.000000E+00
  2.000000E+03,   2.250000E+03,   2.125000E+03,   1.268479E+06,   0.000000E+00
  2.250000E+03,   2.500000E+03,   2.375000E+03,   1.332561E+06,   0.000000E+00
  2.500000E+03,   2.750000E+03,   2.625000E+03,   1.440061E+06,   0.000000E+00
  2.750000E+03,   3.000000E+03,   2.875000E+03,   1.589762E+06,   0.000000E+00
  3.000000E+03,   3.250000E+03,   3.125000E+03,   1.645638E+06,   0.000000E+00
  3.250000E+03,   3.500000E+03,   3.375000E+03,   1.714729E+06,   0.000000E+00
  3.500000E+03,   3.750000E+03,   3.625000E+03,   1.815959E+06,   0.000000E+00
  3.750000E+03,   4.000000E+03,   3.875000E+03,   1.960146E+06,   0.000000E+00
  4.000000E+03,   4.250000E+03,   4.125000E+03,   2.055905E+06,   0.000000E+00
  4.250000E+03,   4.500000E+03,   4.375000E+03,   2.060279E+06,   0.000000E+00
  4.500000E+03,   4.750000E+03,   4.625000E+03,   2.223259E+06,   0.000000E+00
  4.750000E+03,   5.000000E+03,   4.875000E+03,   2.316763E+06,   0.000000E+00
  5.000000E+03,   5.500000E+03,   5.250000E+03,   4.914240E+06,   0.000000E+00
  5.500000E+03,   6.000000E+03,   5.750000E+03,   5.305025E+06,   0.000000E+00
  6.000000E+03,   6.500000E+03,   6.250000E+03,   5.658737E+06,   0.000000E+00
  6.500000E+03,   7.000000E+03,   6.750000E+03,   6.109630E+06,   0.000000E+00
  7.000000E+03,   1.000000E+04,   8.500000E+03,   4.561761E+07,   0.000000E+00
  1.000000E+04,   2.000000E+04,   1.500000E+04,   2.463856E+08,   0.000000E+00
  2.000000E+04,   3.000000E+04,   2.500000E+04,   3.619732E+08,   0.000000E+00
  3.000000E+04,   4.000000E+04,   3.500000E+04,   4.398986E+08,   0.000000E+00
  4.000000E+04,   5.000000E+04,   4.500000E+04,   4.903065E+08,   0.000000E+00
  5.000000E+04,   6.000000E+04,   5.500000E+04,   4.993767E+08,   0.000000E+00
  6.000000E+04,   7.000000E+04,   6.500000E+04,   5.499682E+08,   0.000000E+00
  7.000000E+04,   8.000000E+04,   7.500000E+04,   5.156135E+08,   0.000000E+00
  8.000000E+04,   1.000000E+05,   9.000000E+04,   9.150488E+08,   0.000000E+00
  1.000000E+05,   1.500000E+05,   1.250000E+05,   1.331082E+09,   0.000000E+00
  1.500000E+05,   2.000000E+05,   1.750000E+05,   8.112630E+08,   0.000000E+00
  2.000000E+05,   3.000000E+05,   2.500000E+05,   7.890370E+08,   0.000000E+00
  3.000000E+05,   4.000000E+05,   3.500000E+05,   1.900999E+08,   0.000000E+00
  4.000000E+05,   5.000000E+05,   4.500000E+05,   6.050432E+05,   0.000000E+00
  5.000000E+05,   8.000000E+05,   6.500000E+05,   2.160991E+05,   0.000000E+00
  8.000000E+05,   1.000000E+06,   0.000000E+00,   0.000000E+00,   0.000000E+00
'End of Block'
'*',    13,     3,     4,     0,     5,     5,    46,     1
'OMNIDIRECTIONAL FLUENCE ANALYSIS'
'MULASSIS ml-v01-19'
'geant4-09-02-ref-00 (19-December-2008)'
'FLU_BDY', 1, 2, ' '
'FLU_PAR, -1, e-      '
'FLU_AMN', 1, 0., 'deg'
'FLU_AMX', 1, 90., 'deg'
'Elo','keV', 1, ' Lower edge of energy    bin '
'Eup','keV', 1, ' Upper edge of energy    bin '
'Emean','keV', 1, ' Mean energy of bin '
'Value','particles/cm2/bin',1,             'Fluence/flux'
'Error','particles/cm2/bin',1,'Error in   fluence/flux'
  0.000000E+00,   4.000000E+01,   2.000000E+01,   8.551058E+08,   0.000000E+00
  4.000000E+01,   1.000000E+02,   7.000000E+01,   9.073043E+08,   0.000000E+00
  1.000000E+02,   2.000000E+02,   1.500000E+02,   1.474836E+09,   0.000000E+00
  2.000000E+02,   3.000000E+02,   2.500000E+02,   1.509185E+09,   0.000000E+00
  3.000000E+02,   4.000000E+02,   3.500000E+02,   1.437073E+09,   0.000000E+00
  4.000000E+02,   5.000000E+02,   4.500000E+02,   1.317065E+09,   0.000000E+00
  5.000000E+02,   6.000000E+02,   5.500000E+02,   1.187268E+09,   0.000000E+00
  6.000000E+02,   7.000000E+02,   6.500000E+02,   1.052837E+09,   0.000000E+00
  7.000000E+02,   8.000000E+02,   7.500000E+02,   9.159064E+08,   0.000000E+00
  8.000000E+02,   1.000000E+03,   9.000000E+02,   1.449882E+09,   0.000000E+00
  1.000000E+03,   1.250000E+03,   1.125000E+03,   1.181546E+09,   0.000000E+00
  1.250000E+03,   1.500000E+03,   1.375000E+03,   6.507225E+08,   0.000000E+00
  1.500000E+03,   1.750000E+03,   1.625000E+03,   3.643608E+08,   0.000000E+00
  1.750000E+03,   2.000000E+03,   1.875000E+03,   2.124378E+08,   0.000000E+00
  2.000000E+03,   2.250000E+03,   2.125000E+03,   1.293290E+08,   0.000000E+00
  2.250000E+03,   2.500000E+03,   2.375000E+03,   7.803097E+07,   0.000000E+00
  2.500000E+03,   2.750000E+03,   2.625000E+03,   4.588861E+07,   0.000000E+00
  2.750000E+03,   3.000000E+03,   2.875000E+03,   2.558050E+07,   0.000000E+00
  3.000000E+03,   3.250000E+03,   3.125000E+03,   1.370671E+07,   0.000000E+00
  3.250000E+03,   3.500000E+03,   3.375000E+03,   7.213013E+06,   0.000000E+00
  3.500000E+03,   3.750000E+03,   3.625000E+03,   3.525245E+06,   0.000000E+00
  3.750000E+03,   4.000000E+03,   3.875000E+03,   1.625085E+06,   0.000000E+00
  4.000000E+03,   4.250000E+03,   4.125000E+03,   6.989484E+05,   0.000000E+00
  4.250000E+03,   4.500000E+03,   4.375000E+03,   2.389671E+05,   0.000000E+00
  4.500000E+03,   4.750000E+03,   4.625000E+03,   5.997625E+04,   0.000000E+00
  4.750000E+03,   5.000000E+03,   4.875000E+03,   1.146672E+04,   0.000000E+00
  5.000000E+03,   5.500000E+03,   5.250000E+03,   1.296596E+04,   0.000000E+00
  5.500000E+03,   6.000000E+03,   5.750000E+03,   1.209215E+04,   0.000000E+00
  6.000000E+03,   6.500000E+03,   6.250000E+03,   1.207897E+04,   0.000000E+00
  6.500000E+03,   7.000000E+03,   6.750000E+03,   1.207897E+04,   0.000000E+00
  7.000000E+03,   1.000000E+04,   8.500000E+03,   7.247384E+04,   0.000000E+00
  1.000000E+04,   2.000000E+04,   1.500000E+04,   2.415795E+05,   0.000000E+00
  2.000000E+04,   3.000000E+04,   2.500000E+04,   2.415795E+05,   0.000000E+00
  3.000000E+04,   4.000000E+04,   3.500000E+04,   2.073986E+05,   0.000000E+00
  4.000000E+04,   5.000000E+04,   4.500000E+04,   1.569071E+05,   0.000000E+00
  5.000000E+04,   6.000000E+04,   5.500000E+04,   1.230591E+05,   0.000000E+00
  6.000000E+04,   7.000000E+04,   6.500000E+04,   1.006733E+05,   0.000000E+00
  7.000000E+04,   8.000000E+04,   7.500000E+04,   8.262126E+04,   0.000000E+00
  8.000000E+04,   1.000000E+05,   9.000000E+04,   1.315739E+05,   0.000000E+00
  1.000000E+05,   1.500000E+05,   1.250000E+05,   1.810783E+05,   0.000000E+00
  1.500000E+05,   2.000000E+05,   1.750000E+05,   6.833210E+04,   0.000000E+00
  2.000000E+05,   3.000000E+05,   2.500000E+05,   3.360052E+04,   0.000000E+00
  3.000000E+05,   4.000000E+05,   3.500000E+05,   5.226828E+03,   0.000000E+00
  4.000000E+05,   5.000000E+05,   4.500000E+05,   3.254630E+01,   0.000000E+00
  5.000000E+05,   8.000000E+05,   6.500000E+05,   4.194053E+00,   0.000000E+00
  8.000000E+05,   1.000000E+06,   0.000000E+00,   0.000000E+00,   0.000000E+00
'End of Block'
'*',    13,     3,     4,     0,     5,     5,    46,    -1
'OMNIDIRECTIONAL FLUENCE ANALYSIS'
'MULASSIS ml-v01-19'
'geant4-09-02-ref-00 (19-December-2008)'
'FLU_BDY', 1, 2, ' '
'FLU_PAR, -1, neutron '
'FLU_AMN', 1, 0., 'deg'
'FLU_AMX', 1, 90., 'deg'
'Elo','keV', 1, ' Lower edge of energy    bin '
'Eup','keV', 1, ' Upper edge of energy    bin '
'Emean','keV', 1, ' Mean energy of bin '
'Value','particles/cm2/bin',1,             'Fluence/flux'
'Error','particles/cm2/bin',1,'Error in   fluence/flux'
  0.000000E+00,   4.000000E+01,   2.000000E+01,   5.274130E+05,   0.000000E+00
  4.000000E+01,   1.000000E+02,   7.000000E+01,   7.911196E+05,   0.000000E+00
  1.000000E+02,   2.000000E+02,   1.500000E+02,   1.318533E+06,   0.000000E+00
  2.000000E+02,   3.000000E+02,   2.500000E+02,   1.318533E+06,   0.000000E+00
  3.000000E+02,   4.000000E+02,   3.500000E+02,   1.318533E+06,   0.000000E+00
  4.000000E+02,   5.000000E+02,   4.500000E+02,   1.318533E+06,   0.000000E+00
  5.000000E+02,   6.000000E+02,   5.500000E+02,   1.318533E+06,   0.000000E+00
  6.000000E+02,   7.000000E+02,   6.500000E+02,   1.318533E+06,   0.000000E+00
  7.000000E+02,   8.000000E+02,   7.500000E+02,   1.318533E+06,   0.000000E+00
  8.000000E+02,   1.000000E+03,   9.000000E+02,   2.632239E+06,   0.000000E+00
  1.000000E+03,   1.250000E+03,   1.125000E+03,   3.283172E+06,   0.000000E+00
  1.250000E+03,   1.500000E+03,   1.375000E+03,   3.254883E+06,   0.000000E+00
  1.500000E+03,   1.750000E+03,   1.625000E+03,   3.228686E+06,   0.000000E+00
  1.750000E+03,   2.000000E+03,   1.875000E+03,   3.186132E+06,   0.000000E+00
  2.000000E+03,   2.250000E+03,   2.125000E+03,   3.135149E+06,   0.000000E+00
  2.250000E+03,   2.500000E+03,   2.375000E+03,   3.080285E+06,   0.000000E+00
  2.500000E+03,   2.750000E+03,   2.625000E+03,   3.019127E+06,   0.000000E+00
  2.750000E+03,   3.000000E+03,   2.875000E+03,   2.944324E+06,   0.000000E+00
  3.000000E+03,   3.250000E+03,   3.125000E+03,   2.879431E+06,   0.000000E+00
  3.250000E+03,   3.500000E+03,   3.375000E+03,   2.830121E+06,   0.000000E+00
  3.500000E+03,   3.750000E+03,   3.625000E+03,   2.728885E+06,   0.000000E+00
  3.750000E+03,   4.000000E+03,   3.875000E+03,   2.678842E+06,   0.000000E+00
  4.000000E+03,   4.250000E+03,   4.125000E+03,   2.555242E+06,   0.000000E+00
  4.250000E+03,   4.500000E+03,   4.375000E+03,   2.543695E+06,   0.000000E+00
  4.500000E+03,   4.750000E+03,   4.625000E+03,   2.401791E+06,   0.000000E+00
  4.750000E+03,   5.000000E+03,   4.875000E+03,   2.370074E+06,   0.000000E+00
  5.000000E+03,   5.500000E+03,   5.250000E+03,   4.468021E+06,   0.000000E+00
  5.500000E+03,   6.000000E+03,   5.750000E+03,   4.201350E+06,   0.000000E+00
  6.000000E+03,   6.500000E+03,   6.250000E+03,   3.934204E+06,   0.000000E+00
  6.500000E+03,   7.000000E+03,   6.750000E+03,   3.720520E+06,   0.000000E+00
  7.000000E+03,   1.000000E+04,   8.500000E+03,   1.790638E+07,   0.000000E+00
  1.000000E+04,   2.000000E+04,   1.500000E+04,   3.213253E+07,   0.000000E+00
  2.000000E+04,   3.000000E+04,   2.500000E+04,   1.681229E+07,   0.000000E+00
  3.000000E+04,   4.000000E+04,   3.500000E+04,   1.151662E+07,   0.000000E+00
  4.000000E+04,   5.000000E+04,   4.500000E+04,   8.444764E+06,   0.000000E+00
  5.000000E+04,   6.000000E+04,   5.500000E+04,   6.453432E+06,   0.000000E+00
  6.000000E+04,   7.000000E+04,   6.500000E+04,   5.040423E+06,   0.000000E+00
  7.000000E+04,   8.000000E+04,   7.500000E+04,   4.017396E+06,   0.000000E+00
  8.000000E+04,   1.000000E+05,   9.000000E+04,   5.931673E+06,   0.000000E+00
  1.000000E+05,   1.500000E+05,   1.250000E+05,   8.479425E+06,   0.000000E+00
  1.500000E+05,   2.000000E+05,   1.750000E+05,   3.937905E+06,   0.000000E+00
  2.000000E+05,   3.000000E+05,   2.500000E+05,   2.209737E+06,   0.000000E+00
  3.000000E+05,   4.000000E+05,   3.500000E+05,   2.199354E+05,   0.000000E+00
  4.000000E+05,   5.000000E+05,   4.500000E+05,   1.067715E+03,   0.000000E+00
  5.000000E+05,   8.000000E+05,   6.500000E+05,   7.094062E+01,   0.000000E+00
  8.000000E+05,   1.000000E+06,   0.000000E+00,   0.000000E+00,   0.000000E+00
'End of File'
