'*',    13,     3,     4,     0,     5,     5,    46,     2
'OMNIDIRECTIONAL FLUENCE ANALYSIS'
'MULASSIS ml-v01-19'
'geant4-09-02-ref-00 (19-December-2008)'
'FLU_BDY', 1, 2, ' '
'FLU_PAR, -1, proton  '
'FLU_AMN', 1, 0., 'deg'
'FLU_AMX', 1, 90., 'deg'
'Elo','keV', 1, ' Lower edge of energy    bin '
'Eup','keV', 1, ' Upper edge of energy    bin '
'Emean','keV', 1, ' Mean energy of bin '
'Value','particles/cm2/bin',1,             'Fluence/flux'
'Error','particles/cm2/bin',1,'Error in   fluence/flux'
  0.000000E+00,   4.000000E+01,   2.000000E+01,   2.227006E+04,   0.000000E+00
  4.000000E+01,   1.000000E+02,   7.000000E+01,   3.340509E+04,   0.000000E+00
  1.000000E+02,   2.000000E+02,   1.500000E+02,   5.567514E+04,   0.000000E+00
  2.000000E+02,   3.000000E+02,   2.500000E+02,   5.567514E+04,   0.000000E+00
  3.000000E+02,   4.000000E+02,   3.500000E+02,   5.567514E+04,   0.000000E+00
  4.000000E+02,   5.000000E+02,   4.500000E+02,   5.567514E+04,   0.000000E+00
  5.000000E+02,   6.000000E+02,   5.500000E+02,   5.567514E+04,   0.000000E+00
  6.000000E+02,   7.000000E+02,   6.500000E+02,   5.567514E+04,   0.000000E+00
  7.000000E+02,   8.000000E+02,   7.500000E+02,   5.567514E+04,   0.000000E+00
  8.000000E+02,   1.000000E+03,   9.000000E+02,   1.167904E+05,   0.000000E+00
  1.000000E+03,   1.250000E+03,   1.125000E+03,   1.540223E+05,   0.000000E+00
  1.250000E+03,   1.500000E+03,   1.375000E+03,   1.636690E+05,   0.000000E+00
  1.500000E+03,   1.750000E+03,   1.625000E+03,   1.701614E+05,   0.000000E+00
  1.750000E+03,   2.000000E+03,   1.875000E+03,   1.863082E+05,   0.000000E+00
  2.000000E+03,   2.250000E+03,   2.125000E+03,   1.991361E+05,   0.000000E+00
  2.250000E+03,   2.500000E+03,   2.375000E+03,   2.090487E+05,   0.000000E+00
  2.500000E+03,   2.750000E+03,   2.625000E+03,   2.251952E+05,   0.000000E+00
  2.750000E+03,   3.000000E+03,   2.875000E+03,   2.478741E+05,   0.000000E+00
  3.000000E+03,   3.250000E+03,   3.125000E+03,   2.576286E+05,   0.000000E+00
  3.250000E+03,   3.500000E+03,   3.375000E+03,   2.683665E+05,   0.000000E+00
  3.500000E+03,   3.750000E+03,   3.625000E+03,   2.851356E+05,   0.000000E+00
  3.750000E+03,   4.000000E+03,   3.875000E+03,   3.057224E+05,   0.000000E+00
  4.000000E+03,   4.250000E+03,   4.125000E+03,   3.220614E+05,   0.000000E+00
  4.250000E+03,   4.500000E+03,   4.375000E+03,   3.229156E+05,   0.000000E+00
  4.500000E+03,   4.750000E+03,   4.625000E+03,   3.482025E+05,   0.000000E+00
  4.750000E+03,   5.000000E+03,   4.875000E+03,   3.618717E+05,   0.000000E+00
  5.000000E+03,   5.500000E+03,   5.250000E+03,   7.682335E+05,   0.000000E+00
  5.500000E+03,   6.000000E+03,   5.750000E+03,   8.285300E+05,   0.000000E+00
  6.000000E+03,   6.500000E+03,   6.250000E+03,   8.843371E+05,   0.000000E+00
  6.500000E+03,   7.000000E+03,   6.750000E+03,   9.509077E+05,   0.000000E+00
  7.000000E+03,   1.000000E+04,   8.500000E+03,   7.083475E+06,   0.000000E+00
  1.000000E+04,   2.000000E+04,   1.500000E+04,   3.876366E+07,   0.000000E+00
  2.000000E+04,   3.000000E+04,   2.500000E+04,   5.957659E+07,   0.000000E+00
  3.000000E+04,   4.000000E+04,   3.500000E+04,   7.738307E+07,   0.000000E+00
  4.000000E+04,   5.000000E+04,   4.500000E+04,   9.168747E+07,   0.000000E+00
  5.000000E+04,   6.000000E+04,   5.500000E+04,   9.656028E+07,   0.000000E+00
  6.000000E+04,   7.000000E+04,   6.500000E+04,   1.072606E+08,   0.000000E+00
  7.000000E+04,   8.000000E+04,   7.500000E+04,   1.006374E+08,   0.000000E+00
  8.000000E+04,   1.000000E+05,   9.000000E+04,   1.839383E+08,   0.000000E+00
  1.000000E+05,   1.500000E+05,   1.250000E+05,   2.573413E+08,   0.000000E+00
  1.500000E+05,   2.000000E+05,   1.750000E+05,   1.412654E+08,   0.000000E+00
  2.000000E+05,   3.000000E+05,   2.500000E+05,   1.214211E+08,   0.000000E+00
  3.000000E+05,   4.000000E+05,   3.500000E+05,   1.070802E+07,   0.000000E+00
  4.000000E+05,   5.000000E+05,   4.500000E+05,   8.926522E+04,   0.000000E+00
  5.000000E+05,   8.000000E+05,   6.500000E+05,   3.690345E+04,   0.000000E+00
  8.000000E+05,   1.000000E+06,   0.000000E+00,   0.000000E+00,   0.000000E+00
'End of Block'
'*',    13,     3,     4,     0,     5,     5,    46,     1
'OMNIDIRECTIONAL FLUENCE ANALYSIS'
'MULASSIS ml-v01-19'
'geant4-09-02-ref-00 (19-December-2008)'
'FLU_BDY', 1, 2, ' '
'FLU_PAR, -1, e-      '
'FLU_AMN', 1, 0., 'deg'
'FLU_AMX', 1, 90., 'deg'
'Elo','keV', 1, ' Lower edge of energy    bin '
'Eup','keV', 1, ' Upper edge of energy    bin '
'Emean','keV', 1, ' Mean energy of bin '
'Value','particles/cm2/bin',1,             'Fluence/flux'
'Error','particles/cm2/bin',1,'Error in   fluence/flux'
  0.000000E+00,   4.000000E+01,   2.000000E+01,   2.231761E+08,   0.000000E+00
  4.000000E+01,   1.000000E+02,   7.000000E+01,   2.558066E+08,   0.000000E+00
  1.000000E+02,   2.000000E+02,   1.500000E+02,   4.316357E+08,   0.000000E+00
  2.000000E+02,   3.000000E+02,   2.500000E+02,   4.500373E+08,   0.000000E+00
  3.000000E+02,   4.000000E+02,   3.500000E+02,   4.338210E+08,   0.000000E+00
  4.000000E+02,   5.000000E+02,   4.500000E+02,   4.013637E+08,   0.000000E+00
  5.000000E+02,   6.000000E+02,   5.500000E+02,   3.647829E+08,   0.000000E+00
  6.000000E+02,   7.000000E+02,   6.500000E+02,   3.258710E+08,   0.000000E+00
  7.000000E+02,   8.000000E+02,   7.500000E+02,   2.854536E+08,   0.000000E+00
  8.000000E+02,   1.000000E+03,   9.000000E+02,   4.560861E+08,   0.000000E+00
  1.000000E+03,   1.250000E+03,   1.125000E+03,   3.771414E+08,   0.000000E+00
  1.250000E+03,   1.500000E+03,   1.375000E+03,   2.120803E+08,   0.000000E+00
  1.500000E+03,   1.750000E+03,   1.625000E+03,   1.216382E+08,   0.000000E+00
  1.750000E+03,   2.000000E+03,   1.875000E+03,   7.308581E+07,   0.000000E+00
  2.000000E+03,   2.250000E+03,   2.125000E+03,   4.583890E+07,   0.000000E+00
  2.250000E+03,   2.500000E+03,   2.375000E+03,   2.855786E+07,   0.000000E+00
  2.500000E+03,   2.750000E+03,   2.625000E+03,   1.735450E+07,   0.000000E+00
  2.750000E+03,   3.000000E+03,   2.875000E+03,   9.971311E+06,   0.000000E+00
  3.000000E+03,   3.250000E+03,   3.125000E+03,   5.527095E+06,   0.000000E+00
  3.250000E+03,   3.500000E+03,   3.375000E+03,   3.041866E+06,   0.000000E+00
  3.500000E+03,   3.750000E+03,   3.625000E+03,   1.543820E+06,   0.000000E+00
  3.750000E+03,   4.000000E+03,   3.875000E+03,   7.281431E+05,   0.000000E+00
  4.000000E+03,   4.250000E+03,   4.125000E+03,   3.209426E+05,   0.000000E+00
  4.250000E+03,   4.500000E+03,   4.375000E+03,   1.148608E+05,   0.000000E+00
  4.500000E+03,   4.750000E+03,   4.625000E+03,   2.860707E+04,   0.000000E+00
  4.750000E+03,   5.000000E+03,   4.875000E+03,   3.762513E+03,   0.000000E+00
  5.000000E+03,   5.500000E+03,   5.250000E+03,   2.495202E+03,   0.000000E+00
  5.500000E+03,   6.000000E+03,   5.750000E+03,   2.051927E+03,   0.000000E+00
  6.000000E+03,   6.500000E+03,   6.250000E+03,   2.045537E+03,   0.000000E+00
  6.500000E+03,   7.000000E+03,   6.750000E+03,   2.045537E+03,   0.000000E+00
  7.000000E+03,   1.000000E+04,   8.500000E+03,   1.227322E+04,   0.000000E+00
  1.000000E+04,   2.000000E+04,   1.500000E+04,   4.091073E+04,   0.000000E+00
  2.000000E+04,   3.000000E+04,   2.500000E+04,   4.091073E+04,   0.000000E+00
  3.000000E+04,   4.000000E+04,   3.500000E+04,   3.623686E+04,   0.000000E+00
  4.000000E+04,   5.000000E+04,   4.500000E+04,   2.889033E+04,   0.000000E+00
  5.000000E+04,   6.000000E+04,   5.500000E+04,   2.327741E+04,   0.000000E+00
  6.000000E+04,   7.000000E+04,   6.500000E+04,   1.914592E+04,   0.000000E+00
  7.000000E+04,   8.000000E+04,   7.500000E+04,   1.565515E+04,   0.000000E+00
  8.000000E+04,   1.000000E+05,   9.000000E+04,   2.475824E+04,   0.000000E+00
  1.000000E+05,   1.500000E+05,   1.250000E+05,   3.225697E+04,   0.000000E+00
  1.500000E+05,   2.000000E+05,   1.750000E+05,   1.074676E+04,   0.000000E+00
  2.000000E+05,   3.000000E+05,   2.500000E+05,   4.003121E+03,   0.000000E+00
  3.000000E+05,   4.000000E+05,   0.000000E+00,  -5.137658E+01,   0.000000E+00
  4.000000E+05,   5.000000E+05,   4.500000E+05,   5.259750E+00,   0.000000E+00
  5.000000E+05,   8.000000E+05,   6.500000E+05,   7.162225E-01,   0.000000E+00
  8.000000E+05,   1.000000E+06,   0.000000E+00,   0.000000E+00,   0.000000E+00
'End of Block'
'*',    13,     3,     4,     0,     5,     5,    46,    -1
'OMNIDIRECTIONAL FLUENCE ANALYSIS'
'MULASSIS ml-v01-19'
'geant4-09-02-ref-00 (19-December-2008)'
'FLU_BDY', 1, 2, ' '
'FLU_PAR, -1, neutron '
'FLU_AMN', 1, 0., 'deg'
'FLU_AMX', 1, 90., 'deg'
'Elo','keV', 1, ' Lower edge of energy    bin '
'Eup','keV', 1, ' Upper edge of energy    bin '
'Emean','keV', 1, ' Mean energy of bin '
'Value','particles/cm2/bin',1,             'Fluence/flux'
'Error','particles/cm2/bin',1,'Error in   fluence/flux'
  0.000000E+00,   4.000000E+01,   2.000000E+01,   9.463904E+04,   0.000000E+00
  4.000000E+01,   1.000000E+02,   7.000000E+01,   1.419586E+05,   0.000000E+00
  1.000000E+02,   2.000000E+02,   1.500000E+02,   2.365976E+05,   0.000000E+00
  2.000000E+02,   3.000000E+02,   2.500000E+02,   2.365976E+05,   0.000000E+00
  3.000000E+02,   4.000000E+02,   3.500000E+02,   2.365976E+05,   0.000000E+00
  4.000000E+02,   5.000000E+02,   4.500000E+02,   2.365976E+05,   0.000000E+00
  5.000000E+02,   6.000000E+02,   5.500000E+02,   2.365976E+05,   0.000000E+00
  6.000000E+02,   7.000000E+02,   6.500000E+02,   2.365976E+05,   0.000000E+00
  7.000000E+02,   8.000000E+02,   7.500000E+02,   2.365976E+05,   0.000000E+00
  8.000000E+02,   1.000000E+03,   9.000000E+02,   4.725479E+05,   0.000000E+00
  1.000000E+03,   1.250000E+03,   1.125000E+03,   5.897288E+05,   0.000000E+00
  1.250000E+03,   1.500000E+03,   1.375000E+03,   5.857807E+05,   0.000000E+00
  1.500000E+03,   1.750000E+03,   1.625000E+03,   5.819894E+05,   0.000000E+00
  1.750000E+03,   2.000000E+03,   1.875000E+03,   5.758816E+05,   0.000000E+00
  2.000000E+03,   2.250000E+03,   2.125000E+03,   5.682805E+05,   0.000000E+00
  2.250000E+03,   2.500000E+03,   2.375000E+03,   5.597937E+05,   0.000000E+00
  2.500000E+03,   2.750000E+03,   2.625000E+03,   5.500733E+05,   0.000000E+00
  2.750000E+03,   3.000000E+03,   2.875000E+03,   5.373734E+05,   0.000000E+00
  3.000000E+03,   3.250000E+03,   3.125000E+03,   5.257561E+05,   0.000000E+00
  3.250000E+03,   3.500000E+03,   3.375000E+03,   5.176459E+05,   0.000000E+00
  3.500000E+03,   3.750000E+03,   3.625000E+03,   4.986199E+05,   0.000000E+00
  3.750000E+03,   4.000000E+03,   3.875000E+03,   4.906506E+05,   0.000000E+00
  4.000000E+03,   4.250000E+03,   4.125000E+03,   4.677368E+05,   0.000000E+00
  4.250000E+03,   4.500000E+03,   4.375000E+03,   4.654817E+05,   0.000000E+00
  4.500000E+03,   4.750000E+03,   4.625000E+03,   4.391489E+05,   0.000000E+00
  4.750000E+03,   5.000000E+03,   4.875000E+03,   4.343839E+05,   0.000000E+00
  5.000000E+03,   5.500000E+03,   5.250000E+03,   8.176504E+05,   0.000000E+00
  5.500000E+03,   6.000000E+03,   5.750000E+03,   7.682647E+05,   0.000000E+00
  6.000000E+03,   6.500000E+03,   6.250000E+03,   7.173249E+05,   0.000000E+00
  6.500000E+03,   7.000000E+03,   6.750000E+03,   6.757136E+05,   0.000000E+00
  7.000000E+03,   1.000000E+04,   8.500000E+03,   3.214813E+06,   0.000000E+00
  1.000000E+04,   2.000000E+04,   1.500000E+04,   5.704704E+06,   0.000000E+00
  2.000000E+04,   3.000000E+04,   2.500000E+04,   3.044114E+06,   0.000000E+00
  3.000000E+04,   4.000000E+04,   3.500000E+04,   2.109890E+06,   0.000000E+00
  4.000000E+04,   5.000000E+04,   4.500000E+04,   1.542990E+06,   0.000000E+00
  5.000000E+04,   6.000000E+04,   5.500000E+04,   1.176382E+06,   0.000000E+00
  6.000000E+04,   7.000000E+04,   6.500000E+04,   9.089257E+05,   0.000000E+00
  7.000000E+04,   8.000000E+04,   7.500000E+04,   7.176631E+05,   0.000000E+00
  8.000000E+04,   1.000000E+05,   9.000000E+04,   1.033756E+06,   0.000000E+00
  1.000000E+05,   1.500000E+05,   1.250000E+05,   1.387540E+06,   0.000000E+00
  1.500000E+05,   2.000000E+05,   1.750000E+05,   5.839829E+05,   0.000000E+00
  2.000000E+05,   3.000000E+05,   2.500000E+05,   2.606050E+05,   0.000000E+00
  3.000000E+05,   4.000000E+05,   0.000000E+00,  -5.836883E+03,   0.000000E+00
  4.000000E+05,   5.000000E+05,   4.500000E+05,   1.742906E+02,   0.000000E+00
  5.000000E+05,   8.000000E+05,   6.500000E+05,   1.211460E+01,   0.000000E+00
  8.000000E+05,   1.000000E+06,   0.000000E+00,   0.000000E+00,   0.000000E+00
'End of File'
