'*',    13,     3,     4,     0,     5,     5,    46,     2
'OMNIDIRECTIONAL FLUENCE ANALYSIS'
'MULASSIS ml-v01-19'
'geant4-09-02-ref-00 (19-December-2008)'
'FLU_BDY', 1, 2, ' '
'FLU_PAR, -1, proton  '
'FLU_AMN', 1, 0., 'deg'
'FLU_AMX', 1, 90., 'deg'
'Elo','keV', 1, ' Lower edge of energy    bin '
'Eup','keV', 1, ' Upper edge of energy    bin '
'Emean','keV', 1, ' Mean energy of bin '
'Value','particles/cm2/bin',1,             'Fluence/flux'
'Error','particles/cm2/bin',1,'Error in   fluence/flux'
  0.000000E+00,   4.000000E+01,   2.000000E+01,   6.456534E+04,   0.000000E+00
  4.000000E+01,   1.000000E+02,   7.000000E+01,   9.684801E+04,   0.000000E+00
  1.000000E+02,   2.000000E+02,   1.500000E+02,   1.614134E+05,   0.000000E+00
  2.000000E+02,   3.000000E+02,   2.500000E+02,   1.614134E+05,   0.000000E+00
  3.000000E+02,   4.000000E+02,   3.500000E+02,   1.614134E+05,   0.000000E+00
  4.000000E+02,   5.000000E+02,   4.500000E+02,   1.614134E+05,   0.000000E+00
  5.000000E+02,   6.000000E+02,   5.500000E+02,   1.614134E+05,   0.000000E+00
  6.000000E+02,   7.000000E+02,   6.500000E+02,   1.614134E+05,   0.000000E+00
  7.000000E+02,   8.000000E+02,   7.500000E+02,   1.614134E+05,   0.000000E+00
  8.000000E+02,   1.000000E+03,   9.000000E+02,   3.633006E+05,   0.000000E+00
  1.000000E+03,   1.250000E+03,   1.125000E+03,   5.139005E+05,   0.000000E+00
  1.250000E+03,   1.500000E+03,   1.375000E+03,   5.762187E+05,   0.000000E+00
  1.500000E+03,   1.750000E+03,   1.625000E+03,   6.120842E+05,   0.000000E+00
  1.750000E+03,   2.000000E+03,   1.875000E+03,   7.149532E+05,   0.000000E+00
  2.000000E+03,   2.250000E+03,   2.125000E+03,   7.782232E+05,   0.000000E+00
  2.250000E+03,   2.500000E+03,   2.375000E+03,   8.124209E+05,   0.000000E+00
  2.500000E+03,   2.750000E+03,   2.625000E+03,   8.914933E+05,   0.000000E+00
  2.750000E+03,   3.000000E+03,   2.875000E+03,   1.004427E+06,   0.000000E+00
  3.000000E+03,   3.250000E+03,   3.125000E+03,   1.028209E+06,   0.000000E+00
  3.250000E+03,   3.500000E+03,   3.375000E+03,   1.073930E+06,   0.000000E+00
  3.500000E+03,   3.750000E+03,   3.625000E+03,   1.132759E+06,   0.000000E+00
  3.750000E+03,   4.000000E+03,   3.875000E+03,   1.253309E+06,   0.000000E+00
  4.000000E+03,   4.250000E+03,   4.125000E+03,   1.294732E+06,   0.000000E+00
  4.250000E+03,   4.500000E+03,   4.375000E+03,   1.295386E+06,   0.000000E+00
  4.500000E+03,   4.750000E+03,   4.625000E+03,   1.402956E+06,   0.000000E+00
  4.750000E+03,   5.000000E+03,   4.875000E+03,   1.472664E+06,   0.000000E+00
  5.000000E+03,   5.500000E+03,   5.250000E+03,   3.124139E+06,   0.000000E+00
  5.500000E+03,   6.000000E+03,   5.750000E+03,   3.393545E+06,   0.000000E+00
  6.000000E+03,   6.500000E+03,   6.250000E+03,   3.612851E+06,   0.000000E+00
  6.500000E+03,   7.000000E+03,   6.750000E+03,   3.967424E+06,   0.000000E+00
  7.000000E+03,   1.000000E+04,   8.500000E+03,   2.993679E+07,   0.000000E+00
  1.000000E+04,   2.000000E+04,   1.500000E+04,   1.525368E+08,   0.000000E+00
  2.000000E+04,   3.000000E+04,   2.500000E+04,   1.760193E+08,   0.000000E+00
  3.000000E+04,   4.000000E+04,   3.500000E+04,   1.606440E+08,   0.000000E+00
  4.000000E+04,   5.000000E+04,   4.500000E+04,   1.312952E+08,   0.000000E+00
  5.000000E+04,   6.000000E+04,   5.500000E+04,   9.394353E+07,   0.000000E+00
  6.000000E+04,   7.000000E+04,   6.500000E+04,   8.094072E+07,   0.000000E+00
  7.000000E+04,   8.000000E+04,   7.500000E+04,   6.267212E+07,   0.000000E+00
  8.000000E+04,   1.000000E+05,   9.000000E+04,   7.370955E+07,   0.000000E+00
  1.000000E+05,   1.500000E+05,   1.250000E+05,   7.064933E+07,   0.000000E+00
  1.500000E+05,   2.000000E+05,   1.750000E+05,   3.135065E+07,   0.000000E+00
  2.000000E+05,   3.000000E+05,   2.500000E+05,   2.843374E+07,   0.000000E+00
  3.000000E+05,   4.000000E+05,   3.500000E+05,   8.068966E+06,   0.000000E+00
  4.000000E+05,   5.000000E+05,   4.500000E+05,   2.239835E+06,   0.000000E+00
  5.000000E+05,   8.000000E+05,   6.500000E+05,   7.968336E+05,   0.000000E+00
  8.000000E+05,   1.000000E+06,   0.000000E+00,   0.000000E+00,   0.000000E+00
'End of Block'
'*',    13,     3,     4,     0,     5,     5,    46,     1
'OMNIDIRECTIONAL FLUENCE ANALYSIS'
'MULASSIS ml-v01-19'
'geant4-09-02-ref-00 (19-December-2008)'
'FLU_BDY', 1, 2, ' '
'FLU_PAR, -1, e-      '
'FLU_AMN', 1, 0., 'deg'
'FLU_AMX', 1, 90., 'deg'
'Elo','keV', 1, ' Lower edge of energy    bin '
'Eup','keV', 1, ' Upper edge of energy    bin '
'Emean','keV', 1, ' Mean energy of bin '
'Value','particles/cm2/bin',1,             'Fluence/flux'
'Error','particles/cm2/bin',1,'Error in   fluence/flux'
  0.000000E+00,   4.000000E+01,   2.000000E+01,   1.789302E+11,   0.000000E+00
  4.000000E+01,   1.000000E+02,   7.000000E+01,   2.398461E+11,   0.000000E+00
  1.000000E+02,   2.000000E+02,   1.500000E+02,   4.538623E+11,   0.000000E+00
  2.000000E+02,   3.000000E+02,   2.500000E+02,   4.769775E+11,   0.000000E+00
  3.000000E+02,   4.000000E+02,   3.500000E+02,   4.487644E+11,   0.000000E+00
  4.000000E+02,   5.000000E+02,   4.500000E+02,   4.034286E+11,   0.000000E+00
  5.000000E+02,   6.000000E+02,   5.500000E+02,   3.554843E+11,   0.000000E+00
  6.000000E+02,   7.000000E+02,   6.500000E+02,   3.074658E+11,   0.000000E+00
  7.000000E+02,   8.000000E+02,   7.500000E+02,   2.609927E+11,   0.000000E+00
  8.000000E+02,   1.000000E+03,   9.000000E+02,   3.985193E+11,   0.000000E+00
  1.000000E+03,   1.250000E+03,   1.125000E+03,   3.119635E+11,   0.000000E+00
  1.250000E+03,   1.500000E+03,   1.375000E+03,   1.680666E+11,   0.000000E+00
  1.500000E+03,   1.750000E+03,   1.625000E+03,   9.165471E+10,   0.000000E+00
  1.750000E+03,   2.000000E+03,   1.875000E+03,   5.130805E+10,   0.000000E+00
  2.000000E+03,   2.250000E+03,   2.125000E+03,   2.962578E+10,   0.000000E+00
  2.250000E+03,   2.500000E+03,   2.375000E+03,   1.667826E+10,   0.000000E+00
  2.500000E+03,   2.750000E+03,   2.625000E+03,   9.063952E+09,   0.000000E+00
  2.750000E+03,   3.000000E+03,   2.875000E+03,   4.650387E+09,   0.000000E+00
  3.000000E+03,   3.250000E+03,   3.125000E+03,   2.219873E+09,   0.000000E+00
  3.250000E+03,   3.500000E+03,   3.375000E+03,   9.286095E+08,   0.000000E+00
  3.500000E+03,   3.750000E+03,   3.625000E+03,   3.472484E+08,   0.000000E+00
  3.750000E+03,   4.000000E+03,   3.875000E+03,   1.211995E+08,   0.000000E+00
  4.000000E+03,   4.250000E+03,   4.125000E+03,   3.911069E+07,   0.000000E+00
  4.250000E+03,   4.500000E+03,   4.375000E+03,   1.013234E+07,   0.000000E+00
  4.500000E+03,   4.750000E+03,   4.625000E+03,   1.970356E+06,   0.000000E+00
  4.750000E+03,   5.000000E+03,   4.875000E+03,   2.127464E+05,   0.000000E+00
  5.000000E+03,   5.500000E+03,   5.250000E+03,   3.959680E+04,   0.000000E+00
  5.500000E+03,   6.000000E+03,   5.750000E+03,   5.732391E+03,   0.000000E+00
  6.000000E+03,   6.500000E+03,   6.250000E+03,   5.163694E+03,   0.000000E+00
  6.500000E+03,   7.000000E+03,   6.750000E+03,   5.163694E+03,   0.000000E+00
  7.000000E+03,   1.000000E+04,   8.500000E+03,   3.098217E+04,   0.000000E+00
  1.000000E+04,   2.000000E+04,   1.500000E+04,   1.032739E+05,   0.000000E+00
  2.000000E+04,   3.000000E+04,   2.500000E+04,   1.032739E+05,   0.000000E+00
  3.000000E+04,   4.000000E+04,   3.500000E+04,   7.078224E+04,   0.000000E+00
  4.000000E+04,   5.000000E+04,   4.500000E+04,   3.274188E+04,   0.000000E+00
  5.000000E+04,   6.000000E+04,   5.500000E+04,   1.692277E+04,   0.000000E+00
  6.000000E+04,   7.000000E+04,   6.500000E+04,   9.959232E+03,   0.000000E+00
  7.000000E+04,   8.000000E+04,   7.500000E+04,   6.357127E+03,   0.000000E+00
  8.000000E+04,   1.000000E+05,   9.000000E+04,   8.006686E+03,   0.000000E+00
  1.000000E+05,   1.500000E+05,   1.250000E+05,   8.368686E+03,   0.000000E+00
  1.500000E+05,   2.000000E+05,   1.750000E+05,   2.638425E+03,   0.000000E+00
  2.000000E+05,   3.000000E+05,   2.500000E+05,   1.484601E+03,   0.000000E+00
  3.000000E+05,   4.000000E+05,   3.500000E+05,   4.036261E+02,   0.000000E+00
  4.000000E+05,   5.000000E+05,   4.500000E+05,   1.201915E+02,   0.000000E+00
  5.000000E+05,   8.000000E+05,   6.500000E+05,   1.546495E+01,   0.000000E+00
  8.000000E+05,   1.000000E+06,   0.000000E+00,   0.000000E+00,   0.000000E+00
'End of Block'
'*',    13,     3,     4,     0,     5,     5,    46,    -1
'OMNIDIRECTIONAL FLUENCE ANALYSIS'
'MULASSIS ml-v01-19'
'geant4-09-02-ref-00 (19-December-2008)'
'FLU_BDY', 1, 2, ' '
'FLU_PAR, -1, neutron '
'FLU_AMN', 1, 0., 'deg'
'FLU_AMX', 1, 90., 'deg'
'Elo','keV', 1, ' Lower edge of energy    bin '
'Eup','keV', 1, ' Upper edge of energy    bin '
'Emean','keV', 1, ' Mean energy of bin '
'Value','particles/cm2/bin',1,             'Fluence/flux'
'Error','particles/cm2/bin',1,'Error in   fluence/flux'
  0.000000E+00,   4.000000E+01,   2.000000E+01,   1.310398E+05,   0.000000E+00
  4.000000E+01,   1.000000E+02,   7.000000E+01,   1.965598E+05,   0.000000E+00
  1.000000E+02,   2.000000E+02,   1.500000E+02,   3.275996E+05,   0.000000E+00
  2.000000E+02,   3.000000E+02,   2.500000E+02,   3.275996E+05,   0.000000E+00
  3.000000E+02,   4.000000E+02,   3.500000E+02,   3.275996E+05,   0.000000E+00
  4.000000E+02,   5.000000E+02,   4.500000E+02,   3.275996E+05,   0.000000E+00
  5.000000E+02,   6.000000E+02,   5.500000E+02,   3.275996E+05,   0.000000E+00
  6.000000E+02,   7.000000E+02,   6.500000E+02,   3.275996E+05,   0.000000E+00
  7.000000E+02,   8.000000E+02,   7.500000E+02,   3.275996E+05,   0.000000E+00
  8.000000E+02,   1.000000E+03,   9.000000E+02,   6.503830E+05,   0.000000E+00
  1.000000E+03,   1.250000E+03,   1.125000E+03,   8.058659E+05,   0.000000E+00
  1.250000E+03,   1.500000E+03,   1.375000E+03,   7.803608E+05,   0.000000E+00
  1.500000E+03,   1.750000E+03,   1.625000E+03,   7.595068E+05,   0.000000E+00
  1.750000E+03,   2.000000E+03,   1.875000E+03,   7.257005E+05,   0.000000E+00
  2.000000E+03,   2.250000E+03,   2.125000E+03,   6.930298E+05,   0.000000E+00
  2.250000E+03,   2.500000E+03,   2.375000E+03,   6.637509E+05,   0.000000E+00
  2.500000E+03,   2.750000E+03,   2.625000E+03,   6.268202E+05,   0.000000E+00
  2.750000E+03,   3.000000E+03,   2.875000E+03,   5.894918E+05,   0.000000E+00
  3.000000E+03,   3.250000E+03,   3.125000E+03,   5.654325E+05,   0.000000E+00
  3.250000E+03,   3.500000E+03,   3.375000E+03,   5.383058E+05,   0.000000E+00
  3.500000E+03,   3.750000E+03,   3.625000E+03,   5.093117E+05,   0.000000E+00
  3.750000E+03,   4.000000E+03,   3.875000E+03,   4.795192E+05,   0.000000E+00
  4.000000E+03,   4.250000E+03,   4.125000E+03,   4.455058E+05,   0.000000E+00
  4.250000E+03,   4.500000E+03,   4.375000E+03,   4.437789E+05,   0.000000E+00
  4.500000E+03,   4.750000E+03,   4.625000E+03,   4.081561E+05,   0.000000E+00
  4.750000E+03,   5.000000E+03,   4.875000E+03,   3.875630E+05,   0.000000E+00
  5.000000E+03,   5.500000E+03,   5.250000E+03,   7.142107E+05,   0.000000E+00
  5.500000E+03,   6.000000E+03,   5.750000E+03,   6.504460E+05,   0.000000E+00
  6.000000E+03,   6.500000E+03,   6.250000E+03,   5.918970E+05,   0.000000E+00
  6.500000E+03,   7.000000E+03,   6.750000E+03,   5.474072E+05,   0.000000E+00
  7.000000E+03,   1.000000E+04,   8.500000E+03,   2.480124E+06,   0.000000E+00
  1.000000E+04,   2.000000E+04,   1.500000E+04,   4.101698E+06,   0.000000E+00
  2.000000E+04,   3.000000E+04,   2.500000E+04,   1.964351E+06,   0.000000E+00
  3.000000E+04,   4.000000E+04,   3.500000E+04,   1.152610E+06,   0.000000E+00
  4.000000E+04,   5.000000E+04,   4.500000E+04,   7.087244E+05,   0.000000E+00
  5.000000E+04,   6.000000E+04,   5.500000E+04,   4.593650E+05,   0.000000E+00
  6.000000E+04,   7.000000E+04,   6.500000E+04,   3.104341E+05,   0.000000E+00
  7.000000E+04,   8.000000E+04,   7.500000E+04,   2.169552E+05,   0.000000E+00
  8.000000E+04,   1.000000E+05,   9.000000E+04,   2.817318E+05,   0.000000E+00
  1.000000E+05,   1.500000E+05,   1.250000E+05,   3.546618E+05,   0.000000E+00
  1.500000E+05,   2.000000E+05,   1.750000E+05,   1.522957E+05,   0.000000E+00
  2.000000E+05,   3.000000E+05,   2.500000E+05,   9.858153E+04,   0.000000E+00
  3.000000E+05,   4.000000E+05,   3.500000E+05,   1.720028E+04,   0.000000E+00
  4.000000E+05,   5.000000E+05,   4.500000E+05,   3.941812E+03,   0.000000E+00
  5.000000E+05,   8.000000E+05,   6.500000E+05,   2.615831E+02,   0.000000E+00
  8.000000E+05,   1.000000E+06,   0.000000E+00,   0.000000E+00,   0.000000E+00
'End of File'
