'*',    13,     3,     4,     0,     5,     5,    46,     2
'OMNIDIRECTIONAL FLUENCE ANALYSIS'
'MULASSIS ml-v01-19'
'geant4-09-02-ref-00 (19-December-2008)'
'FLU_BDY', 1, 2, ' '
'FLU_PAR, -1, proton  '
'FLU_AMN', 1, 0., 'deg'
'FLU_AMX', 1, 90., 'deg'
'Elo','keV', 1, ' Lower edge of energy    bin '
'Eup','keV', 1, ' Upper edge of energy    bin '
'Emean','keV', 1, ' Mean energy of bin '
'Value','particles/cm2/bin',1,             'Fluence/flux'
'Error','particles/cm2/bin',1,'Error in   fluence/flux'
  0.000000E+00,   4.000000E+01,   2.000000E+01,   1.074854E+05,   0.000000E+00
  4.000000E+01,   1.000000E+02,   7.000000E+01,   1.612281E+05,   0.000000E+00
  1.000000E+02,   2.000000E+02,   1.500000E+02,   2.687135E+05,   0.000000E+00
  2.000000E+02,   3.000000E+02,   2.500000E+02,   2.687135E+05,   0.000000E+00
  3.000000E+02,   4.000000E+02,   3.500000E+02,   2.687135E+05,   0.000000E+00
  4.000000E+02,   5.000000E+02,   4.500000E+02,   2.687135E+05,   0.000000E+00
  5.000000E+02,   6.000000E+02,   5.500000E+02,   2.687135E+05,   0.000000E+00
  6.000000E+02,   7.000000E+02,   6.500000E+02,   2.687135E+05,   0.000000E+00
  7.000000E+02,   8.000000E+02,   7.500000E+02,   2.687135E+05,   0.000000E+00
  8.000000E+02,   1.000000E+03,   9.000000E+02,   5.995104E+05,   0.000000E+00
  1.000000E+03,   1.250000E+03,   1.125000E+03,   8.410772E+05,   0.000000E+00
  1.250000E+03,   1.500000E+03,   1.375000E+03,   9.377311E+05,   0.000000E+00
  1.500000E+03,   1.750000E+03,   1.625000E+03,   9.941052E+05,   0.000000E+00
  1.750000E+03,   2.000000E+03,   1.875000E+03,   1.153791E+06,   0.000000E+00
  2.000000E+03,   2.250000E+03,   2.125000E+03,   1.254385E+06,   0.000000E+00
  2.250000E+03,   2.500000E+03,   2.375000E+03,   1.311113E+06,   0.000000E+00
  2.500000E+03,   2.750000E+03,   2.625000E+03,   1.436299E+06,   0.000000E+00
  2.750000E+03,   3.000000E+03,   2.875000E+03,   1.614202E+06,   0.000000E+00
  3.000000E+03,   3.250000E+03,   3.125000E+03,   1.654806E+06,   0.000000E+00
  3.250000E+03,   3.500000E+03,   3.375000E+03,   1.728146E+06,   0.000000E+00
  3.500000E+03,   3.750000E+03,   3.625000E+03,   1.823890E+06,   0.000000E+00
  3.750000E+03,   4.000000E+03,   3.875000E+03,   2.012164E+06,   0.000000E+00
  4.000000E+03,   4.250000E+03,   4.125000E+03,   2.082943E+06,   0.000000E+00
  4.250000E+03,   4.500000E+03,   4.375000E+03,   2.084415E+06,   0.000000E+00
  4.500000E+03,   4.750000E+03,   4.625000E+03,   2.256711E+06,   0.000000E+00
  4.750000E+03,   5.000000E+03,   4.875000E+03,   2.367109E+06,   0.000000E+00
  5.000000E+03,   5.500000E+03,   5.250000E+03,   5.021727E+06,   0.000000E+00
  5.500000E+03,   6.000000E+03,   5.750000E+03,   5.450506E+06,   0.000000E+00
  6.000000E+03,   6.500000E+03,   6.250000E+03,   5.804533E+06,   0.000000E+00
  6.500000E+03,   7.000000E+03,   6.750000E+03,   6.361256E+06,   0.000000E+00
  7.000000E+03,   1.000000E+04,   8.500000E+03,   4.794749E+07,   0.000000E+00
  1.000000E+04,   2.000000E+04,   1.500000E+04,   2.463462E+08,   0.000000E+00
  2.000000E+04,   3.000000E+04,   2.500000E+04,   2.946953E+08,   0.000000E+00
  3.000000E+04,   4.000000E+04,   3.500000E+04,   2.824541E+08,   0.000000E+00
  4.000000E+04,   5.000000E+04,   4.500000E+04,   2.466788E+08,   0.000000E+00
  5.000000E+04,   6.000000E+04,   5.500000E+04,   1.953211E+08,   0.000000E+00
  6.000000E+04,   7.000000E+04,   6.500000E+04,   1.824311E+08,   0.000000E+00
  7.000000E+04,   8.000000E+04,   7.500000E+04,   1.510666E+08,   0.000000E+00
  8.000000E+04,   1.000000E+05,   9.000000E+04,   2.097458E+08,   0.000000E+00
  1.000000E+05,   1.500000E+05,   1.250000E+05,   2.397226E+08,   0.000000E+00
  1.500000E+05,   2.000000E+05,   1.750000E+05,   1.192806E+08,   0.000000E+00
  2.000000E+05,   3.000000E+05,   2.500000E+05,   1.012744E+08,   0.000000E+00
  3.000000E+05,   4.000000E+05,   3.500000E+05,   8.988702E+06,   0.000000E+00
  4.000000E+05,   5.000000E+05,   4.500000E+05,   2.304212E+06,   0.000000E+00
  5.000000E+05,   8.000000E+05,   6.500000E+05,   8.064942E+05,   0.000000E+00
  8.000000E+05,   1.000000E+06,   0.000000E+00,   0.000000E+00,   0.000000E+00
'End of Block'
'*',    13,     3,     4,     0,     5,     5,    46,     1
'OMNIDIRECTIONAL FLUENCE ANALYSIS'
'MULASSIS ml-v01-19'
'geant4-09-02-ref-00 (19-December-2008)'
'FLU_BDY', 1, 2, ' '
'FLU_PAR, -1, e-      '
'FLU_AMN', 1, 0., 'deg'
'FLU_AMX', 1, 90., 'deg'
'Elo','keV', 1, ' Lower edge of energy    bin '
'Eup','keV', 1, ' Upper edge of energy    bin '
'Emean','keV', 1, ' Mean energy of bin '
'Value','particles/cm2/bin',1,             'Fluence/flux'
'Error','particles/cm2/bin',1,'Error in   fluence/flux'
  0.000000E+00,   4.000000E+01,   2.000000E+01,   2.575802E+10,   0.000000E+00
  4.000000E+01,   1.000000E+02,   7.000000E+01,   3.459403E+10,   0.000000E+00
  1.000000E+02,   2.000000E+02,   1.500000E+02,   6.759405E+10,   0.000000E+00
  2.000000E+02,   3.000000E+02,   2.500000E+02,   6.994609E+10,   0.000000E+00
  3.000000E+02,   4.000000E+02,   3.500000E+02,   6.425370E+10,   0.000000E+00
  4.000000E+02,   5.000000E+02,   4.500000E+02,   5.626673E+10,   0.000000E+00
  5.000000E+02,   6.000000E+02,   5.500000E+02,   4.791394E+10,   0.000000E+00
  6.000000E+02,   7.000000E+02,   6.500000E+02,   3.961105E+10,   0.000000E+00
  7.000000E+02,   8.000000E+02,   7.500000E+02,   3.209520E+10,   0.000000E+00
  8.000000E+02,   1.000000E+03,   9.000000E+02,   4.586789E+10,   0.000000E+00
  1.000000E+03,   1.250000E+03,   1.125000E+03,   3.353257E+10,   0.000000E+00
  1.250000E+03,   1.500000E+03,   1.375000E+03,   1.778046E+10,   0.000000E+00
  1.500000E+03,   1.750000E+03,   1.625000E+03,   9.698262E+09,   0.000000E+00
  1.750000E+03,   2.000000E+03,   1.875000E+03,   5.468051E+09,   0.000000E+00
  2.000000E+03,   2.250000E+03,   2.125000E+03,   3.211870E+09,   0.000000E+00
  2.250000E+03,   2.500000E+03,   2.375000E+03,   1.877891E+09,   0.000000E+00
  2.500000E+03,   2.750000E+03,   2.625000E+03,   1.069237E+09,   0.000000E+00
  2.750000E+03,   3.000000E+03,   2.875000E+03,   5.730269E+08,   0.000000E+00
  3.000000E+03,   3.250000E+03,   3.125000E+03,   2.646776E+08,   0.000000E+00
  3.250000E+03,   3.500000E+03,   3.375000E+03,   7.889044E+07,   0.000000E+00
  3.500000E+03,   3.750000E+03,   3.625000E+03,   1.896688E+07,   0.000000E+00
  3.750000E+03,   4.000000E+03,   3.875000E+03,   4.286722E+06,   0.000000E+00
  4.000000E+03,   4.250000E+03,   4.125000E+03,   9.304778E+05,   0.000000E+00
  4.250000E+03,   4.500000E+03,   4.375000E+03,   2.583510E+05,   0.000000E+00
  4.500000E+03,   4.750000E+03,   4.625000E+03,   8.426143E+04,   0.000000E+00
  4.750000E+03,   5.000000E+03,   4.875000E+03,   2.703431E+04,   0.000000E+00
  5.000000E+03,   5.500000E+03,   5.250000E+03,   1.426363E+04,   0.000000E+00
  5.500000E+03,   6.000000E+03,   5.750000E+03,   8.835779E+03,   0.000000E+00
  6.000000E+03,   6.500000E+03,   6.250000E+03,   8.743794E+03,   0.000000E+00
  6.500000E+03,   7.000000E+03,   6.750000E+03,   8.742014E+03,   0.000000E+00
  7.000000E+03,   1.000000E+04,   8.500000E+03,   5.245208E+04,   0.000000E+00
  1.000000E+04,   2.000000E+04,   1.500000E+04,   1.748403E+05,   0.000000E+00
  2.000000E+04,   3.000000E+04,   2.500000E+04,   1.748403E+05,   0.000000E+00
  3.000000E+04,   4.000000E+04,   3.500000E+04,   1.247469E+05,   0.000000E+00
  4.000000E+04,   5.000000E+04,   4.500000E+04,   6.457348E+04,   0.000000E+00
  5.000000E+04,   6.000000E+04,   5.500000E+04,   3.789383E+04,   0.000000E+00
  6.000000E+04,   7.000000E+04,   6.500000E+04,   2.523574E+04,   0.000000E+00
  7.000000E+04,   8.000000E+04,   7.500000E+04,   1.785390E+04,   0.000000E+00
  8.000000E+04,   1.000000E+05,   9.000000E+04,   2.488184E+04,   0.000000E+00
  1.000000E+05,   1.500000E+05,   1.250000E+05,   2.881352E+04,   0.000000E+00
  1.500000E+05,   2.000000E+05,   1.750000E+05,   9.032475E+03,   0.000000E+00
  2.000000E+05,   3.000000E+05,   2.500000E+05,   3.560465E+03,   0.000000E+00
  3.000000E+05,   4.000000E+05,   3.500000E+05,   6.118750E+01,   0.000000E+00
  4.000000E+05,   5.000000E+05,   4.500000E+05,   1.224308E+02,   0.000000E+00
  5.000000E+05,   8.000000E+05,   6.500000E+05,   1.565245E+01,   0.000000E+00
  8.000000E+05,   1.000000E+06,   0.000000E+00,   0.000000E+00,   0.000000E+00
'End of Block'
'*',    13,     3,     4,     0,     5,     5,    46,    -1
'OMNIDIRECTIONAL FLUENCE ANALYSIS'
'MULASSIS ml-v01-19'
'geant4-09-02-ref-00 (19-December-2008)'
'FLU_BDY', 1, 2, ' '
'FLU_PAR, -1, neutron '
'FLU_AMN', 1, 0., 'deg'
'FLU_AMX', 1, 90., 'deg'
'Elo','keV', 1, ' Lower edge of energy    bin '
'Eup','keV', 1, ' Upper edge of energy    bin '
'Emean','keV', 1, ' Mean energy of bin '
'Value','particles/cm2/bin',1,             'Fluence/flux'
'Error','particles/cm2/bin',1,'Error in   fluence/flux'
  0.000000E+00,   4.000000E+01,   2.000000E+01,   2.458914E+05,   0.000000E+00
  4.000000E+01,   1.000000E+02,   7.000000E+01,   3.688371E+05,   0.000000E+00
  1.000000E+02,   2.000000E+02,   1.500000E+02,   6.147285E+05,   0.000000E+00
  2.000000E+02,   3.000000E+02,   2.500000E+02,   6.147285E+05,   0.000000E+00
  3.000000E+02,   4.000000E+02,   3.500000E+02,   6.147285E+05,   0.000000E+00
  4.000000E+02,   5.000000E+02,   4.500000E+02,   6.147285E+05,   0.000000E+00
  5.000000E+02,   6.000000E+02,   5.500000E+02,   6.147285E+05,   0.000000E+00
  6.000000E+02,   7.000000E+02,   6.500000E+02,   6.147285E+05,   0.000000E+00
  7.000000E+02,   8.000000E+02,   7.500000E+02,   6.147285E+05,   0.000000E+00
  8.000000E+02,   1.000000E+03,   9.000000E+02,   1.222069E+06,   0.000000E+00
  1.000000E+03,   1.250000E+03,   1.125000E+03,   1.516676E+06,   0.000000E+00
  1.250000E+03,   1.500000E+03,   1.375000E+03,   1.477119E+06,   0.000000E+00
  1.500000E+03,   1.750000E+03,   1.625000E+03,   1.444327E+06,   0.000000E+00
  1.750000E+03,   2.000000E+03,   1.875000E+03,   1.391194E+06,   0.000000E+00
  2.000000E+03,   2.250000E+03,   2.125000E+03,   1.338450E+06,   0.000000E+00
  2.250000E+03,   2.500000E+03,   2.375000E+03,   1.289881E+06,   0.000000E+00
  2.500000E+03,   2.750000E+03,   2.625000E+03,   1.229991E+06,   0.000000E+00
  2.750000E+03,   3.000000E+03,   2.875000E+03,   1.167964E+06,   0.000000E+00
  3.000000E+03,   3.250000E+03,   3.125000E+03,   1.125855E+06,   0.000000E+00
  3.250000E+03,   3.500000E+03,   3.375000E+03,   1.081317E+06,   0.000000E+00
  3.500000E+03,   3.750000E+03,   3.625000E+03,   1.027442E+06,   0.000000E+00
  3.750000E+03,   4.000000E+03,   3.875000E+03,   9.790051E+05,   0.000000E+00
  4.000000E+03,   4.250000E+03,   4.125000E+03,   9.151929E+05,   0.000000E+00
  4.250000E+03,   4.500000E+03,   4.375000E+03,   9.113071E+05,   0.000000E+00
  4.500000E+03,   4.750000E+03,   4.625000E+03,   8.430706E+05,   0.000000E+00
  4.750000E+03,   5.000000E+03,   4.875000E+03,   8.098735E+05,   0.000000E+00
  5.000000E+03,   5.500000E+03,   5.250000E+03,   1.500077E+06,   0.000000E+00
  5.500000E+03,   6.000000E+03,   5.750000E+03,   1.377245E+06,   0.000000E+00
  6.000000E+03,   6.500000E+03,   6.250000E+03,   1.262460E+06,   0.000000E+00
  6.500000E+03,   7.000000E+03,   6.750000E+03,   1.174516E+06,   0.000000E+00
  7.000000E+03,   1.000000E+04,   8.500000E+03,   5.397292E+06,   0.000000E+00
  1.000000E+04,   2.000000E+04,   1.500000E+04,   9.099818E+06,   0.000000E+00
  2.000000E+04,   3.000000E+04,   2.500000E+04,   4.528941E+06,   0.000000E+00
  3.000000E+04,   4.000000E+04,   3.500000E+04,   2.837833E+06,   0.000000E+00
  4.000000E+04,   5.000000E+04,   4.500000E+04,   1.869325E+06,   0.000000E+00
  5.000000E+04,   6.000000E+04,   5.500000E+04,   1.299597E+06,   0.000000E+00
  6.000000E+04,   7.000000E+04,   6.500000E+04,   9.304055E+05,   0.000000E+00
  7.000000E+04,   8.000000E+04,   7.500000E+04,   6.873259E+05,   0.000000E+00
  8.000000E+04,   1.000000E+05,   9.000000E+04,   9.345787E+05,   0.000000E+00
  1.000000E+05,   1.500000E+05,   1.250000E+05,   1.202699E+06,   0.000000E+00
  1.500000E+05,   2.000000E+05,   1.750000E+05,   4.928764E+05,   0.000000E+00
  2.000000E+05,   3.000000E+05,   2.500000E+05,   2.383997E+05,   0.000000E+00
  3.000000E+05,   4.000000E+05,   0.000000E+00,  -1.051129E+03,   0.000000E+00
  4.000000E+05,   5.000000E+05,   4.500000E+05,   4.010518E+03,   0.000000E+00
  5.000000E+05,   8.000000E+05,   6.500000E+05,   2.647545E+02,   0.000000E+00
  8.000000E+05,   1.000000E+06,   0.000000E+00,   0.000000E+00,   0.000000E+00
'End of File'
