'*',    13,     3,     4,     0,     5,     5,    46,     2
'OMNIDIRECTIONAL FLUENCE ANALYSIS'
'MULASSIS ml-v01-19'
'geant4-09-02-ref-00 (19-December-2008)'
'FLU_BDY', 1, 2, ' '
'FLU_PAR, -1, proton  '
'FLU_AMN', 1, 0., 'deg'
'FLU_AMX', 1, 90., 'deg'
'Elo','keV', 1, ' Lower edge of energy    bin '
'Eup','keV', 1, ' Upper edge of energy    bin '
'Emean','keV', 1, ' Mean energy of bin '
'Value','particles/cm2/bin',1,             'Fluence/flux'
'Error','particles/cm2/bin',1,'Error in   fluence/flux'
  0.000000E+00,   4.000000E+01,   2.000000E+01,   4.136859E+04,   0.000000E+00
  4.000000E+01,   1.000000E+02,   7.000000E+01,   6.205289E+04,   0.000000E+00
  1.000000E+02,   2.000000E+02,   1.500000E+02,   1.034215E+05,   0.000000E+00
  2.000000E+02,   3.000000E+02,   2.500000E+02,   1.034215E+05,   0.000000E+00
  3.000000E+02,   4.000000E+02,   3.500000E+02,   1.034215E+05,   0.000000E+00
  4.000000E+02,   5.000000E+02,   4.500000E+02,   1.034215E+05,   0.000000E+00
  5.000000E+02,   6.000000E+02,   5.500000E+02,   1.034215E+05,   0.000000E+00
  6.000000E+02,   7.000000E+02,   6.500000E+02,   1.034215E+05,   0.000000E+00
  7.000000E+02,   8.000000E+02,   7.500000E+02,   1.034215E+05,   0.000000E+00
  8.000000E+02,   1.000000E+03,   9.000000E+02,   2.068430E+05,   0.000000E+00
  1.000000E+03,   1.250000E+03,   1.125000E+03,   2.585537E+05,   0.000000E+00
  1.250000E+03,   1.500000E+03,   1.375000E+03,   2.907268E+05,   0.000000E+00
  1.500000E+03,   1.750000E+03,   1.625000E+03,   3.444699E+05,   0.000000E+00
  1.750000E+03,   2.000000E+03,   1.875000E+03,   3.644188E+05,   0.000000E+00
  2.000000E+03,   2.250000E+03,   2.125000E+03,   4.090448E+05,   0.000000E+00
  2.250000E+03,   2.500000E+03,   2.375000E+03,   4.218806E+05,   0.000000E+00
  2.500000E+03,   2.750000E+03,   2.625000E+03,   4.499236E+05,   0.000000E+00
  2.750000E+03,   3.000000E+03,   2.875000E+03,   5.155902E+05,   0.000000E+00
  3.000000E+03,   3.250000E+03,   3.125000E+03,   5.554509E+05,   0.000000E+00
  3.250000E+03,   3.500000E+03,   3.375000E+03,   5.597363E+05,   0.000000E+00
  3.500000E+03,   3.750000E+03,   3.625000E+03,   5.778843E+05,   0.000000E+00
  3.750000E+03,   4.000000E+03,   3.875000E+03,   6.134352E+05,   0.000000E+00
  4.000000E+03,   4.250000E+03,   4.125000E+03,   6.609679E+05,   0.000000E+00
  4.250000E+03,   4.500000E+03,   4.375000E+03,   7.244597E+05,   0.000000E+00
  4.500000E+03,   4.750000E+03,   4.625000E+03,   7.317164E+05,   0.000000E+00
  4.750000E+03,   5.000000E+03,   4.875000E+03,   7.596318E+05,   0.000000E+00
  5.000000E+03,   5.500000E+03,   5.250000E+03,   1.554869E+06,   0.000000E+00
  5.500000E+03,   6.000000E+03,   5.750000E+03,   1.745858E+06,   0.000000E+00
  6.000000E+03,   6.500000E+03,   6.250000E+03,   1.888783E+06,   0.000000E+00
  6.500000E+03,   7.000000E+03,   6.750000E+03,   1.899891E+06,   0.000000E+00
  7.000000E+03,   1.000000E+04,   8.500000E+03,   1.454336E+07,   0.000000E+00
  1.000000E+04,   2.000000E+04,   1.500000E+04,   9.205568E+07,   0.000000E+00
  2.000000E+04,   3.000000E+04,   2.500000E+04,   1.103513E+08,   0.000000E+00
  3.000000E+04,   4.000000E+04,   3.500000E+04,   1.012469E+08,   0.000000E+00
  4.000000E+04,   5.000000E+04,   4.500000E+04,   9.530949E+07,   0.000000E+00
  5.000000E+04,   6.000000E+04,   5.500000E+04,   8.461629E+07,   0.000000E+00
  6.000000E+04,   7.000000E+04,   6.500000E+04,   7.056596E+07,   0.000000E+00
  7.000000E+04,   8.000000E+04,   7.500000E+04,   5.452634E+07,   0.000000E+00
  8.000000E+04,   1.000000E+05,   9.000000E+04,   6.740527E+07,   0.000000E+00
  1.000000E+05,   1.500000E+05,   1.250000E+05,   8.148227E+07,   0.000000E+00
  1.500000E+05,   2.000000E+05,   1.750000E+05,   3.293183E+07,   0.000000E+00
  2.000000E+05,   3.000000E+05,   2.500000E+05,   3.014830E+07,   0.000000E+00
  3.000000E+05,   4.000000E+05,   3.500000E+05,   8.346906E+06,   0.000000E+00
  4.000000E+05,   5.000000E+05,   4.500000E+05,   2.495672E+06,   0.000000E+00
  5.000000E+05,   8.000000E+05,   6.500000E+05,   7.869034E+05,   0.000000E+00
  8.000000E+05,   1.000000E+06,   0.000000E+00,   0.000000E+00,   0.000000E+00
'End of Block'
'*',    13,     3,     4,     0,     5,     5,    46,     1
'OMNIDIRECTIONAL FLUENCE ANALYSIS'
'MULASSIS ml-v01-19'
'geant4-09-02-ref-00 (19-December-2008)'
'FLU_BDY', 1, 2, ' '
'FLU_PAR, -1, e-      '
'FLU_AMN', 1, 0., 'deg'
'FLU_AMX', 1, 90., 'deg'
'Elo','keV', 1, ' Lower edge of energy    bin '
'Eup','keV', 1, ' Upper edge of energy    bin '
'Emean','keV', 1, ' Mean energy of bin '
'Value','particles/cm2/bin',1,             'Fluence/flux'
'Error','particles/cm2/bin',1,'Error in   fluence/flux'
  0.000000E+00,   4.000000E+01,   2.000000E+01,   4.255444E+07,   0.000000E+00
  4.000000E+01,   1.000000E+02,   7.000000E+01,   1.234545E+07,   0.000000E+00
  1.000000E+02,   2.000000E+02,   1.500000E+02,   5.320412E+06,   0.000000E+00
  2.000000E+02,   3.000000E+02,   2.500000E+02,   1.465802E+06,   0.000000E+00
  3.000000E+02,   4.000000E+02,   3.500000E+02,   5.388982E+05,   0.000000E+00
  4.000000E+02,   5.000000E+02,   4.500000E+02,   2.268939E+05,   0.000000E+00
  5.000000E+02,   6.000000E+02,   5.500000E+02,   1.047530E+05,   0.000000E+00
  6.000000E+02,   7.000000E+02,   6.500000E+02,   5.151432E+04,   0.000000E+00
  7.000000E+02,   8.000000E+02,   7.500000E+02,   2.609749E+04,   0.000000E+00
  8.000000E+02,   1.000000E+03,   9.000000E+02,   2.282856E+04,   0.000000E+00
  1.000000E+03,   1.250000E+03,   1.125000E+03,   1.108688E+04,   0.000000E+00
  1.250000E+03,   1.500000E+03,   1.375000E+03,   5.105225E+03,   0.000000E+00
  1.500000E+03,   1.750000E+03,   1.625000E+03,   3.462055E+03,   0.000000E+00
  1.750000E+03,   2.000000E+03,   1.875000E+03,   2.776862E+03,   0.000000E+00
  2.000000E+03,   2.250000E+03,   2.125000E+03,   2.359249E+03,   0.000000E+00
  2.250000E+03,   2.500000E+03,   2.375000E+03,   2.077235E+03,   0.000000E+00
  2.500000E+03,   2.750000E+03,   2.625000E+03,   1.910635E+03,   0.000000E+00
  2.750000E+03,   3.000000E+03,   2.875000E+03,   1.848791E+03,   0.000000E+00
  3.000000E+03,   3.250000E+03,   3.125000E+03,   1.807320E+03,   0.000000E+00
  3.250000E+03,   3.500000E+03,   3.375000E+03,   1.773075E+03,   0.000000E+00
  3.500000E+03,   3.750000E+03,   3.625000E+03,   1.750720E+03,   0.000000E+00
  3.750000E+03,   4.000000E+03,   3.875000E+03,   1.750720E+03,   0.000000E+00
  4.000000E+03,   4.250000E+03,   4.125000E+03,   1.750720E+03,   0.000000E+00
  4.250000E+03,   4.500000E+03,   4.375000E+03,   1.750720E+03,   0.000000E+00
  4.500000E+03,   4.750000E+03,   4.625000E+03,   1.750720E+03,   0.000000E+00
  4.750000E+03,   5.000000E+03,   4.875000E+03,   1.750720E+03,   0.000000E+00
  5.000000E+03,   5.500000E+03,   5.250000E+03,   3.501440E+03,   0.000000E+00
  5.500000E+03,   6.000000E+03,   5.750000E+03,   3.501440E+03,   0.000000E+00
  6.000000E+03,   6.500000E+03,   6.250000E+03,   3.501440E+03,   0.000000E+00
  6.500000E+03,   7.000000E+03,   6.750000E+03,   3.501440E+03,   0.000000E+00
  7.000000E+03,   1.000000E+04,   8.500000E+03,   2.100864E+04,   0.000000E+00
  1.000000E+04,   2.000000E+04,   1.500000E+04,   7.002879E+04,   0.000000E+00
  2.000000E+04,   3.000000E+04,   2.500000E+04,   7.002879E+04,   0.000000E+00
  3.000000E+04,   4.000000E+04,   3.500000E+04,   7.002879E+04,   0.000000E+00
  4.000000E+04,   5.000000E+04,   4.500000E+04,   6.443752E+04,   0.000000E+00
  5.000000E+04,   6.000000E+04,   5.500000E+04,   3.727425E+04,   0.000000E+00
  6.000000E+04,   7.000000E+04,   6.500000E+04,   2.271022E+04,   0.000000E+00
  7.000000E+04,   8.000000E+04,   7.500000E+04,   1.505724E+04,   0.000000E+00
  8.000000E+04,   1.000000E+05,   9.000000E+04,   2.032263E+04,   0.000000E+00
  1.000000E+05,   1.500000E+05,   1.250000E+05,   2.440811E+04,   0.000000E+00
  1.500000E+05,   2.000000E+05,   1.750000E+05,   7.955744E+03,   0.000000E+00
  2.000000E+05,   3.000000E+05,   2.500000E+05,   4.330453E+03,   0.000000E+00
  3.000000E+05,   4.000000E+05,   3.500000E+05,   1.079552E+03,   0.000000E+00
  4.000000E+05,   5.000000E+05,   4.500000E+05,   3.089298E+02,   0.000000E+00
  5.000000E+05,   8.000000E+05,   6.500000E+05,   3.988467E+01,   0.000000E+00
  8.000000E+05,   1.000000E+06,   0.000000E+00,   0.000000E+00,   0.000000E+00
'End of Block'
'*',    13,     3,     4,     0,     5,     5,    46,    -1
'OMNIDIRECTIONAL FLUENCE ANALYSIS'
'MULASSIS ml-v01-19'
'geant4-09-02-ref-00 (19-December-2008)'
'FLU_BDY', 1, 2, ' '
'FLU_PAR, -1, neutron '
'FLU_AMN', 1, 0., 'deg'
'FLU_AMX', 1, 90., 'deg'
'Elo','keV', 1, ' Lower edge of energy    bin '
'Eup','keV', 1, ' Upper edge of energy    bin '
'Emean','keV', 1, ' Mean energy of bin '
'Value','particles/cm2/bin',1,             'Fluence/flux'
'Error','particles/cm2/bin',1,'Error in   fluence/flux'
  0.000000E+00,   4.000000E+01,   2.000000E+01,   1.707804E+05,   0.000000E+00
  4.000000E+01,   1.000000E+02,   7.000000E+01,   2.561706E+05,   0.000000E+00
  1.000000E+02,   2.000000E+02,   1.500000E+02,   4.269509E+05,   0.000000E+00
  2.000000E+02,   3.000000E+02,   2.500000E+02,   4.269509E+05,   0.000000E+00
  3.000000E+02,   4.000000E+02,   3.500000E+02,   4.269509E+05,   0.000000E+00
  4.000000E+02,   5.000000E+02,   4.500000E+02,   4.269509E+05,   0.000000E+00
  5.000000E+02,   6.000000E+02,   5.500000E+02,   4.269509E+05,   0.000000E+00
  6.000000E+02,   7.000000E+02,   6.500000E+02,   4.269509E+05,   0.000000E+00
  7.000000E+02,   8.000000E+02,   7.500000E+02,   4.269509E+05,   0.000000E+00
  8.000000E+02,   1.000000E+03,   9.000000E+02,   8.539018E+05,   0.000000E+00
  1.000000E+03,   1.250000E+03,   1.125000E+03,   1.067377E+06,   0.000000E+00
  1.250000E+03,   1.500000E+03,   1.375000E+03,   1.047807E+06,   0.000000E+00
  1.500000E+03,   1.750000E+03,   1.625000E+03,   1.015116E+06,   0.000000E+00
  1.750000E+03,   2.000000E+03,   1.875000E+03,   9.985593E+05,   0.000000E+00
  2.000000E+03,   2.250000E+03,   2.125000E+03,   9.615207E+05,   0.000000E+00
  2.250000E+03,   2.500000E+03,   2.375000E+03,   9.440003E+05,   0.000000E+00
  2.500000E+03,   2.750000E+03,   2.625000E+03,   9.057225E+05,   0.000000E+00
  2.750000E+03,   3.000000E+03,   2.875000E+03,   8.539866E+05,   0.000000E+00
  3.000000E+03,   3.250000E+03,   3.125000E+03,   8.031378E+05,   0.000000E+00
  3.250000E+03,   3.500000E+03,   3.375000E+03,   7.930720E+05,   0.000000E+00
  3.500000E+03,   3.750000E+03,   3.625000E+03,   7.504452E+05,   0.000000E+00
  3.750000E+03,   4.000000E+03,   3.875000E+03,   7.267454E+05,   0.000000E+00
  4.000000E+03,   4.250000E+03,   4.125000E+03,   6.612182E+05,   0.000000E+00
  4.250000E+03,   4.500000E+03,   4.375000E+03,   6.314241E+05,   0.000000E+00
  4.500000E+03,   4.750000E+03,   4.625000E+03,   6.067303E+05,   0.000000E+00
  4.750000E+03,   5.000000E+03,   4.875000E+03,   5.719312E+05,   0.000000E+00
  5.000000E+03,   5.500000E+03,   5.250000E+03,   1.087733E+06,   0.000000E+00
  5.500000E+03,   6.000000E+03,   5.750000E+03,   9.872264E+05,   0.000000E+00
  6.000000E+03,   6.500000E+03,   6.250000E+03,   8.789072E+05,   0.000000E+00
  6.500000E+03,   7.000000E+03,   6.750000E+03,   8.504598E+05,   0.000000E+00
  7.000000E+03,   1.000000E+04,   8.500000E+03,   3.919118E+06,   0.000000E+00
  1.000000E+04,   2.000000E+04,   1.500000E+04,   6.968418E+06,   0.000000E+00
  2.000000E+04,   3.000000E+04,   2.500000E+04,   3.590024E+06,   0.000000E+00
  3.000000E+04,   4.000000E+04,   3.500000E+04,   2.202359E+06,   0.000000E+00
  4.000000E+04,   5.000000E+04,   4.500000E+04,   1.423209E+06,   0.000000E+00
  5.000000E+04,   6.000000E+04,   5.500000E+04,   9.421859E+05,   0.000000E+00
  6.000000E+04,   7.000000E+04,   6.500000E+04,   6.334776E+05,   0.000000E+00
  7.000000E+04,   8.000000E+04,   7.500000E+04,   4.460398E+05,   0.000000E+00
  8.000000E+04,   1.000000E+05,   9.000000E+04,   5.876804E+05,   0.000000E+00
  1.000000E+05,   1.500000E+05,   1.250000E+05,   7.145656E+05,   0.000000E+00
  1.500000E+05,   2.000000E+05,   1.750000E+05,   2.883263E+05,   0.000000E+00
  2.000000E+05,   3.000000E+05,   2.500000E+05,   1.769565E+05,   0.000000E+00
  3.000000E+05,   4.000000E+05,   3.500000E+05,   3.075394E+04,   0.000000E+00
  4.000000E+05,   5.000000E+05,   4.500000E+05,   6.762619E+03,   0.000000E+00
  5.000000E+05,   8.000000E+05,   6.500000E+05,   3.721742E+02,   0.000000E+00
  8.000000E+05,   1.000000E+06,   0.000000E+00,   0.000000E+00,   0.000000E+00
'End of File'
