'*',    13,     3,     4,     0,     5,     5,    46,     2
'OMNIDIRECTIONAL FLUENCE ANALYSIS'
'MULASSIS ml-v01-19'
'geant4-09-02-ref-00 (19-December-2008)'
'FLU_BDY', 1, 2, ' '
'FLU_PAR, -1, proton  '
'FLU_AMN', 1, 0., 'deg'
'FLU_AMX', 1, 90., 'deg'
'Elo','keV', 1, ' Lower edge of energy    bin '
'Eup','keV', 1, ' Upper edge of energy    bin '
'Emean','keV', 1, ' Mean energy of bin '
'Value','particles/cm2/bin',1,             'Fluence/flux'
'Error','particles/cm2/bin',1,'Error in   fluence/flux'
  0.000000E+00,   4.000000E+01,   2.000000E+01,   1.177215E+05,   0.000000E+00
  4.000000E+01,   1.000000E+02,   7.000000E+01,   1.765823E+05,   0.000000E+00
  1.000000E+02,   2.000000E+02,   1.500000E+02,   2.943039E+05,   0.000000E+00
  2.000000E+02,   3.000000E+02,   2.500000E+02,   2.943039E+05,   0.000000E+00
  3.000000E+02,   4.000000E+02,   3.500000E+02,   2.943039E+05,   0.000000E+00
  4.000000E+02,   5.000000E+02,   4.500000E+02,   2.943039E+05,   0.000000E+00
  5.000000E+02,   6.000000E+02,   5.500000E+02,   2.943039E+05,   0.000000E+00
  6.000000E+02,   7.000000E+02,   6.500000E+02,   2.943039E+05,   0.000000E+00
  7.000000E+02,   8.000000E+02,   7.500000E+02,   2.943039E+05,   0.000000E+00
  8.000000E+02,   1.000000E+03,   9.000000E+02,   5.886077E+05,   0.000000E+00
  1.000000E+03,   1.250000E+03,   1.125000E+03,   7.357596E+05,   0.000000E+00
  1.250000E+03,   1.500000E+03,   1.375000E+03,   7.754926E+05,   0.000000E+00
  1.500000E+03,   1.750000E+03,   1.625000E+03,   8.418639E+05,   0.000000E+00
  1.750000E+03,   2.000000E+03,   1.875000E+03,   8.759132E+05,   0.000000E+00
  2.000000E+03,   2.250000E+03,   2.125000E+03,   9.520822E+05,   0.000000E+00
  2.250000E+03,   2.500000E+03,   2.375000E+03,   9.774308E+05,   0.000000E+00
  2.500000E+03,   2.750000E+03,   2.625000E+03,   1.032811E+06,   0.000000E+00
  2.750000E+03,   3.000000E+03,   2.875000E+03,   1.126083E+06,   0.000000E+00
  3.000000E+03,   3.250000E+03,   3.125000E+03,   1.204681E+06,   0.000000E+00
  3.250000E+03,   3.500000E+03,   3.375000E+03,   1.219642E+06,   0.000000E+00
  3.500000E+03,   3.750000E+03,   3.625000E+03,   1.283000E+06,   0.000000E+00
  3.750000E+03,   4.000000E+03,   3.875000E+03,   1.343679E+06,   0.000000E+00
  4.000000E+03,   4.250000E+03,   4.125000E+03,   1.465672E+06,   0.000000E+00
  4.250000E+03,   4.500000E+03,   4.375000E+03,   1.545712E+06,   0.000000E+00
  4.500000E+03,   4.750000E+03,   4.625000E+03,   1.581889E+06,   0.000000E+00
  4.750000E+03,   5.000000E+03,   4.875000E+03,   1.651569E+06,   0.000000E+00
  5.000000E+03,   5.500000E+03,   5.250000E+03,   3.404944E+06,   0.000000E+00
  5.500000E+03,   6.000000E+03,   5.750000E+03,   3.732565E+06,   0.000000E+00
  6.000000E+03,   6.500000E+03,   6.250000E+03,   4.059506E+06,   0.000000E+00
  6.500000E+03,   7.000000E+03,   6.750000E+03,   4.124238E+06,   0.000000E+00
  7.000000E+03,   1.000000E+04,   8.500000E+03,   3.082221E+07,   0.000000E+00
  1.000000E+04,   2.000000E+04,   1.500000E+04,   1.836050E+08,   0.000000E+00
  2.000000E+04,   3.000000E+04,   2.500000E+04,   2.621333E+08,   0.000000E+00
  3.000000E+04,   4.000000E+04,   3.500000E+04,   3.054596E+08,   0.000000E+00
  4.000000E+04,   5.000000E+04,   4.500000E+04,   3.659111E+08,   0.000000E+00
  5.000000E+04,   6.000000E+04,   5.500000E+04,   3.991431E+08,   0.000000E+00
  6.000000E+04,   7.000000E+04,   6.500000E+04,   3.954224E+08,   0.000000E+00
  7.000000E+04,   8.000000E+04,   7.500000E+04,   3.660997E+08,   0.000000E+00
  8.000000E+04,   1.000000E+05,   9.000000E+04,   6.614434E+08,   0.000000E+00
  1.000000E+05,   1.500000E+05,   1.250000E+05,   1.123382E+09,   0.000000E+00
  1.500000E+05,   2.000000E+05,   1.750000E+05,   6.670664E+08,   0.000000E+00
  2.000000E+05,   3.000000E+05,   2.500000E+05,   6.682035E+08,   0.000000E+00
  3.000000E+05,   4.000000E+05,   3.500000E+05,   1.667490E+08,   0.000000E+00
  4.000000E+05,   5.000000E+05,   4.500000E+05,   6.150630E+05,   0.000000E+00
  5.000000E+05,   8.000000E+05,   6.500000E+05,   1.978022E+05,   0.000000E+00
  8.000000E+05,   1.000000E+06,   0.000000E+00,   0.000000E+00,   0.000000E+00
'End of Block'
'*',    13,     3,     4,     0,     5,     5,    46,     1
'OMNIDIRECTIONAL FLUENCE ANALYSIS'
'MULASSIS ml-v01-19'
'geant4-09-02-ref-00 (19-December-2008)'
'FLU_BDY', 1, 2, ' '
'FLU_PAR, -1, e-      '
'FLU_AMN', 1, 0., 'deg'
'FLU_AMX', 1, 90., 'deg'
'Elo','keV', 1, ' Lower edge of energy    bin '
'Eup','keV', 1, ' Upper edge of energy    bin '
'Emean','keV', 1, ' Mean energy of bin '
'Value','particles/cm2/bin',1,             'Fluence/flux'
'Error','particles/cm2/bin',1,'Error in   fluence/flux'
  0.000000E+00,   4.000000E+01,   2.000000E+01,   2.516249E+08,   0.000000E+00
  4.000000E+01,   1.000000E+02,   7.000000E+01,   1.507723E+08,   0.000000E+00
  1.000000E+02,   2.000000E+02,   1.500000E+02,   9.478709E+07,   0.000000E+00
  2.000000E+02,   3.000000E+02,   2.500000E+02,   4.102486E+07,   0.000000E+00
  3.000000E+02,   4.000000E+02,   3.500000E+02,   2.336079E+07,   0.000000E+00
  4.000000E+02,   5.000000E+02,   4.500000E+02,   1.661227E+07,   0.000000E+00
  5.000000E+02,   6.000000E+02,   5.500000E+02,   1.322959E+07,   0.000000E+00
  6.000000E+02,   7.000000E+02,   6.500000E+02,   1.127192E+07,   0.000000E+00
  7.000000E+02,   8.000000E+02,   7.500000E+02,   9.767018E+06,   0.000000E+00
  8.000000E+02,   1.000000E+03,   9.000000E+02,   1.551711E+07,   0.000000E+00
  1.000000E+03,   1.250000E+03,   1.125000E+03,   1.304838E+07,   0.000000E+00
  1.250000E+03,   1.500000E+03,   1.375000E+03,   7.936418E+06,   0.000000E+00
  1.500000E+03,   1.750000E+03,   1.625000E+03,   4.457690E+06,   0.000000E+00
  1.750000E+03,   2.000000E+03,   1.875000E+03,   2.393578E+06,   0.000000E+00
  2.000000E+03,   2.250000E+03,   2.125000E+03,   1.195506E+06,   0.000000E+00
  2.250000E+03,   2.500000E+03,   2.375000E+03,   5.297735E+05,   0.000000E+00
  2.500000E+03,   2.750000E+03,   2.625000E+03,   2.275842E+05,   0.000000E+00
  2.750000E+03,   3.000000E+03,   2.875000E+03,   8.723582E+04,   0.000000E+00
  3.000000E+03,   3.250000E+03,   3.125000E+03,   3.176911E+04,   0.000000E+00
  3.250000E+03,   3.500000E+03,   3.375000E+03,   1.697094E+04,   0.000000E+00
  3.500000E+03,   3.750000E+03,   3.625000E+03,   1.341110E+04,   0.000000E+00
  3.750000E+03,   4.000000E+03,   3.875000E+03,   1.071849E+04,   0.000000E+00
  4.000000E+03,   4.250000E+03,   4.125000E+03,   8.848106E+03,   0.000000E+00
  4.250000E+03,   4.500000E+03,   4.375000E+03,   7.663517E+03,   0.000000E+00
  4.500000E+03,   4.750000E+03,   4.625000E+03,   6.991850E+03,   0.000000E+00
  4.750000E+03,   5.000000E+03,   4.875000E+03,   6.627041E+03,   0.000000E+00
  5.000000E+03,   5.500000E+03,   5.250000E+03,   1.275098E+04,   0.000000E+00
  5.500000E+03,   6.000000E+03,   5.750000E+03,   1.255063E+04,   0.000000E+00
  6.000000E+03,   6.500000E+03,   6.250000E+03,   1.251765E+04,   0.000000E+00
  6.500000E+03,   7.000000E+03,   6.750000E+03,   1.251765E+04,   0.000000E+00
  7.000000E+03,   1.000000E+04,   8.500000E+03,   7.510589E+04,   0.000000E+00
  1.000000E+04,   2.000000E+04,   1.500000E+04,   2.503530E+05,   0.000000E+00
  2.000000E+04,   3.000000E+04,   2.500000E+04,   2.503530E+05,   0.000000E+00
  3.000000E+04,   4.000000E+04,   3.500000E+04,   2.503530E+05,   0.000000E+00
  4.000000E+04,   5.000000E+04,   4.500000E+04,   2.434479E+05,   0.000000E+00
  5.000000E+04,   6.000000E+04,   5.500000E+04,   2.031575E+05,   0.000000E+00
  6.000000E+04,   7.000000E+04,   6.500000E+04,   1.722926E+05,   0.000000E+00
  7.000000E+04,   8.000000E+04,   7.500000E+04,   1.470141E+05,   0.000000E+00
  8.000000E+04,   1.000000E+05,   9.000000E+04,   2.479293E+05,   0.000000E+00
  1.000000E+05,   1.500000E+05,   1.250000E+05,   3.887023E+05,   0.000000E+00
  1.500000E+05,   2.000000E+05,   1.750000E+05,   1.616010E+05,   0.000000E+00
  2.000000E+05,   3.000000E+05,   2.500000E+05,   8.312131E+04,   0.000000E+00
  3.000000E+05,   4.000000E+05,   3.500000E+05,   1.264018E+04,   0.000000E+00
  4.000000E+05,   5.000000E+05,   4.500000E+05,   7.702569E+01,   0.000000E+00
  5.000000E+05,   8.000000E+05,   6.500000E+05,   1.002572E+01,   0.000000E+00
  8.000000E+05,   1.000000E+06,   0.000000E+00,   0.000000E+00,   0.000000E+00
'End of Block'
'*',    13,     3,     4,     0,     5,     5,    46,    -1
'OMNIDIRECTIONAL FLUENCE ANALYSIS'
'MULASSIS ml-v01-19'
'geant4-09-02-ref-00 (19-December-2008)'
'FLU_BDY', 1, 2, ' '
'FLU_PAR, -1, neutron '
'FLU_AMN', 1, 0., 'deg'
'FLU_AMX', 1, 90., 'deg'
'Elo','keV', 1, ' Lower edge of energy    bin '
'Eup','keV', 1, ' Upper edge of energy    bin '
'Emean','keV', 1, ' Mean energy of bin '
'Value','particles/cm2/bin',1,             'Fluence/flux'
'Error','particles/cm2/bin',1,'Error in   fluence/flux'
  0.000000E+00,   4.000000E+01,   2.000000E+01,   7.425604E+05,   0.000000E+00
  4.000000E+01,   1.000000E+02,   7.000000E+01,   1.113841E+06,   0.000000E+00
  1.000000E+02,   2.000000E+02,   1.500000E+02,   1.856401E+06,   0.000000E+00
  2.000000E+02,   3.000000E+02,   2.500000E+02,   1.856401E+06,   0.000000E+00
  3.000000E+02,   4.000000E+02,   3.500000E+02,   1.856401E+06,   0.000000E+00
  4.000000E+02,   5.000000E+02,   4.500000E+02,   1.856401E+06,   0.000000E+00
  5.000000E+02,   6.000000E+02,   5.500000E+02,   1.856401E+06,   0.000000E+00
  6.000000E+02,   7.000000E+02,   6.500000E+02,   1.856401E+06,   0.000000E+00
  7.000000E+02,   8.000000E+02,   7.500000E+02,   1.856401E+06,   0.000000E+00
  8.000000E+02,   1.000000E+03,   9.000000E+02,   3.712802E+06,   0.000000E+00
  1.000000E+03,   1.250000E+03,   1.125000E+03,   4.641002E+06,   0.000000E+00
  1.250000E+03,   1.500000E+03,   1.375000E+03,   4.616834E+06,   0.000000E+00
  1.500000E+03,   1.750000E+03,   1.625000E+03,   4.576461E+06,   0.000000E+00
  1.750000E+03,   2.000000E+03,   1.875000E+03,   4.548201E+06,   0.000000E+00
  2.000000E+03,   2.250000E+03,   2.125000E+03,   4.484983E+06,   0.000000E+00
  2.250000E+03,   2.500000E+03,   2.375000E+03,   4.450383E+06,   0.000000E+00
  2.500000E+03,   2.750000E+03,   2.625000E+03,   4.374791E+06,   0.000000E+00
  2.750000E+03,   3.000000E+03,   2.875000E+03,   4.288041E+06,   0.000000E+00
  3.000000E+03,   3.250000E+03,   3.125000E+03,   4.170106E+06,   0.000000E+00
  3.250000E+03,   3.500000E+03,   3.375000E+03,   4.134965E+06,   0.000000E+00
  3.500000E+03,   3.750000E+03,   3.625000E+03,   3.986148E+06,   0.000000E+00
  3.750000E+03,   4.000000E+03,   3.875000E+03,   3.945697E+06,   0.000000E+00
  4.000000E+03,   4.250000E+03,   4.125000E+03,   3.709119E+06,   0.000000E+00
  4.250000E+03,   4.500000E+03,   4.375000E+03,   3.667746E+06,   0.000000E+00
  4.500000E+03,   4.750000E+03,   4.625000E+03,   3.544639E+06,   0.000000E+00
  4.750000E+03,   5.000000E+03,   4.875000E+03,   3.426397E+06,   0.000000E+00
  5.000000E+03,   5.500000E+03,   5.250000E+03,   6.610818E+06,   0.000000E+00
  5.500000E+03,   6.000000E+03,   5.750000E+03,   6.255072E+06,   0.000000E+00
  6.000000E+03,   6.500000E+03,   6.250000E+03,   5.707143E+06,   0.000000E+00
  6.500000E+03,   7.000000E+03,   6.750000E+03,   5.445594E+06,   0.000000E+00
  7.000000E+03,   1.000000E+04,   8.500000E+03,   2.670685E+07,   0.000000E+00
  1.000000E+04,   2.000000E+04,   1.500000E+04,   4.814336E+07,   0.000000E+00
  2.000000E+04,   3.000000E+04,   2.500000E+04,   2.509666E+07,   0.000000E+00
  3.000000E+04,   4.000000E+04,   3.500000E+04,   1.729419E+07,   0.000000E+00
  4.000000E+04,   5.000000E+04,   4.500000E+04,   1.282083E+07,   0.000000E+00
  5.000000E+04,   6.000000E+04,   5.500000E+04,   9.895413E+06,   0.000000E+00
  6.000000E+04,   7.000000E+04,   6.500000E+04,   7.728769E+06,   0.000000E+00
  7.000000E+04,   8.000000E+04,   7.500000E+04,   6.210306E+06,   0.000000E+00
  8.000000E+04,   1.000000E+05,   9.000000E+04,   9.281629E+06,   0.000000E+00
  1.000000E+05,   1.500000E+05,   1.250000E+05,   1.320856E+07,   0.000000E+00
  1.500000E+05,   2.000000E+05,   1.750000E+05,   5.985272E+06,   0.000000E+00
  2.000000E+05,   3.000000E+05,   2.500000E+05,   3.303636E+06,   0.000000E+00
  3.000000E+05,   4.000000E+05,   3.500000E+05,   3.237527E+05,   0.000000E+00
  4.000000E+05,   5.000000E+05,   4.500000E+05,   1.690176E+03,   0.000000E+00
  5.000000E+05,   8.000000E+05,   6.500000E+05,   9.355264E+01,   0.000000E+00
  8.000000E+05,   1.000000E+06,   0.000000E+00,   0.000000E+00,   0.000000E+00
'End of File'
