'*',    13,     3,     4,     0,     5,     5,    46,     2
'OMNIDIRECTIONAL FLUENCE ANALYSIS'
'MULASSIS ml-v01-19'
'geant4-09-02-ref-00 (19-December-2008)'
'FLU_BDY', 1, 2, ' '
'FLU_PAR, -1, proton  '
'FLU_AMN', 1, 0., 'deg'
'FLU_AMX', 1, 90., 'deg'
'Elo','keV', 1, ' Lower edge of energy    bin '
'Eup','keV', 1, ' Upper edge of energy    bin '
'Emean','keV', 1, ' Mean energy of bin '
'Value','particles/cm2/bin',1,             'Fluence/flux'
'Error','particles/cm2/bin',1,'Error in   fluence/flux'
  0.000000E+00,   4.000000E+01,   2.000000E+01,   3.052662E+05,   0.000000E+00
  4.000000E+01,   1.000000E+02,   7.000000E+01,   4.578993E+05,   0.000000E+00
  1.000000E+02,   2.000000E+02,   1.500000E+02,   7.631654E+05,   0.000000E+00
  2.000000E+02,   3.000000E+02,   2.500000E+02,   7.631654E+05,   0.000000E+00
  3.000000E+02,   4.000000E+02,   3.500000E+02,   7.631654E+05,   0.000000E+00
  4.000000E+02,   5.000000E+02,   4.500000E+02,   7.631654E+05,   0.000000E+00
  5.000000E+02,   6.000000E+02,   5.500000E+02,   7.631654E+05,   0.000000E+00
  6.000000E+02,   7.000000E+02,   6.500000E+02,   7.631654E+05,   0.000000E+00
  7.000000E+02,   8.000000E+02,   7.500000E+02,   7.631654E+05,   0.000000E+00
  8.000000E+02,   1.000000E+03,   9.000000E+02,   1.526331E+06,   0.000000E+00
  1.000000E+03,   1.250000E+03,   1.125000E+03,   1.907914E+06,   0.000000E+00
  1.250000E+03,   1.500000E+03,   1.375000E+03,   2.002691E+06,   0.000000E+00
  1.500000E+03,   1.750000E+03,   1.625000E+03,   2.161011E+06,   0.000000E+00
  1.750000E+03,   2.000000E+03,   1.875000E+03,   2.243151E+06,   0.000000E+00
  2.000000E+03,   2.250000E+03,   2.125000E+03,   2.426900E+06,   0.000000E+00
  2.250000E+03,   2.500000E+03,   2.375000E+03,   2.488936E+06,   0.000000E+00
  2.500000E+03,   2.750000E+03,   2.625000E+03,   2.624469E+06,   0.000000E+00
  2.750000E+03,   3.000000E+03,   2.875000E+03,   2.850277E+06,   0.000000E+00
  3.000000E+03,   3.250000E+03,   3.125000E+03,   3.045767E+06,   0.000000E+00
  3.250000E+03,   3.500000E+03,   3.375000E+03,   3.084225E+06,   0.000000E+00
  3.500000E+03,   3.750000E+03,   3.625000E+03,   3.247089E+06,   0.000000E+00
  3.750000E+03,   4.000000E+03,   3.875000E+03,   3.393471E+06,   0.000000E+00
  4.000000E+03,   4.250000E+03,   4.125000E+03,   3.701540E+06,   0.000000E+00
  4.250000E+03,   4.500000E+03,   4.375000E+03,   3.892958E+06,   0.000000E+00
  4.500000E+03,   4.750000E+03,   4.625000E+03,   3.988091E+06,   0.000000E+00
  4.750000E+03,   5.000000E+03,   4.875000E+03,   4.163015E+06,   0.000000E+00
  5.000000E+03,   5.500000E+03,   5.250000E+03,   8.585172E+06,   0.000000E+00
  5.500000E+03,   6.000000E+03,   5.750000E+03,   9.391042E+06,   0.000000E+00
  6.000000E+03,   6.500000E+03,   6.250000E+03,   1.021362E+07,   0.000000E+00
  6.500000E+03,   7.000000E+03,   6.750000E+03,   1.038627E+07,   0.000000E+00
  7.000000E+03,   1.000000E+04,   8.500000E+03,   7.741294E+07,   0.000000E+00
  1.000000E+04,   2.000000E+04,   1.500000E+04,   4.582488E+08,   0.000000E+00
  2.000000E+04,   3.000000E+04,   2.500000E+04,   6.594972E+08,   0.000000E+00
  3.000000E+04,   4.000000E+04,   3.500000E+04,   7.818672E+08,   0.000000E+00
  4.000000E+04,   5.000000E+04,   4.500000E+04,   9.514666E+08,   0.000000E+00
  5.000000E+04,   6.000000E+04,   5.500000E+04,   1.048668E+09,   0.000000E+00
  6.000000E+04,   7.000000E+04,   6.500000E+04,   1.049473E+09,   0.000000E+00
  7.000000E+04,   8.000000E+04,   7.500000E+04,   9.818336E+08,   0.000000E+00
  8.000000E+04,   1.000000E+05,   9.000000E+04,   1.802506E+09,   0.000000E+00
  1.000000E+05,   1.500000E+05,   1.250000E+05,   3.158022E+09,   0.000000E+00
  1.500000E+05,   2.000000E+05,   1.750000E+05,   1.952800E+09,   0.000000E+00
  2.000000E+05,   3.000000E+05,   2.500000E+05,   2.039019E+09,   0.000000E+00
  3.000000E+05,   4.000000E+05,   3.500000E+05,   5.998567E+08,   0.000000E+00
  4.000000E+05,   5.000000E+05,   4.500000E+05,   6.420254E+05,   0.000000E+00
  5.000000E+05,   8.000000E+05,   6.500000E+05,   2.066411E+05,   0.000000E+00
  8.000000E+05,   1.000000E+06,   0.000000E+00,   0.000000E+00,   0.000000E+00
'End of Block'
'*',    13,     3,     4,     0,     5,     5,    46,     1
'OMNIDIRECTIONAL FLUENCE ANALYSIS'
'MULASSIS ml-v01-19'
'geant4-09-02-ref-00 (19-December-2008)'
'FLU_BDY', 1, 2, ' '
'FLU_PAR, -1, e-      '
'FLU_AMN', 1, 0., 'deg'
'FLU_AMX', 1, 90., 'deg'
'Elo','keV', 1, ' Lower edge of energy    bin '
'Eup','keV', 1, ' Upper edge of energy    bin '
'Emean','keV', 1, ' Mean energy of bin '
'Value','particles/cm2/bin',1,             'Fluence/flux'
'Error','particles/cm2/bin',1,'Error in   fluence/flux'
  0.000000E+00,   4.000000E+01,   2.000000E+01,   6.816750E+08,   0.000000E+00
  4.000000E+01,   1.000000E+02,   7.000000E+01,   4.221094E+08,   0.000000E+00
  1.000000E+02,   2.000000E+02,   1.500000E+02,   2.616965E+08,   0.000000E+00
  2.000000E+02,   3.000000E+02,   2.500000E+02,   1.048700E+08,   0.000000E+00
  3.000000E+02,   4.000000E+02,   3.500000E+02,   5.266492E+07,   0.000000E+00
  4.000000E+02,   5.000000E+02,   4.500000E+02,   3.265530E+07,   0.000000E+00
  5.000000E+02,   6.000000E+02,   5.500000E+02,   2.342520E+07,   0.000000E+00
  6.000000E+02,   7.000000E+02,   6.500000E+02,   1.868974E+07,   0.000000E+00
  7.000000E+02,   8.000000E+02,   7.500000E+02,   1.561471E+07,   0.000000E+00
  8.000000E+02,   1.000000E+03,   9.000000E+02,   2.413739E+07,   0.000000E+00
  1.000000E+03,   1.250000E+03,   1.125000E+03,   2.002044E+07,   0.000000E+00
  1.250000E+03,   1.500000E+03,   1.375000E+03,   1.209085E+07,   0.000000E+00
  1.500000E+03,   1.750000E+03,   1.625000E+03,   6.719414E+06,   0.000000E+00
  1.750000E+03,   2.000000E+03,   1.875000E+03,   3.544815E+06,   0.000000E+00
  2.000000E+03,   2.250000E+03,   2.125000E+03,   1.766268E+06,   0.000000E+00
  2.250000E+03,   2.500000E+03,   2.375000E+03,   8.018374E+05,   0.000000E+00
  2.500000E+03,   2.750000E+03,   2.625000E+03,   3.510546E+05,   0.000000E+00
  2.750000E+03,   3.000000E+03,   2.875000E+03,   1.396643E+05,   0.000000E+00
  3.000000E+03,   3.250000E+03,   3.125000E+03,   5.567898E+04,   0.000000E+00
  3.250000E+03,   3.500000E+03,   3.375000E+03,   3.316323E+04,   0.000000E+00
  3.500000E+03,   3.750000E+03,   3.625000E+03,   2.760612E+04,   0.000000E+00
  3.750000E+03,   4.000000E+03,   3.875000E+03,   2.342909E+04,   0.000000E+00
  4.000000E+03,   4.250000E+03,   4.125000E+03,   2.055099E+04,   0.000000E+00
  4.250000E+03,   4.500000E+03,   4.375000E+03,   1.874280E+04,   0.000000E+00
  4.500000E+03,   4.750000E+03,   4.625000E+03,   1.771762E+04,   0.000000E+00
  4.750000E+03,   5.000000E+03,   4.875000E+03,   1.716380E+04,   0.000000E+00
  5.000000E+03,   5.500000E+03,   5.250000E+03,   3.359602E+04,   0.000000E+00
  5.500000E+03,   6.000000E+03,   5.750000E+03,   3.330351E+04,   0.000000E+00
  6.000000E+03,   6.500000E+03,   6.250000E+03,   3.325359E+04,   0.000000E+00
  6.500000E+03,   7.000000E+03,   6.750000E+03,   3.325359E+04,   0.000000E+00
  7.000000E+03,   1.000000E+04,   8.500000E+03,   1.995216E+05,   0.000000E+00
  1.000000E+04,   2.000000E+04,   1.500000E+04,   6.650719E+05,   0.000000E+00
  2.000000E+04,   3.000000E+04,   2.500000E+04,   6.650719E+05,   0.000000E+00
  3.000000E+04,   4.000000E+04,   3.500000E+04,   6.650719E+05,   0.000000E+00
  4.000000E+04,   5.000000E+04,   4.500000E+04,   6.486008E+05,   0.000000E+00
  5.000000E+04,   6.000000E+04,   5.500000E+04,   5.517189E+05,   0.000000E+00
  6.000000E+04,   7.000000E+04,   6.500000E+04,   4.754113E+05,   0.000000E+00
  7.000000E+04,   8.000000E+04,   7.500000E+04,   4.105885E+05,   0.000000E+00
  8.000000E+04,   1.000000E+05,   9.000000E+04,   7.004606E+05,   0.000000E+00
  1.000000E+05,   1.500000E+05,   1.250000E+05,   1.124340E+06,   0.000000E+00
  1.500000E+05,   2.000000E+05,   1.750000E+05,   4.860631E+05,   0.000000E+00
  2.000000E+05,   3.000000E+05,   2.500000E+05,   2.668712E+05,   0.000000E+00
  3.000000E+05,   4.000000E+05,   3.500000E+05,   4.835026E+04,   0.000000E+00
  4.000000E+05,   5.000000E+05,   4.500000E+05,   8.043354E+01,   0.000000E+00
  5.000000E+05,   8.000000E+05,   6.500000E+05,   1.047373E+01,   0.000000E+00
  8.000000E+05,   1.000000E+06,   0.000000E+00,   0.000000E+00,   0.000000E+00
'End of Block'
'*',    13,     3,     4,     0,     5,     5,    46,    -1
'OMNIDIRECTIONAL FLUENCE ANALYSIS'
'MULASSIS ml-v01-19'
'geant4-09-02-ref-00 (19-December-2008)'
'FLU_BDY', 1, 2, ' '
'FLU_PAR, -1, neutron '
'FLU_AMN', 1, 0., 'deg'
'FLU_AMX', 1, 90., 'deg'
'Elo','keV', 1, ' Lower edge of energy    bin '
'Eup','keV', 1, ' Upper edge of energy    bin '
'Emean','keV', 1, ' Mean energy of bin '
'Value','particles/cm2/bin',1,             'Fluence/flux'
'Error','particles/cm2/bin',1,'Error in   fluence/flux'
  0.000000E+00,   4.000000E+01,   2.000000E+01,   1.993569E+06,   0.000000E+00
  4.000000E+01,   1.000000E+02,   7.000000E+01,   2.990353E+06,   0.000000E+00
  1.000000E+02,   2.000000E+02,   1.500000E+02,   4.983922E+06,   0.000000E+00
  2.000000E+02,   3.000000E+02,   2.500000E+02,   4.983922E+06,   0.000000E+00
  3.000000E+02,   4.000000E+02,   3.500000E+02,   4.983922E+06,   0.000000E+00
  4.000000E+02,   5.000000E+02,   4.500000E+02,   4.983922E+06,   0.000000E+00
  5.000000E+02,   6.000000E+02,   5.500000E+02,   4.983922E+06,   0.000000E+00
  6.000000E+02,   7.000000E+02,   6.500000E+02,   4.983922E+06,   0.000000E+00
  7.000000E+02,   8.000000E+02,   7.500000E+02,   4.983922E+06,   0.000000E+00
  8.000000E+02,   1.000000E+03,   9.000000E+02,   9.967843E+06,   0.000000E+00
  1.000000E+03,   1.250000E+03,   1.125000E+03,   1.245980E+07,   0.000000E+00
  1.250000E+03,   1.500000E+03,   1.375000E+03,   1.240215E+07,   0.000000E+00
  1.500000E+03,   1.750000E+03,   1.625000E+03,   1.230585E+07,   0.000000E+00
  1.750000E+03,   2.000000E+03,   1.875000E+03,   1.223768E+07,   0.000000E+00
  2.000000E+03,   2.250000E+03,   2.125000E+03,   1.208517E+07,   0.000000E+00
  2.250000E+03,   2.500000E+03,   2.375000E+03,   1.200049E+07,   0.000000E+00
  2.500000E+03,   2.750000E+03,   2.625000E+03,   1.181549E+07,   0.000000E+00
  2.750000E+03,   3.000000E+03,   2.875000E+03,   1.160233E+07,   0.000000E+00
  3.000000E+03,   3.250000E+03,   3.125000E+03,   1.130599E+07,   0.000000E+00
  3.250000E+03,   3.500000E+03,   3.375000E+03,   1.121565E+07,   0.000000E+00
  3.500000E+03,   3.750000E+03,   3.625000E+03,   1.083311E+07,   0.000000E+00
  3.750000E+03,   4.000000E+03,   3.875000E+03,   1.073553E+07,   0.000000E+00
  4.000000E+03,   4.250000E+03,   4.125000E+03,   1.012540E+07,   0.000000E+00
  4.250000E+03,   4.500000E+03,   4.375000E+03,   1.002532E+07,   0.000000E+00
  4.500000E+03,   4.750000E+03,   4.625000E+03,   9.701586E+06,   0.000000E+00
  4.750000E+03,   5.000000E+03,   4.875000E+03,   9.397258E+06,   0.000000E+00
  5.000000E+03,   5.500000E+03,   5.250000E+03,   1.816072E+07,   0.000000E+00
  5.500000E+03,   6.000000E+03,   5.750000E+03,   1.723508E+07,   0.000000E+00
  6.000000E+03,   6.500000E+03,   6.250000E+03,   1.578401E+07,   0.000000E+00
  6.500000E+03,   7.000000E+03,   6.750000E+03,   1.507258E+07,   0.000000E+00
  7.000000E+03,   1.000000E+04,   8.500000E+03,   7.446151E+07,   0.000000E+00
  1.000000E+04,   2.000000E+04,   1.500000E+04,   1.350766E+08,   0.000000E+00
  2.000000E+04,   3.000000E+04,   2.500000E+04,   6.992208E+07,   0.000000E+00
  3.000000E+04,   4.000000E+04,   3.500000E+04,   4.830168E+07,   0.000000E+00
  4.000000E+04,   5.000000E+04,   4.500000E+04,   3.608521E+07,   0.000000E+00
  5.000000E+04,   6.000000E+04,   5.500000E+04,   2.805698E+07,   0.000000E+00
  6.000000E+04,   7.000000E+04,   6.500000E+04,   2.213066E+07,   0.000000E+00
  7.000000E+04,   8.000000E+04,   7.500000E+04,   1.792000E+07,   0.000000E+00
  8.000000E+04,   1.000000E+05,   9.000000E+04,   2.709411E+07,   0.000000E+00
  1.000000E+05,   1.500000E+05,   1.250000E+05,   3.940769E+07,   0.000000E+00
  1.500000E+05,   2.000000E+05,   1.750000E+05,   1.840012E+07,   0.000000E+00
  2.000000E+05,   3.000000E+05,   2.500000E+05,   1.074552E+07,   0.000000E+00
  3.000000E+05,   4.000000E+05,   3.500000E+05,   1.272313E+06,   0.000000E+00
  4.000000E+05,   5.000000E+05,   4.500000E+05,   1.765013E+03,   0.000000E+00
  5.000000E+05,   8.000000E+05,   6.500000E+05,   9.773310E+01,   0.000000E+00
  8.000000E+05,   1.000000E+06,   0.000000E+00,   0.000000E+00,   0.000000E+00
'End of File'
